<?xml version="1.0" encoding="utf-8"?>
<COLLADA xmlns="http://www.collada.org/2005/11/COLLADASchema" version="1.4.1">
  <asset><contributor><author>Mixamo</author><authoring_tool>COLLADA Mixamo exporter</authoring_tool><comments></comments></contributor><created>2019-12-01T03:13:41Z</created><modified>2019-12-01T03:13:41Z</modified><revision></revision><title></title><unit meter="0.010000"/><up_axis>Y_UP</up_axis></asset>
  <library_animations>
    <animation id="Hips-anim" name="Hips"><source id="Hips-Matrix-animation-input"><float_array id="Hips-Matrix-animation-input-array" count="61">

0.000000 0.033333 0.066667 0.100000 0.133333 0.166667 0.200000 0.233333 0.266667 0.300000 0.333333 0.366667 0.400000 0.433333 0.466667 0.500000
0.533333 0.566667 0.600000 0.633333 0.666667 0.700000 0.733333 0.766667 0.800000 0.833333 0.866667 0.900000 0.933333 0.966667 1.000000 1.033333
1.066667 1.100000 1.133333 1.166667 1.200000 1.233333 1.266667 1.300000 1.333333 1.366667 1.400000 1.433333 1.466667 1.500000 1.533333 1.566667
1.600000 1.633333 1.666667 1.700000 1.733333 1.766667 1.800000 1.833333 1.866667 1.900000 1.933333 1.966667 2.000000</float_array><technique_common><accessor source="#Hips-Matrix-animation-input-array" count="61"><param name="TIME" type="float"/></accessor></technique_common></source><source id="Hips-Matrix-animation-output-transform"><float_array id="Hips-Matrix-animation-output-transform-array" count="976">

0.932401 -0.034051 -0.359818 0.574637 -0.046203 0.976154 -0.212103 101.494064 0.358461 0.214390 0.908594 -1.204855 0.000000 0.000000 0.000000 1.000000
0.931649 -0.027548 -0.362314 0.493558 -0.050119 0.977848 -0.203226 101.615021 0.359887 0.207494 0.909631 -1.306620 0.000000 0.000000 0.000000 1.000000
0.930638 -0.021316 -0.365320 0.460009 -0.053861 0.979451 -0.194357 101.723114 0.361956 0.200553 0.910366 -1.368978 0.000000 0.000000 0.000000 1.000000
0.929160 -0.015649 -0.369347 0.514930 -0.057268 0.980949 -0.185630 101.806541 0.365215 0.193632 0.910563 -1.359312 0.000000 0.000000 0.000000 1.000000
0.927738 -0.011165 -0.373064 0.711426 -0.059713 0.982237 -0.177892 101.868355 0.368424 0.187314 0.910592 -1.290445 0.000000 0.000000 0.000000 1.000000
0.926592 -0.008349 -0.375976 0.987071 -0.061465 0.982948 -0.173307 101.950264 0.371012 0.183694 0.910278 -1.291384 0.000000 0.000000 0.000000 1.000000
0.926059 -0.012422 -0.377174 1.107011 -0.059806 0.981997 -0.179179 101.968338 0.372610 0.188488 0.908644 -1.439244 0.000000 0.000000 0.000000 1.000000
0.926813 -0.016800 -0.375147 0.961173 -0.055708 0.981794 -0.181596 102.027191 0.371368 0.189204 0.909004 -1.609557 0.000000 0.000000 0.000000 1.000000
0.931119 -0.018957 -0.364222 0.467666 -0.044249 0.985399 -0.164409 102.221497 0.362021 0.169200 0.916685 -1.531510 0.000000 0.000000 0.000000 1.000000
0.939405 -0.015399 -0.342464 -0.273574 -0.024705 0.993352 -0.112435 102.708893 0.341919 0.114083 0.932779 -0.936593 0.000000 0.000000 0.000000 1.000000
0.950157 -0.006506 -0.311705 -1.166382 -0.002099 0.999626 -0.027263 103.551582 0.311765 0.026558 0.949788 0.221570 0.000000 0.000000 0.000000 1.000000
0.961061 0.001604 -0.276333 -2.196965 0.018594 0.997342 0.070457 104.467041 0.275711 -0.072852 0.958476 1.721791 0.000000 0.000000 0.000000 1.000000
0.968905 0.004652 -0.247389 -3.263737 0.035200 0.987063 0.156424 104.943840 0.244916 -0.160268 0.956206 3.145443 0.000000 0.000000 0.000000 1.000000
0.971595 0.002255 -0.236640 -4.173584 0.050570 0.974879 0.216919 104.793419 0.231185 -0.222725 0.947073 4.063160 0.000000 0.000000 0.000000 1.000000
0.969994 -0.003618 -0.243102 -4.858386 0.066335 0.965892 0.250305 104.234451 0.233905 -0.258921 0.937149 4.335981 0.000000 0.000000 0.000000 1.000000
0.966886 -0.012471 -0.254903 -5.469206 0.082518 0.960431 0.266013 103.559464 0.241499 -0.278238 0.929657 4.125778 0.000000 0.000000 0.000000 1.000000
0.964708 -0.025432 -0.262090 -6.187706 0.100378 0.955688 0.276739 102.916428 0.243438 -0.293281 0.924513 3.629961 0.000000 0.000000 0.000000 1.000000
0.964111 -0.042193 -0.262126 -7.029081 0.119166 0.951026 0.285219 102.300621 0.237255 -0.306219 0.921922 2.940454 0.000000 0.000000 0.000000 1.000000
0.964002 -0.062118 -0.258536 -7.884835 0.137584 0.948572 0.285099 101.609222 0.227530 -0.310406 0.922972 2.113157 0.000000 0.000000 0.000000 1.000000
0.962533 -0.082729 -0.258236 -8.624259 0.155347 0.948789 0.275076 100.773918 0.222255 -0.304886 0.926092 1.215480 0.000000 0.000000 0.000000 1.000000
0.958237 -0.102646 -0.266920 -9.179121 0.173850 0.950180 0.258718 99.784004 0.227066 -0.294317 0.928342 0.261110 0.000000 0.000000 0.000000 1.000000
0.951120 -0.121900 -0.283746 -9.496413 0.193071 0.951815 0.238267 98.764244 0.241029 -0.281404 0.928826 -0.748654 0.000000 0.000000 0.000000 1.000000
0.942824 -0.140179 -0.302378 -9.581372 0.210497 0.953852 0.214142 97.863358 0.258405 -0.265548 0.928822 -1.802441 0.000000 0.000000 0.000000 1.000000
0.935552 -0.156383 -0.316680 -9.512825 0.223288 0.956595 0.187264 97.154678 0.273650 -0.245906 0.929863 -2.889431 0.000000 0.000000 0.000000 1.000000
0.930740 -0.169928 -0.323802 -9.392191 0.230806 0.959798 0.159737 96.660248 0.283641 -0.223409 0.932543 -3.985363 0.000000 0.000000 0.000000 1.000000
0.928466 -0.181094 -0.324277 -9.282305 0.234463 0.962904 0.133574 96.387825 0.288058 -0.200050 0.936484 -5.041197 0.000000 0.000000 0.000000 1.000000
0.928061 -0.189151 -0.320819 -9.158025 0.235075 0.965655 0.110683 96.318031 0.288865 -0.178137 0.940651 -5.988924 0.000000 0.000000 0.000000 1.000000
0.928590 -0.192174 -0.317475 -8.921991 0.232147 0.968232 0.092921 96.412216 0.289532 -0.159987 0.943703 -6.777354 0.000000 0.000000 0.000000 1.000000
0.928212 -0.190282 -0.319711 -8.515345 0.225809 0.971073 0.077633 96.647835 0.295691 -0.144253 0.944329 -7.411486 0.000000 0.000000 0.000000 1.000000
0.924468 -0.187312 -0.332074 -8.020491 0.217714 0.974377 0.056484 97.014679 0.312985 -0.124515 0.941560 -7.932792 0.000000 0.000000 0.000000 1.000000
0.917065 -0.186940 -0.352201 -7.565275 0.208881 0.977622 0.024986 97.482452 0.339648 -0.096482 0.935591 -8.359571 0.000000 0.000000 0.000000 1.000000
0.909401 -0.188451 -0.370777 -7.158193 0.198328 0.980066 -0.011690 97.978973 0.365589 -0.062905 0.928648 -8.669121 0.000000 0.000000 0.000000 1.000000
0.904955 -0.188460 -0.381496 -6.719174 0.185446 0.981623 -0.045024 98.404411 0.382970 -0.030002 0.923273 -8.830179 0.000000 0.000000 0.000000 1.000000
0.903685 -0.185352 -0.386003 -6.217843 0.171626 0.982668 -0.070062 98.720955 0.392299 -0.002934 0.919833 -8.842182 0.000000 0.000000 0.000000 1.000000
0.903337 -0.180308 -0.389192 -5.685702 0.158070 0.983434 -0.088723 98.958931 0.398742 0.018627 0.916874 -8.716029 0.000000 0.000000 0.000000 1.000000
0.902589 -0.175314 -0.393190 -5.151335 0.144599 0.983722 -0.106683 99.156212 0.405493 0.039436 0.913247 -8.464939 0.000000 0.000000 0.000000 1.000000
0.902195 -0.171123 -0.395931 -4.615866 0.131002 0.983282 -0.126468 99.315178 0.410953 0.062231 0.909530 -8.114188 0.000000 0.000000 0.000000 1.000000
0.903568 -0.166954 -0.394577 -4.085196 0.117991 0.982306 -0.145440 99.434616 0.411877 0.084858 0.907280 -7.691435 0.000000 0.000000 0.000000 1.000000
0.906711 -0.161476 -0.389616 -3.568238 0.106226 0.981457 -0.159555 99.535339 0.408156 0.103283 0.907051 -7.204825 0.000000 0.000000 0.000000 1.000000
0.910177 -0.154323 -0.384399 -3.036618 0.095552 0.981201 -0.167673 99.652405 0.403048 0.115882 0.907812 -6.657411 0.000000 0.000000 0.000000 1.000000
0.912886 -0.146219 -0.381128 -2.457624 0.085196 0.981332 -0.172424 99.812111 0.399225 0.124933 0.908301 -6.070890 0.000000 0.000000 0.000000 1.000000
0.915199 -0.137911 -0.378671 -1.887368 0.074141 0.981204 -0.178164 99.987556 0.396125 0.134981 0.908221 -5.466867 0.000000 0.000000 0.000000 1.000000
0.917872 -0.129453 -0.375172 -1.425054 0.061677 0.980351 -0.187373 100.120239 0.392056 0.148845 0.907820 -4.845428 0.000000 0.000000 0.000000 1.000000
0.920623 -0.120870 -0.371274 -1.062967 0.048503 0.978916 -0.198423 100.201103 0.387429 0.164665 0.907075 -4.207554 0.000000 0.000000 0.000000 1.000000
0.922654 -0.113313 -0.368606 -0.704490 0.036783 0.977356 -0.208378 100.266708 0.383872 0.178703 0.905929 -3.578295 0.000000 0.000000 0.000000 1.000000
0.924151 -0.107925 -0.366467 -0.297360 0.027741 0.975692 -0.217384 100.333946 0.381020 0.190729 0.904680 -2.979240 0.000000 0.000000 0.000000 1.000000
0.925840 -0.104181 -0.363272 0.129856 0.020623 0.973747 -0.226697 100.395493 0.377352 0.202394 0.903682 -2.415926 0.000000 0.000000 0.000000 1.000000
0.927507 -0.100816 -0.359953 0.527239 0.014337 0.971830 -0.235248 100.449844 0.373530 0.213034 0.902824 -1.906952 0.000000 0.000000 0.000000 1.000000
0.928375 -0.097630 -0.358592 0.869529 0.008563 0.970242 -0.241987 100.503761 0.371546 0.221584 0.901584 -1.474117 0.000000 0.000000 0.000000 1.000000
0.928394 -0.094803 -0.359301 1.148067 0.003077 0.968837 -0.247681 100.566139 0.371585 0.228840 0.899754 -1.116344 0.000000 0.000000 0.000000 1.000000
0.928213 -0.091850 -0.360533 1.356925 -0.002408 0.967543 -0.252694 100.639999 0.372041 0.235422 0.897865 -0.827835 0.000000 0.000000 0.000000 1.000000
0.928316 -0.088139 -0.361193 1.500547 -0.007867 0.966620 -0.256095 100.703773 0.371709 0.240578 0.896635 -0.608245 0.000000 0.000000 0.000000 1.000000
0.928584 -0.083721 -0.361557 1.588568 -0.013161 0.966181 -0.257527 100.730225 0.370890 0.243894 0.896078 -0.452748 0.000000 0.000000 0.000000 1.000000
0.928688 -0.079288 -0.362287 1.620191 -0.018084 0.966035 -0.257776 100.727310 0.370421 0.245945 0.895712 -0.358087 0.000000 0.000000 0.000000 1.000000
0.928730 -0.074976 -0.363096 1.568176 -0.022332 0.966248 -0.256642 100.745331 0.370083 0.246460 0.895710 -0.349379 0.000000 0.000000 0.000000 1.000000
0.929332 -0.069665 -0.362614 1.440147 -0.026373 0.967010 -0.253371 100.811295 0.368303 0.245029 0.896836 -0.418160 0.000000 0.000000 0.000000 1.000000
0.930525 -0.063083 -0.360753 1.251174 -0.030345 0.968385 -0.247609 100.922958 0.364968 0.241353 0.899193 -0.555412 0.000000 0.000000 0.000000 1.000000
0.931902 -0.055532 -0.358435 1.035227 -0.034297 0.970291 -0.239498 101.067963 0.361086 0.235482 0.902311 -0.737160 0.000000 0.000000 0.000000 1.000000
0.932762 -0.047921 -0.357294 0.841741 -0.038252 0.972372 -0.230281 101.219612 0.358458 0.228465 0.905159 -0.918596 0.000000 0.000000 0.000000 1.000000
0.932852 -0.040784 -0.357944 0.690595 -0.042228 0.974344 -0.221067 101.361870 0.357777 0.221338 0.907196 -1.074598 0.000000 0.000000 0.000000 1.000000
0.932401 -0.034051 -0.359818 0.574637 -0.046203 0.976154 -0.212103 101.494064 0.358461 0.214390 0.908594 -1.204855 0.000000 0.000000 0.000000 1.000000</float_array><technique_common><accessor source="#Hips-Matrix-animation-output-transform-array" count="61" stride="16"><param type="float4x4"/></accessor></technique_common></source><source id="Hips-Interpolations"><Name_array id="Hips-Interpolations-array" count="61">
 LINEAR LINEAR LINEAR LINEAR LINEAR LINEAR LINEAR LINEAR LINEAR LINEAR LINEAR
LINEAR LINEAR LINEAR LINEAR LINEAR LINEAR LINEAR LINEAR LINEAR LINEAR LINEAR LINEAR
LINEAR LINEAR LINEAR LINEAR LINEAR LINEAR LINEAR LINEAR LINEAR LINEAR LINEAR LINEAR
LINEAR LINEAR LINEAR LINEAR LINEAR LINEAR LINEAR LINEAR LINEAR LINEAR LINEAR LINEAR
LINEAR LINEAR LINEAR LINEAR LINEAR LINEAR LINEAR LINEAR LINEAR LINEAR LINEAR LINEAR
LINEAR LINEAR</Name_array><technique_common><accessor source="#Hips-Interpolations-array" count="61"><param type="name"/></accessor></technique_common></source><sampler id="Hips-Matrix-animation-transform"><input semantic="INPUT" source="#Hips-Matrix-animation-input"/><input semantic="OUTPUT" source="#Hips-Matrix-animation-output-transform"/><input semantic="INTERPOLATION" source="#Hips-Interpolations"/></sampler><channel source="#Hips-Matrix-animation-transform" target="Hips/matrix"/></animation>
    <animation id="Spine-anim" name="Spine"><source id="Spine-Matrix-animation-input"><float_array id="Spine-Matrix-animation-input-array" count="61">

0.000000 0.033333 0.066667 0.100000 0.133333 0.166667 0.200000 0.233333 0.266667 0.300000 0.333333 0.366667 0.400000 0.433333 0.466667 0.500000
0.533333 0.566667 0.600000 0.633333 0.666667 0.700000 0.733333 0.766667 0.800000 0.833333 0.866667 0.900000 0.933333 0.966667 1.000000 1.033333
1.066667 1.100000 1.133333 1.166667 1.200000 1.233333 1.266667 1.300000 1.333333 1.366667 1.400000 1.433333 1.466667 1.500000 1.533333 1.566667
1.600000 1.633333 1.666667 1.700000 1.733333 1.766667 1.800000 1.833333 1.866667 1.900000 1.933333 1.966667 2.000000</float_array><technique_common><accessor source="#Spine-Matrix-animation-input-array" count="61"><param name="TIME" type="float"/></accessor></technique_common></source><source id="Spine-Matrix-animation-output-transform"><float_array id="Spine-Matrix-animation-output-transform-array" count="976">

0.999493 0.029986 0.010673 0.030900 -0.027605 0.983594 -0.178270 11.006600 -0.015844 0.177885 0.983924 0.107900 0.000000 0.000000 0.000000 1.000000
0.999490 0.030317 0.009984 0.030900 -0.028039 0.983411 -0.179210 11.006600 -0.015252 0.178839 0.983760 0.107900 0.000000 0.000000 0.000000 1.000000
0.999528 0.029437 0.008735 0.030900 -0.027402 0.983504 -0.178801 11.006600 -0.013855 0.178478 0.983846 0.107900 0.000000 0.000000 0.000000 1.000000
0.999605 0.027343 0.006523 0.030900 -0.025749 0.983748 -0.177697 11.006600 -0.011276 0.177458 0.984064 0.107900 0.000000 0.000000 0.000000 1.000000
0.999693 0.024597 0.002936 0.030900 -0.023689 0.983931 -0.176971 11.006600 -0.007242 0.176847 0.984212 0.107900 0.000000 0.000000 0.000000 1.000000
0.999736 0.022873 -0.002150 0.030900 -0.022891 0.983783 -0.177899 11.006600 -0.001954 0.177901 0.984046 0.107900 0.000000 0.000000 0.000000 1.000000
0.999685 0.023645 -0.008375 0.030900 -0.024768 0.983290 -0.180352 11.006600 0.003970 0.180503 0.983566 0.107900 0.000000 0.000000 0.000000 1.000000
0.999540 0.026510 -0.014757 0.030900 -0.028750 0.982983 -0.181433 11.006600 0.009696 0.181774 0.983292 0.107900 0.000000 0.000000 0.000000 1.000000
0.999412 0.028169 -0.019570 0.030900 -0.031185 0.983818 -0.176435 11.006600 0.014283 0.176941 0.984118 0.107900 0.000000 0.000000 0.000000 1.000000
0.999506 0.023840 -0.020472 0.030900 -0.026842 0.986475 -0.161698 11.006600 0.016341 0.162168 0.986628 0.107900 0.000000 0.000000 0.000000 1.000000
0.999818 0.010653 -0.015826 0.030900 -0.012725 0.990461 -0.137207 11.006600 0.014213 0.137383 0.990416 0.107900 0.000000 0.000000 0.000000 1.000000
0.999935 -0.009783 -0.005853 0.030900 0.009104 0.994266 -0.106550 11.006600 0.006862 0.106490 0.994290 0.107900 0.000000 0.000000 0.000000 1.000000
0.999425 -0.032968 0.007897 0.030900 0.033465 0.996659 -0.074504 11.006600 -0.005414 0.074726 0.997189 0.107900 0.000000 0.000000 0.000000 1.000000
0.998265 -0.054089 0.023282 0.030900 0.055093 0.997470 -0.044916 11.006600 -0.020793 0.046120 0.998719 0.107900 0.000000 0.000000 0.000000 1.000000
0.996796 -0.070417 0.037945 0.030900 0.071233 0.997247 -0.020576 11.006600 -0.036391 0.023213 0.999068 0.107900 0.000000 0.000000 0.000000 1.000000
0.995464 -0.081411 0.049234 0.030900 0.081680 0.996653 -0.003476 11.006600 -0.048787 0.007481 0.998781 0.107900 0.000000 0.000000 0.000000 1.000000
0.994614 -0.088084 0.054632 0.030900 0.087884 0.996112 0.006053 11.006600 -0.054952 -0.001219 0.998488 0.107900 0.000000 0.000000 0.000000 1.000000
0.994337 -0.092003 0.053195 0.030900 0.091606 0.995746 0.009859 11.006600 -0.053875 -0.004930 0.998535 0.107900 0.000000 0.000000 0.000000 1.000000
0.994409 -0.094697 0.046720 0.030900 0.094295 0.995486 0.010739 11.006600 -0.047527 -0.006274 0.998850 0.107900 0.000000 0.000000 0.000000 1.000000
0.994489 -0.097268 0.039114 0.030900 0.096931 0.995236 0.010441 11.006600 -0.039944 -0.006592 0.999180 0.107900 0.000000 0.000000 0.000000 1.000000
0.994368 -0.100371 0.034029 0.030900 0.100124 0.994935 0.008903 11.006600 -0.034750 -0.005446 0.999381 0.107900 0.000000 0.000000 0.000000 1.000000
0.994010 -0.104289 0.032681 0.030900 0.104175 0.994545 0.005189 11.006600 -0.033044 -0.001754 0.999452 0.107900 0.000000 0.000000 0.000000 1.000000
0.993467 -0.109084 0.033516 0.030900 0.109184 0.994021 -0.001184 11.006600 -0.033186 0.004836 0.999437 0.107900 0.000000 0.000000 0.000000 1.000000
0.992836 -0.114620 0.033741 0.030900 0.115010 0.993315 -0.009859 11.006600 -0.032386 0.013669 0.999382 0.107900 0.000000 0.000000 0.000000 1.000000
0.992212 -0.120549 0.031371 0.030900 0.121214 0.992420 -0.020233 11.006600 -0.028694 0.023878 0.999303 0.107900 0.000000 0.000000 0.000000 1.000000
0.991623 -0.126438 0.026423 0.030900 0.127260 0.991348 -0.032158 11.006600 -0.022129 0.035251 0.999133 0.107900 0.000000 0.000000 0.000000 1.000000
0.991043 -0.131911 0.020839 0.030900 0.132748 0.990087 -0.045889 11.006600 -0.014579 0.048244 0.998729 0.107900 0.000000 0.000000 0.000000 1.000000
0.990468 -0.136639 0.017411 0.030900 0.137460 0.988610 -0.061283 11.006600 -0.008839 0.063092 0.997969 0.107900 0.000000 0.000000 0.000000 1.000000
0.989950 -0.140230 0.018277 0.030900 0.141232 0.986971 -0.077083 11.006600 -0.007230 0.078890 0.996857 0.107900 0.000000 0.000000 0.000000 1.000000
0.989551 -0.142238 0.023610 0.030900 0.143817 0.985393 -0.091202 11.006600 -0.010293 0.093645 0.995552 0.107900 0.000000 0.000000 0.000000 1.000000
0.989304 -0.142473 0.031299 0.030900 0.144960 0.984168 -0.101979 11.006600 -0.016275 0.105426 0.994294 0.107900 0.000000 0.000000 0.000000 1.000000
0.989242 -0.141228 0.038148 0.030900 0.144616 0.983424 -0.109381 11.006600 -0.022068 0.113721 0.993268 0.107900 0.000000 0.000000 0.000000 1.000000
0.989392 -0.139105 0.041876 0.030900 0.143073 0.983015 -0.114944 11.006600 -0.025176 0.119716 0.992489 0.107900 0.000000 0.000000 0.000000 1.000000
0.989749 -0.136418 0.042267 0.030900 0.140591 0.982718 -0.120412 11.006600 -0.025110 0.125120 0.991824 0.107900 0.000000 0.000000 0.000000 1.000000
0.990284 -0.132989 0.040645 0.030900 0.137126 0.982456 -0.126403 11.006600 -0.023121 0.130748 0.991146 0.107900 0.000000 0.000000 0.000000 1.000000
0.990974 -0.128422 0.038449 0.030900 0.132434 0.982321 -0.132315 11.006600 -0.020777 0.136213 0.990462 0.107900 0.000000 0.000000 0.000000 1.000000
0.991804 -0.122507 0.036300 0.030900 0.126377 0.982425 -0.137370 11.006600 -0.018833 0.140832 0.989854 0.107900 0.000000 0.000000 0.000000 1.000000
0.992724 -0.115465 0.034172 0.030900 0.119176 0.982728 -0.141570 11.006600 -0.017235 0.144612 0.989338 0.107900 0.000000 0.000000 0.000000 1.000000
0.993645 -0.107896 0.032071 0.030900 0.111445 0.983041 -0.145640 11.006600 -0.015813 0.148288 0.988818 0.107900 0.000000 0.000000 0.000000 1.000000
0.994476 -0.100484 0.030344 0.030900 0.103926 0.983180 -0.150189 11.006600 -0.014742 0.152512 0.988192 0.107900 0.000000 0.000000 0.000000 1.000000
0.995180 -0.093557 0.029409 0.030900 0.097006 0.983132 -0.155052 11.006600 -0.014406 0.157158 0.987468 0.107900 0.000000 0.000000 0.000000 1.000000
0.995797 -0.086764 0.029339 0.030900 0.090353 0.983060 -0.159467 11.006600 -0.015006 0.161448 0.986767 0.107900 0.000000 0.000000 0.000000 1.000000
0.996410 -0.079272 0.029728 0.030900 0.083075 0.983154 -0.162811 11.006600 -0.016321 0.164696 0.986209 0.107900 0.000000 0.000000 0.000000 1.000000
0.997069 -0.070401 0.029945 0.030900 0.074399 0.983470 -0.165080 11.006600 -0.017829 0.166824 0.985825 0.107900 0.000000 0.000000 0.000000 1.000000
0.997746 -0.060237 0.029555 0.030900 0.064339 0.983909 -0.166682 11.006600 -0.019039 0.168208 0.985568 0.107900 0.000000 0.000000 0.000000 1.000000
0.998362 -0.049583 0.028563 0.030900 0.053691 0.984334 -0.167940 11.006600 -0.019789 0.169199 0.985383 0.107900 0.000000 0.000000 0.000000 1.000000
0.998851 -0.039371 0.027307 0.030900 0.043430 0.984676 -0.168902 11.006600 -0.020239 0.169893 0.985255 0.107900 0.000000 0.000000 0.000000 1.000000
0.999206 -0.030093 0.026103 0.030900 0.034092 0.984931 -0.169555 11.006600 -0.020608 0.170310 0.985175 0.107900 0.000000 0.000000 0.000000 1.000000
0.999454 -0.021654 0.024964 0.030900 0.025590 0.985107 -0.170027 11.006600 -0.020910 0.170573 0.985123 0.107900 0.000000 0.000000 0.000000 1.000000
0.999627 -0.013605 0.023679 0.030900 0.017448 0.985202 -0.170505 11.006600 -0.021009 0.170855 0.985072 0.107900 0.000000 0.000000 0.000000 1.000000
0.999739 -0.005506 0.022189 0.030900 0.009223 0.985216 -0.171071 11.006600 -0.020919 0.171231 0.985009 0.107900 0.000000 0.000000 0.000000 1.000000
0.999780 0.002765 0.020781 0.030900 0.000844 0.985147 -0.171709 11.006600 -0.020947 0.171689 0.984928 0.107900 0.000000 0.000000 0.000000 1.000000
0.999744 0.010895 0.019831 0.030900 -0.007314 0.984998 -0.172413 11.006600 -0.021412 0.172224 0.984825 0.107900 0.000000 0.000000 0.000000 1.000000
0.999646 0.018249 0.019363 0.030900 -0.014623 0.984780 -0.173189 11.006600 -0.022229 0.172845 0.984698 0.107900 0.000000 0.000000 0.000000 1.000000
0.999529 0.024118 0.018957 0.030900 -0.020457 0.984534 -0.173994 11.006600 -0.022861 0.173524 0.984564 0.107900 0.000000 0.000000 0.000000 1.000000
0.999442 0.028070 0.018085 0.030900 -0.024483 0.984308 -0.174754 11.006600 -0.022706 0.174214 0.984446 0.107900 0.000000 0.000000 0.000000 1.000000
0.999409 0.030136 0.016552 0.030900 -0.026770 0.984127 -0.175433 11.006600 -0.021576 0.174886 0.984352 0.107900 0.000000 0.000000 0.000000 1.000000
0.999419 0.030768 0.014632 0.030900 -0.027715 0.983988 -0.176065 11.006600 -0.019815 0.175557 0.984270 0.107900 0.000000 0.000000 0.000000 1.000000
0.999449 0.030609 0.012815 0.030900 -0.027866 0.983866 -0.176724 11.006600 -0.018018 0.176269 0.984177 0.107900 0.000000 0.000000 0.000000 1.000000
0.999478 0.030221 0.011433 0.030900 -0.027715 0.983739 -0.177453 11.006600 -0.016610 0.177044 0.984063 0.107900 0.000000 0.000000 0.000000 1.000000
0.999493 0.029986 0.010673 0.030900 -0.027605 0.983594 -0.178270 11.006600 -0.015844 0.177885 0.983924 0.107900 0.000000 0.000000 0.000000 1.000000</float_array><technique_common><accessor source="#Spine-Matrix-animation-output-transform-array" count="61" stride="16"><param type="float4x4"/></accessor></technique_common></source><source id="Spine-Interpolations"><Name_array id="Spine-Interpolations-array" count="61">
 LINEAR LINEAR LINEAR LINEAR LINEAR LINEAR LINEAR LINEAR LINEAR LINEAR LINEAR
LINEAR LINEAR LINEAR LINEAR LINEAR LINEAR LINEAR LINEAR LINEAR LINEAR LINEAR LINEAR
LINEAR LINEAR LINEAR LINEAR LINEAR LINEAR LINEAR LINEAR LINEAR LINEAR LINEAR LINEAR
LINEAR LINEAR LINEAR LINEAR LINEAR LINEAR LINEAR LINEAR LINEAR LINEAR LINEAR LINEAR
LINEAR LINEAR LINEAR LINEAR LINEAR LINEAR LINEAR LINEAR LINEAR LINEAR LINEAR LINEAR
LINEAR LINEAR</Name_array><technique_common><accessor source="#Spine-Interpolations-array" count="61"><param type="name"/></accessor></technique_common></source><sampler id="Spine-Matrix-animation-transform"><input semantic="INPUT" source="#Spine-Matrix-animation-input"/><input semantic="OUTPUT" source="#Spine-Matrix-animation-output-transform"/><input semantic="INTERPOLATION" source="#Spine-Interpolations"/></sampler><channel source="#Spine-Matrix-animation-transform" target="Spine/matrix"/></animation>
    <animation id="Spine1-anim" name="Spine1"><source id="Spine1-Matrix-animation-input"><float_array id="Spine1-Matrix-animation-input-array" count="61">

0.000000 0.033333 0.066667 0.100000 0.133333 0.166667 0.200000 0.233333 0.266667 0.300000 0.333333 0.366667 0.400000 0.433333 0.466667 0.500000
0.533333 0.566667 0.600000 0.633333 0.666667 0.700000 0.733333 0.766667 0.800000 0.833333 0.866667 0.900000 0.933333 0.966667 1.000000 1.033333
1.066667 1.100000 1.133333 1.166667 1.200000 1.233333 1.266667 1.300000 1.333333 1.366667 1.400000 1.433333 1.466667 1.500000 1.533333 1.566667
1.600000 1.633333 1.666667 1.700000 1.733333 1.766667 1.800000 1.833333 1.866667 1.900000 1.933333 1.966667 2.000000</float_array><technique_common><accessor source="#Spine1-Matrix-animation-input-array" count="61"><param name="TIME" type="float"/></accessor></technique_common></source><source id="Spine1-Matrix-animation-output-transform"><float_array id="Spine1-Matrix-animation-output-transform-array" count="976">

0.999633 0.026236 0.006727 0.037200 -0.025150 0.991319 -0.129054 11.271000 -0.010054 0.128838 0.991615 0.102300 0.000000 0.000000 0.000000 1.000000
0.999640 0.026042 0.006421 0.037200 -0.024997 0.991327 -0.129021 11.271000 -0.009725 0.128814 0.991621 0.102300 0.000000 0.000000 0.000000 1.000000
0.999671 0.025023 0.005675 0.037200 -0.024090 0.991456 -0.128200 11.271000 -0.008835 0.128021 0.991732 0.102300 0.000000 0.000000 0.000000 1.000000
0.999721 0.023249 0.004145 0.037200 -0.022533 0.991620 -0.127208 11.271000 -0.007067 0.127079 0.991867 0.102300 0.000000 0.000000 0.000000 1.000000
0.999774 0.021186 0.001464 0.037200 -0.020829 0.991706 -0.126831 11.271000 -0.004139 0.126772 0.991923 0.102300 0.000000 0.000000 0.000000 1.000000
0.999797 0.019976 -0.002486 0.037200 -0.020130 0.991617 -0.127637 11.271000 -0.000084 0.127661 0.991818 0.102300 0.000000 0.000000 0.000000 1.000000
0.999759 0.020624 -0.007462 0.037200 -0.021415 0.991424 -0.128919 11.271000 0.004739 0.129048 0.991627 0.102300 0.000000 0.000000 0.000000 1.000000
0.999658 0.022858 -0.012701 0.037200 -0.024299 0.991450 -0.128205 11.271000 0.009662 0.128469 0.991666 0.102300 0.000000 0.000000 0.000000 1.000000
0.999559 0.024556 -0.016724 0.037200 -0.026424 0.992109 -0.122560 11.271000 0.013583 0.122948 0.992320 0.102300 0.000000 0.000000 0.000000 1.000000
0.999586 0.022828 -0.017512 0.037200 -0.024629 0.993553 -0.110661 11.271000 0.014872 0.111047 0.993704 0.102300 0.000000 0.000000 0.000000 1.000000
0.999784 0.015904 -0.013403 0.037200 -0.017092 0.995446 -0.093781 11.271000 0.011850 0.093990 0.995503 0.102300 0.000000 0.000000 0.000000 1.000000
0.999982 0.004345 -0.004171 0.037200 -0.004644 0.997205 -0.074574 11.271000 0.003835 0.074592 0.997207 0.102300 0.000000 0.000000 0.000000 1.000000
0.999917 -0.009393 0.008781 0.037200 0.009862 0.998437 -0.055016 11.271000 -0.008251 0.055098 0.998447 0.102300 0.000000 0.000000 0.000000 1.000000
0.999478 -0.022503 0.023162 0.037200 0.023330 0.999078 -0.036041 11.271000 -0.022330 0.036563 0.999082 0.102300 0.000000 0.000000 0.000000 1.000000
0.998781 -0.033244 0.036501 0.037200 0.033953 0.999243 -0.018976 11.271000 -0.035843 0.020192 0.999153 0.102300 0.000000 0.000000 0.000000 1.000000
0.998074 -0.041175 0.046392 0.037200 0.041497 0.999121 -0.006012 11.271000 -0.046104 0.007925 0.998905 0.102300 0.000000 0.000000 0.000000 1.000000
0.997611 -0.046681 0.050915 0.037200 0.046668 0.998909 0.001438 11.271000 -0.050927 0.000941 0.998702 0.102300 0.000000 0.000000 0.000000 1.000000
0.997499 -0.050347 0.049603 0.037200 0.050205 0.998730 0.004116 11.271000 -0.049747 -0.001616 0.998761 0.102300 0.000000 0.000000 0.000000 1.000000
0.997632 -0.052731 0.044148 0.037200 0.052598 0.998607 0.004151 11.271000 -0.044306 -0.001819 0.999016 0.102300 0.000000 0.000000 0.000000 1.000000
0.997803 -0.054432 0.037768 0.037200 0.054352 0.998517 0.003151 11.271000 -0.037883 -0.001092 0.999282 0.102300 0.000000 0.000000 0.000000 1.000000
0.997866 -0.056152 0.033335 0.037200 0.056140 0.998422 0.001279 11.271000 -0.033354 0.000595 0.999443 0.102300 0.000000 0.000000 0.000000 1.000000
0.997783 -0.058518 0.031702 0.037200 0.058614 0.998278 -0.002122 11.271000 -0.031523 0.003975 0.999495 0.102300 0.000000 0.000000 0.000000 1.000000
0.997589 -0.061817 0.031536 0.037200 0.062080 0.998043 -0.007430 11.271000 -0.031015 0.009370 0.999475 0.102300 0.000000 0.000000 0.000000 1.000000
0.997359 -0.065856 0.030620 0.037200 0.066320 0.997695 -0.014383 11.271000 -0.029603 0.016376 0.999428 0.102300 0.000000 0.000000 0.000000 1.000000
0.997159 -0.070126 0.027490 0.037200 0.070753 0.997239 -0.022544 11.271000 -0.025833 0.024425 0.999368 0.102300 0.000000 0.000000 0.000000 1.000000
0.996994 -0.074195 0.022317 0.037200 0.074885 0.996683 -0.031850 11.271000 -0.019879 0.033425 0.999243 0.102300 0.000000 0.000000 0.000000 1.000000
0.996814 -0.077981 0.016759 0.037200 0.078632 0.995995 -0.042549 11.271000 -0.013374 0.043731 0.998954 0.102300 0.000000 0.000000 0.000000 1.000000
0.996577 -0.081636 0.013042 0.037200 0.082230 0.995120 -0.054530 11.271000 -0.008527 0.055416 0.998427 0.102300 0.000000 0.000000 0.000000 1.000000
0.996285 -0.085170 0.012758 0.037200 0.085836 0.994071 -0.066741 11.271000 -0.006998 0.067588 0.997689 0.102300 0.000000 0.000000 0.000000 1.000000
0.995973 -0.088232 0.015914 0.037200 0.089206 0.992997 -0.077454 11.271000 -0.008968 0.078562 0.996869 0.102300 0.000000 0.000000 0.000000 1.000000
0.995695 -0.090313 0.020836 0.037200 0.091774 0.992116 -0.085342 11.271000 -0.012965 0.086887 0.996134 0.102300 0.000000 0.000000 0.000000 1.000000
0.995524 -0.091104 0.025139 0.037200 0.093025 0.991545 -0.090471 11.271000 -0.016684 0.092404 0.995582 0.102300 0.000000 0.000000 0.000000 1.000000
0.995515 -0.090620 0.027159 0.037200 0.092799 0.991219 -0.094193 11.271000 -0.018385 0.096291 0.995183 0.102300 0.000000 0.000000 0.000000 1.000000
0.995671 -0.089009 0.026758 0.037200 0.091224 0.991002 -0.097944 11.271000 -0.017800 0.099961 0.994832 0.102300 0.000000 0.000000 0.000000 1.000000
0.995952 -0.086362 0.024926 0.037200 0.088474 0.990828 -0.102142 11.271000 -0.015876 0.103934 0.994458 0.102300 0.000000 0.000000 0.000000 1.000000
0.996311 -0.082746 0.022745 0.037200 0.084706 0.990732 -0.106186 11.271000 -0.013748 0.107721 0.994086 0.102300 0.000000 0.000000 0.000000 1.000000
0.996714 -0.078311 0.020723 0.037200 0.080119 0.990762 -0.109418 11.271000 -0.011963 0.110718 0.993780 0.102300 0.000000 0.000000 0.000000 1.000000
0.997129 -0.073327 0.018891 0.037200 0.074988 0.990882 -0.111935 11.271000 -0.010511 0.113030 0.993536 0.102300 0.000000 0.000000 0.000000 1.000000
0.997529 -0.068104 0.017241 0.037200 0.069635 0.990982 -0.114481 11.271000 -0.009289 0.115399 0.993276 0.102300 0.000000 0.000000 0.000000 1.000000
0.997892 -0.062906 0.015953 0.037200 0.064350 0.990969 -0.117643 11.271000 -0.008408 0.118422 0.992928 0.102300 0.000000 0.000000 0.000000 1.000000
0.998208 -0.057860 0.015268 0.037200 0.059288 0.990852 -0.121233 11.271000 -0.008114 0.121921 0.992507 0.102300 0.000000 0.000000 0.000000 1.000000
0.998486 -0.052851 0.015264 0.037200 0.054344 0.990735 -0.124463 11.271000 -0.008545 0.125104 0.992107 0.102300 0.000000 0.000000 0.000000 1.000000
0.998745 -0.047549 0.015739 0.037200 0.049163 0.990727 -0.126659 11.271000 -0.009571 0.127274 0.991821 0.102300 0.000000 0.000000 0.000000 1.000000
0.999000 -0.041631 0.016296 0.037200 0.043376 0.990857 -0.127756 11.271000 -0.010829 0.128335 0.991672 0.102300 0.000000 0.000000 0.000000 1.000000
0.999247 -0.035081 0.016570 0.037200 0.036919 0.991067 -0.128156 11.271000 -0.011926 0.128672 0.991616 0.102300 0.000000 0.000000 0.000000 1.000000
0.999466 -0.028232 0.016430 0.037200 0.030109 0.991282 -0.128269 11.271000 -0.012665 0.128695 0.991603 0.102300 0.000000 0.000000 0.000000 1.000000
0.999640 -0.021522 0.016003 0.037200 0.023400 0.991464 -0.128264 11.271000 -0.013105 0.128592 0.991611 0.102300 0.000000 0.000000 0.000000 1.000000
0.999765 -0.015212 0.015474 0.037200 0.017072 0.991604 -0.128182 11.271000 -0.013395 0.128416 0.991630 0.102300 0.000000 0.000000 0.000000 1.000000
0.999846 -0.009303 0.014896 0.037200 0.011136 0.991699 -0.128099 11.271000 -0.013581 0.128245 0.991649 0.102300 0.000000 0.000000 0.000000 1.000000
0.999892 -0.003664 0.014218 0.037200 0.005456 0.991743 -0.128123 11.271000 -0.013631 0.128187 0.991656 0.102300 0.000000 0.000000 0.000000 1.000000
0.999907 0.001834 0.013498 0.037200 -0.000087 0.991734 -0.128307 11.271000 -0.013621 0.128294 0.991643 0.102300 0.000000 0.000000 0.000000 1.000000
0.999890 0.007224 0.012972 0.037200 -0.005496 0.991676 -0.128641 11.271000 -0.013794 0.128556 0.991606 0.102300 0.000000 0.000000 0.000000 1.000000
0.999840 0.012415 0.012842 0.037200 -0.010654 0.991578 -0.129074 11.271000 -0.014336 0.128917 0.991552 0.102300 0.000000 0.000000 0.000000 1.000000
0.999768 0.017179 0.012990 0.037200 -0.015353 0.991459 -0.129512 11.271000 -0.015104 0.129283 0.991493 0.102300 0.000000 0.000000 0.000000 1.000000
0.999691 0.021208 0.012984 0.037200 -0.019345 0.991349 -0.129822 11.271000 -0.015625 0.129531 0.991452 0.102300 0.000000 0.000000 0.000000 1.000000
0.999630 0.024233 0.012393 0.037200 -0.022420 0.991273 -0.129905 11.271000 -0.015433 0.129579 0.991449 0.102300 0.000000 0.000000 0.000000 1.000000
0.999597 0.026129 0.011140 0.037200 -0.024464 0.991243 -0.129761 11.271000 -0.014433 0.129436 0.991483 0.102300 0.000000 0.000000 0.000000 1.000000
0.999590 0.026981 0.009557 0.037200 -0.025518 0.991252 -0.129493 11.271000 -0.012967 0.129196 0.991534 0.102300 0.000000 0.000000 0.000000 1.000000
0.999601 0.027063 0.008120 0.037200 -0.025788 0.991278 -0.129238 11.271000 -0.011547 0.128977 0.991580 0.102300 0.000000 0.000000 0.000000 1.000000
0.999618 0.026722 0.007126 0.037200 -0.025579 0.991304 -0.129079 11.271000 -0.010513 0.128847 0.991609 0.102300 0.000000 0.000000 0.000000 1.000000
0.999633 0.026236 0.006727 0.037200 -0.025150 0.991319 -0.129054 11.271000 -0.010054 0.128838 0.991615 0.102300 0.000000 0.000000 0.000000 1.000000</float_array><technique_common><accessor source="#Spine1-Matrix-animation-output-transform-array" count="61" stride="16"><param type="float4x4"/></accessor></technique_common></source><source id="Spine1-Interpolations"><Name_array id="Spine1-Interpolations-array" count="61">
 LINEAR LINEAR LINEAR LINEAR LINEAR LINEAR LINEAR LINEAR LINEAR LINEAR LINEAR
LINEAR LINEAR LINEAR LINEAR LINEAR LINEAR LINEAR LINEAR LINEAR LINEAR LINEAR LINEAR
LINEAR LINEAR LINEAR LINEAR LINEAR LINEAR LINEAR LINEAR LINEAR LINEAR LINEAR LINEAR
LINEAR LINEAR LINEAR LINEAR LINEAR LINEAR LINEAR LINEAR LINEAR LINEAR LINEAR LINEAR
LINEAR LINEAR LINEAR LINEAR LINEAR LINEAR LINEAR LINEAR LINEAR LINEAR LINEAR LINEAR
LINEAR LINEAR</Name_array><technique_common><accessor source="#Spine1-Interpolations-array" count="61"><param type="name"/></accessor></technique_common></source><sampler id="Spine1-Matrix-animation-transform"><input semantic="INPUT" source="#Spine1-Matrix-animation-input"/><input semantic="OUTPUT" source="#Spine1-Matrix-animation-output-transform"/><input semantic="INTERPOLATION" source="#Spine1-Interpolations"/></sampler><channel source="#Spine1-Matrix-animation-transform" target="Spine1/matrix"/></animation>
    <animation id="Spine2-anim" name="Spine2"><source id="Spine2-Matrix-animation-input"><float_array id="Spine2-Matrix-animation-input-array" count="61">

0.000000 0.033333 0.066667 0.100000 0.133333 0.166667 0.200000 0.233333 0.266667 0.300000 0.333333 0.366667 0.400000 0.433333 0.466667 0.500000
0.533333 0.566667 0.600000 0.633333 0.666667 0.700000 0.733333 0.766667 0.800000 0.833333 0.866667 0.900000 0.933333 0.966667 1.000000 1.033333
1.066667 1.100000 1.133333 1.166667 1.200000 1.233333 1.266667 1.300000 1.333333 1.366667 1.400000 1.433333 1.466667 1.500000 1.533333 1.566667
1.600000 1.633333 1.666667 1.700000 1.733333 1.766667 1.800000 1.833333 1.866667 1.900000 1.933333 1.966667 2.000000</float_array><technique_common><accessor source="#Spine2-Matrix-animation-input-array" count="61"><param name="TIME" type="float"/></accessor></technique_common></source><source id="Spine2-Matrix-animation-output-transform"><float_array id="Spine2-Matrix-animation-output-transform-array" count="976">

0.999606 0.026789 0.008358 0.042500 -0.025490 0.991333 -0.128875 10.833500 -0.011738 0.128611 0.991626 0.116900 0.000000 0.000000 0.000000 1.000000
0.999615 0.026586 0.007977 0.042500 -0.025338 0.991341 -0.128848 10.833500 -0.011333 0.128597 0.991632 0.116900 0.000000 0.000000 0.000000 1.000000
0.999647 0.025553 0.007234 0.042500 -0.024418 0.991468 -0.128045 10.833500 -0.010445 0.127823 0.991742 0.116900 0.000000 0.000000 0.000000 1.000000
0.999702 0.023740 0.005749 0.042500 -0.022817 0.991629 -0.127086 10.833500 -0.008718 0.126916 0.991875 0.116900 0.000000 0.000000 0.000000 1.000000
0.999762 0.021585 0.003086 0.042500 -0.021020 0.991710 -0.126762 10.833500 -0.005796 0.126667 0.991928 0.116900 0.000000 0.000000 0.000000 1.000000
0.999795 0.020204 -0.000993 0.042500 -0.020165 0.991616 -0.127633 10.833500 -0.001594 0.127627 0.991821 0.116900 0.000000 0.000000 0.000000 1.000000
0.999768 0.020596 -0.006310 0.042500 -0.021238 0.991419 -0.128982 10.833500 0.003599 0.129086 0.991627 0.116900 0.000000 0.000000 0.000000 1.000000
0.999673 0.022538 -0.012039 0.042500 -0.023898 0.991444 -0.128326 10.833500 0.009044 0.128571 0.991659 0.116900 0.000000 0.000000 0.000000 1.000000
0.999576 0.024013 -0.016484 0.042500 -0.025857 0.992104 -0.122726 10.833500 0.013407 0.123100 0.992304 0.116900 0.000000 0.000000 0.000000 1.000000
0.999601 0.022242 -0.017398 0.042500 -0.024037 0.993547 -0.110844 10.833500 0.014820 0.111218 0.993686 0.116900 0.000000 0.000000 0.000000 1.000000
0.999795 0.015485 -0.013068 0.042500 -0.016645 0.995440 -0.093926 10.833500 0.011554 0.094124 0.995493 0.116900 0.000000 0.000000 0.000000 1.000000
0.999985 0.004202 -0.003454 0.042500 -0.004449 0.997204 -0.074601 10.833500 0.003131 0.074615 0.997207 0.116900 0.000000 0.000000 0.000000 1.000000
0.999909 -0.009314 0.009743 0.042500 0.009835 0.998446 -0.054845 10.833500 -0.009217 0.054936 0.998447 0.116900 0.000000 0.000000 0.000000 1.000000
0.999461 -0.022362 0.024052 0.042500 0.023212 0.999096 -0.035626 10.833500 -0.023234 0.036165 0.999076 0.116900 0.000000 0.000000 0.000000 1.000000
0.998762 -0.033182 0.037055 0.042500 0.033878 0.999258 -0.018324 10.833500 -0.036420 0.019557 0.999145 0.116900 0.000000 0.000000 0.000000 1.000000
0.998064 -0.041253 0.046541 0.042500 0.041538 0.999123 -0.005183 10.833500 -0.046286 0.007106 0.998903 0.116900 0.000000 0.000000 0.000000 1.000000
0.997610 -0.046886 0.050754 0.042500 0.046827 0.998900 0.002343 10.833500 -0.050808 0.000039 0.998708 0.116900 0.000000 0.000000 0.000000 1.000000
0.997501 -0.050632 0.049269 0.042500 0.050447 0.998714 0.004987 10.833500 -0.049458 -0.002489 0.998773 0.116900 0.000000 0.000000 0.000000 1.000000
0.997634 -0.053050 0.043732 0.042500 0.052886 0.998589 0.004901 10.833500 -0.043930 -0.002576 0.999031 0.116900 0.000000 0.000000 0.000000 1.000000
0.997802 -0.054760 0.037304 0.042500 0.054658 0.998498 0.003756 10.833500 -0.037453 -0.001709 0.999297 0.116900 0.000000 0.000000 0.000000 1.000000
0.997863 -0.056482 0.032844 0.042500 0.056454 0.998404 0.001777 10.833500 -0.032892 0.000081 0.999459 0.116900 0.000000 0.000000 0.000000 1.000000
0.997778 -0.058854 0.031220 0.042500 0.058934 0.998260 -0.001667 10.833500 -0.031068 0.003503 0.999511 0.116900 0.000000 0.000000 0.000000 1.000000
0.997582 -0.062154 0.031103 0.042500 0.062399 0.998027 -0.006975 10.833500 -0.030608 0.008899 0.999492 0.116900 0.000000 0.000000 0.000000 1.000000
0.997349 -0.066175 0.030258 0.042500 0.066620 0.997681 -0.013938 10.833500 -0.029265 0.015917 0.999445 0.116900 0.000000 0.000000 0.000000 1.000000
0.997148 -0.070400 0.027199 0.042500 0.071010 0.997229 -0.022159 10.833500 -0.025563 0.024027 0.999384 0.116900 0.000000 0.000000 0.000000 1.000000
0.996983 -0.074402 0.022107 0.042500 0.075079 0.996678 -0.031569 10.833500 -0.019685 0.033133 0.999257 0.116900 0.000000 0.000000 0.000000 1.000000
0.996805 -0.078111 0.016684 0.042500 0.078756 0.995993 -0.042377 10.833500 -0.013307 0.043556 0.998962 0.116900 0.000000 0.000000 0.000000 1.000000
0.996570 -0.081696 0.013198 0.042500 0.082297 0.995121 -0.054424 10.833500 -0.008687 0.055323 0.998431 0.116900 0.000000 0.000000 0.000000 1.000000
0.996278 -0.085179 0.013228 0.042500 0.085875 0.994075 -0.066630 10.833500 -0.007474 0.067518 0.997690 0.116900 0.000000 0.000000 0.000000 1.000000
0.995962 -0.088212 0.016706 0.042500 0.089247 0.993007 -0.077279 10.833500 -0.009773 0.078458 0.996870 0.116900 0.000000 0.000000 0.000000 1.000000
0.995676 -0.090282 0.021870 0.042500 0.091830 0.992133 -0.085083 10.833500 -0.014016 0.086723 0.996134 0.116900 0.000000 0.000000 0.000000 1.000000
