<?xml version="1.0" encoding="utf-8"?>
<COLLADA xmlns="http://www.collada.org/2005/11/COLLADASchema" version="1.4.1">
  <asset><contributor><author>Mixamo</author><authoring_tool>COLLADA Mixamo exporter</authoring_tool><comments></comments></contributor><created>2019-11-23T11:03:32Z</created><modified>2019-11-23T11:03:32Z</modified><revision></revision><title></title><unit meter="0.010000"/><up_axis>Y_UP</up_axis></asset>
  <library_animations>
    <animation id="Hips-anim" name="Hips"><source id="Hips-Matrix-animation-input"><float_array id="Hips-Matrix-animation-input-array" count="73">

0.000000 0.033333 0.066667 0.100000 0.133333 0.166667 0.200000 0.233333 0.266667 0.300000 0.333333 0.366667 0.400000 0.433333 0.466667 0.500000
0.533333 0.566667 0.600000 0.633333 0.666667 0.700000 0.733333 0.766667 0.800000 0.833333 0.866667 0.900000 0.933333 0.966667 1.000000 1.033333
1.066667 1.100000 1.133333 1.166667 1.200000 1.233333 1.266667 1.300000 1.333333 1.366667 1.400000 1.433333 1.466667 1.500000 1.533333 1.566667
1.600000 1.633333 1.666667 1.700000 1.733333 1.766667 1.800000 1.833333 1.866667 1.900000 1.933333 1.966667 2.000000 2.033333 2.066667 2.100000
2.133333 2.166667 2.200000 2.233333 2.266667 2.300000 2.333333 2.366667 2.400000</float_array><technique_common><accessor source="#Hips-Matrix-animation-input-array" count="73"><param name="TIME" type="float"/></accessor></technique_common></source><source id="Hips-Matrix-animation-output-transform"><float_array id="Hips-Matrix-animation-output-transform-array" count="1168">

0.635565 -0.130152 -0.760998 -3.291226 0.045061 0.990261 -0.131729 71.767265 0.770731 0.049431 0.635240 2.096150 0.000000 0.000000 0.000000 1.000000
0.619490 -0.128615 -0.774397 -3.331572 0.048487 0.990873 -0.125780 71.882401 0.783506 0.040371 0.620072 1.948945 0.000000 0.000000 0.000000 1.000000
0.593394 -0.123558 -0.795372 -3.434488 0.051646 0.991956 -0.115566 72.170898 0.803254 0.027498 0.595002 1.690809 0.000000 0.000000 0.000000 1.000000
0.557629 -0.115606 -0.822001 -3.616714 0.050326 0.993141 -0.105535 72.583275 0.828563 0.017482 0.559623 1.326719 0.000000 0.000000 0.000000 1.000000
0.511252 -0.109293 -0.852453 -3.869936 0.048547 0.993970 -0.098321 73.078255 0.858059 0.008883 0.513475 0.827660 0.000000 0.000000 0.000000 1.000000
0.450476 -0.108615 -0.886157 -4.206033 0.049582 0.994084 -0.096639 73.613670 0.891411 -0.000404 0.453197 0.022365 0.000000 0.000000 0.000000 1.000000
0.393479 -0.123853 -0.910953 -4.464474 0.052708 0.992293 -0.112145 73.966866 0.917821 -0.003888 0.396975 -0.716137 0.000000 0.000000 0.000000 1.000000
0.356261 -0.144657 -0.923121 -4.625518 0.058517 0.989458 -0.132469 74.275497 0.932552 -0.006825 0.360971 -1.501910 0.000000 0.000000 0.000000 1.000000
0.339272 -0.173600 -0.924531 -4.721333 0.069512 0.984764 -0.159401 74.473343 0.938116 -0.010186 0.346170 -2.173087 0.000000 0.000000 0.000000 1.000000
0.331122 -0.197028 -0.922788 -4.776358 0.082114 0.980264 -0.179835 74.622604 0.940008 -0.016226 0.340766 -2.617833 0.000000 0.000000 0.000000 1.000000
0.322977 -0.215385 -0.921572 -4.658359 0.089783 0.976340 -0.196719 74.931808 0.942139 -0.019206 0.334673 -3.393958 0.000000 0.000000 0.000000 1.000000
0.313258 -0.226633 -0.922229 -4.231791 0.088052 0.973855 -0.209411 74.630730 0.945577 -0.015604 0.325024 -3.747712 0.000000 0.000000 0.000000 1.000000
0.318317 -0.244187 -0.915995 -3.236948 0.089373 0.969682 -0.227441 73.399185 0.943762 -0.009467 0.330490 -3.359330 0.000000 0.000000 0.000000 1.000000
0.345807 -0.261251 -0.901202 -2.161950 0.088612 0.965257 -0.245818 72.557365 0.934112 0.005148 0.356942 -3.216863 0.000000 0.000000 0.000000 1.000000
0.387915 -0.279844 -0.878185 -1.195144 0.083167 0.959534 -0.269030 72.393974 0.917935 0.031324 0.395491 -3.213549 0.000000 0.000000 0.000000 1.000000
0.443693 -0.298092 -0.845149 -0.070183 0.077525 0.952291 -0.295182 72.122414 0.892819 0.065450 0.445635 -2.688843 0.000000 0.000000 0.000000 1.000000
0.516097 -0.312226 -0.797596 1.274323 0.083711 0.945123 -0.315810 71.573601 0.852430 0.096220 0.513911 -1.581619 0.000000 0.000000 0.000000 1.000000
0.604256 -0.320980 -0.729278 2.699759 0.098498 0.938341 -0.331383 71.028290 0.790679 0.128408 0.598614 -0.257779 0.000000 0.000000 0.000000 1.000000
0.709139 -0.314677 -0.630952 4.062751 0.120580 0.935823 -0.331204 70.757629 0.694681 0.158790 0.701572 0.914362 0.000000 0.000000 0.000000 1.000000
0.800887 -0.303250 -0.516353 5.214342 0.145035 0.934848 -0.324074 70.570457 0.580987 0.184657 0.792689 1.831073 0.000000 0.000000 0.000000 1.000000
0.876193 -0.270224 -0.399079 6.280654 0.160189 0.944241 -0.287661 70.712975 0.454560 0.188119 0.870624 2.808223 0.000000 0.000000 0.000000 1.000000
0.936306 -0.228421 -0.266749 7.147710 0.167613 0.958134 -0.232133 70.889221 0.308605 0.172637 0.935393 3.847987 0.000000 0.000000 0.000000 1.000000
0.977106 -0.183420 -0.107803 8.177360 0.164699 0.972870 -0.162475 70.919266 0.134679 0.141000 0.980806 5.338606 0.000000 0.000000 0.000000 1.000000
0.987070 -0.151374 0.052705 9.052526 0.155989 0.982823 -0.098626 70.807701 -0.036870 0.105572 0.993728 6.787733 0.000000 0.000000 0.000000 1.000000
0.930279 -0.130586 0.342823 11.132792 0.130306 0.991184 0.023959 71.352440 -0.342930 0.022384 0.939094 9.339667 0.000000 0.000000 0.000000 1.000000
0.826822 -0.151385 0.541708 13.182257 0.116142 0.988295 0.098917 71.576157 -0.550341 -0.018871 0.834726 10.570490 0.000000 0.000000 0.000000 1.000000
0.778177 -0.174468 0.603325 14.366817 0.102664 0.983056 0.151860 71.050064 -0.619597 -0.056234 0.782903 10.369005 0.000000 0.000000 0.000000 1.000000
0.788218 -0.209230 0.578737 14.386780 0.117599 0.974309 0.192075 70.038353 -0.604056 -0.083338 0.792573 9.645159 0.000000 0.000000 0.000000 1.000000
0.762664 -0.248209 0.597274 13.892116 0.149448 0.966073 0.210639 68.584572 -0.629292 -0.071385 0.773883 9.501469 0.000000 0.000000 0.000000 1.000000
0.684512 -0.266169 0.678673 13.323634 0.150610 0.962512 0.225583 67.187302 -0.713274 -0.052199 0.698939 9.934576 0.000000 0.000000 0.000000 1.000000
0.627141 -0.274893 0.728785 12.797378 0.151698 0.960842 0.231883 65.724869 -0.763991 -0.034868 0.644285 10.609124 0.000000 0.000000 0.000000 1.000000
0.592499 -0.279239 0.755626 12.395017 0.173112 0.960221 0.219106 64.251762 -0.786751 0.000988 0.617270 11.310125 0.000000 0.000000 0.000000 1.000000
0.558013 -0.271848 0.784041 12.056330 0.182841 0.961877 0.203378 62.670013 -0.809439 0.029867 0.586444 11.823457 0.000000 0.000000 0.000000 1.000000
0.537773 -0.267271 0.799604 11.752831 0.182375 0.962843 0.199178 61.478981 -0.823128 0.038715 0.566535 12.220280 0.000000 0.000000 0.000000 1.000000
0.520326 -0.264747 0.811893 11.460814 0.179233 0.963411 0.199288 60.659782 -0.834947 0.041823 0.548739 12.369965 0.000000 0.000000 0.000000 1.000000
0.520415 -0.256839 0.814372 11.193916 0.172246 0.965665 0.194482 60.081833 -0.836361 0.039061 0.546785 12.328808 0.000000 0.000000 0.000000 1.000000
0.535745 -0.246254 0.807673 10.874035 0.166877 0.968541 0.184609 59.814354 -0.827725 0.035879 0.559985 12.234456 0.000000 0.000000 0.000000 1.000000
0.555433 -0.231443 0.798704 10.624843 0.157462 0.972383 0.172268 59.753185 -0.816517 0.030082 0.576537 12.050678 0.000000 0.000000 0.000000 1.000000
0.577021 -0.216910 0.787399 10.451122 0.146299 0.975945 0.161640 59.953358 -0.803520 0.021926 0.594874 11.638764 0.000000 0.000000 0.000000 1.000000
0.609894 -0.204343 0.765685 10.415575 0.136556 0.978831 0.152455 60.427757 -0.780629 0.011578 0.624887 11.223665 0.000000 0.000000 0.000000 1.000000
0.649004 -0.194843 0.735411 10.582454 0.125282 0.980823 0.149302 61.221149 -0.750398 -0.004764 0.660969 10.808403 0.000000 0.000000 0.000000 1.000000
0.692007 -0.183607 0.698151 10.963666 0.113391 0.982755 0.146062 62.352585 -0.712929 -0.021912 0.700893 10.438112 0.000000 0.000000 0.000000 1.000000
0.742605 -0.165874 0.648863 11.395528 0.102819 0.985595 0.134281 63.723854 -0.661790 -0.033003 0.748963 10.216177 0.000000 0.000000 0.000000 1.000000
0.796271 -0.145098 0.587281 11.849535 0.091083 0.988498 0.120730 65.226517 -0.598044 -0.042643 0.800328 10.042664 0.000000 0.000000 0.000000 1.000000
0.847023 -0.120815 0.517644 12.403329 0.077554 0.991496 0.104508 67.062698 -0.525868 -0.048375 0.849190 9.837173 0.000000 0.000000 0.000000 1.000000
0.897056 -0.095306 0.431517 13.195637 0.064647 0.994264 0.085206 68.923233 -0.437163 -0.048538 0.898072 9.756232 0.000000 0.000000 0.000000 1.000000
0.943218 -0.068510 0.325033 13.821681 0.049469 0.996559 0.066499 70.933578 -0.328471 -0.046644 0.943362 9.625881 0.000000 0.000000 0.000000 1.000000
0.979894 -0.039905 0.195487 13.753297 0.031514 0.998451 0.045845 72.404579 -0.197014 -0.038762 0.979634 9.174806 0.000000 0.000000 0.000000 1.000000
0.998313 -0.016882 0.055546 12.989175 0.015301 0.999469 0.028771 72.792862 -0.056002 -0.027873 0.998042 8.004028 0.000000 0.000000 0.000000 1.000000
0.996770 -0.006918 -0.080013 12.079327 0.007563 0.999941 0.007764 73.105034 0.079955 -0.008344 0.996764 6.757985 0.000000 0.000000 0.000000 1.000000
0.977507 -0.005524 -0.210828 11.257324 0.003092 0.999925 -0.011863 73.550812 0.210878 0.010944 0.977451 5.468232 0.000000 0.000000 0.000000 1.000000
0.948595 -0.008974 -0.316366 10.534139 0.001962 0.999745 -0.022477 73.909309 0.316487 0.020701 0.948371 4.382163 0.000000 0.000000 0.000000 1.000000
0.917604 -0.012263 -0.397307 9.705338 0.003459 0.999733 -0.022868 74.152847 0.397481 0.019610 0.917401 3.423388 0.000000 0.000000 0.000000 1.000000
0.887839 -0.011723 -0.460005 8.669672 0.007211 0.999907 -0.011563 74.441971 0.460098 0.006949 0.887841 2.665556 0.000000 0.000000 0.000000 1.000000
0.855332 -0.012040 -0.517940 7.490551 0.012551 0.999918 -0.002517 74.715828 0.517928 -0.004348 0.855413 2.025436 0.000000 0.000000 0.000000 1.000000
0.820481 -0.010958 -0.571569 6.101479 0.017182 0.999837 0.005497 74.747887 0.571415 -0.014331 0.820536 1.567225 0.000000 0.000000 0.000000 1.000000
0.785741 -0.012738 -0.618425 4.235371 0.029084 0.999443 0.016367 74.714142 0.617872 -0.030846 0.785674 1.109804 0.000000 0.000000 0.000000 1.000000
0.751638 -0.016260 -0.659376 2.477842 0.037588 0.999127 0.018209 74.513039 0.658504 -0.038472 0.751593 1.122438 0.000000 0.000000 0.000000 1.000000
0.721862 -0.025245 -0.691576 0.574320 0.043847 0.998995 0.009301 74.504410 0.690646 -0.037038 0.722244 1.209031 0.000000 0.000000 0.000000 1.000000
0.691233 -0.035016 -0.721783 -1.143603 0.049015 0.998797 -0.001514 74.605011 0.720968 -0.034332 0.692118 1.183977 0.000000 0.000000 0.000000 1.000000
0.656291 -0.050681 -0.752804 -2.553020 0.053708 0.998348 -0.020390 74.646332 0.752594 -0.027050 0.657929 1.144648 0.000000 0.000000 0.000000 1.000000
0.631332 -0.068908 -0.772445 -3.542973 0.056981 0.997474 -0.042411 74.566086 0.773417 -0.017239 0.633663 1.174117 0.000000 0.000000 0.000000 1.000000
0.621626 -0.081504 -0.779062 -4.060425 0.055932 0.996652 -0.059639 74.372070 0.781315 -0.006501 0.624103 1.265563 0.000000 0.000000 0.000000 1.000000
0.621881 -0.093888 -0.777463 -4.345752 0.055105 0.995573 -0.076150 74.120514 0.781171 0.004514 0.624301 1.410501 0.000000 0.000000 0.000000 1.000000
0.619938 -0.103696 -0.777769 -4.524803 0.052869 0.994497 -0.090450 73.820953 0.782868 0.014953 0.622009 1.502934 0.000000 0.000000 0.000000 1.000000
0.618676 -0.109864 -0.777927 -4.547437 0.049271 0.993651 -0.101146 73.484879 0.784100 0.024247 0.620161 1.550907 0.000000 0.000000 0.000000 1.000000
0.620128 -0.114672 -0.776074 -4.410563 0.047304 0.992925 -0.108916 73.150925 0.783073 0.030830 0.621165 1.633974 0.000000 0.000000 0.000000 1.000000
0.622760 -0.119010 -0.773309 -4.203770 0.046009 0.992224 -0.115648 72.811005 0.781059 0.036442 0.623393 1.733126 0.000000 0.000000 0.000000 1.000000
0.626046 -0.122773 -0.770060 -3.961276 0.045272 0.991585 -0.121286 72.487625 0.778471 0.041068 0.626336 1.837128 0.000000 0.000000 0.000000 1.000000
0.629471 -0.125862 -0.766763 -3.716370 0.044956 0.991040 -0.125770 72.201729 0.775723 0.044698 0.629489 1.935430 0.000000 0.000000 0.000000 1.000000
0.632528 -0.128183 -0.763857 -3.501621 0.044916 0.990621 -0.129043 71.973343 0.773234 0.047314 0.632353 2.018040 0.000000 0.000000 0.000000 1.000000
0.634724 -0.129644 -0.761786 -3.349216 0.045000 0.990354 -0.131048 71.822067 0.771428 0.048899 0.634435 2.074956 0.000000 0.000000 0.000000 1.000000
0.635565 -0.130152 -0.760998 -3.291253 0.045061 0.990261 -0.131729 71.767258 0.770731 0.049431 0.635240 2.096167 0.000000 0.000000 0.000000 1.000000</float_array><technique_common><accessor source="#Hips-Matrix-animation-output-transform-array" count="73" stride="16"><param type="float4x4"/></accessor></technique_common></source><source id="Hips-Interpolations"><Name_array id="Hips-Interpolations-array" count="73">
 LINEAR LINEAR LINEAR LINEAR LINEAR LINEAR LINEAR LINEAR LINEAR LINEAR LINEAR
LINEAR LINEAR LINEAR LINEAR LINEAR LINEAR LINEAR LINEAR LINEAR LINEAR LINEAR LINEAR
LINEAR LINEAR LINEAR LINEAR LINEAR LINEAR LINEAR LINEAR LINEAR LINEAR LINEAR LINEAR
LINEAR LINEAR LINEAR LINEAR LINEAR LINEAR LINEAR LINEAR LINEAR LINEAR LINEAR LINEAR
LINEAR LINEAR LINEAR LINEAR LINEAR LINEAR LINEAR LINEAR LINEAR LINEAR LINEAR LINEAR
LINEAR LINEAR LINEAR LINEAR LINEAR LINEAR LINEAR LINEAR LINEAR LINEAR LINEAR LINEAR
LINEAR LINEAR</Name_array><technique_common><accessor source="#Hips-Interpolations-array" count="73"><param type="name"/></accessor></technique_common></source><sampler id="Hips-Matrix-animation-transform"><input semantic="INPUT" source="#Hips-Matrix-animation-input"/><input semantic="OUTPUT" source="#Hips-Matrix-animation-output-transform"/><input semantic="INTERPOLATION" source="#Hips-Interpolations"/></sampler><channel source="#Hips-Matrix-animation-transform" target="Hips/matrix"/></animation>
    <animation id="Spine-anim" name="Spine"><source id="Spine-Matrix-animation-input"><float_array id="Spine-Matrix-animation-input-array" count="73">

0.000000 0.033333 0.066667 0.100000 0.133333 0.166667 0.200000 0.233333 0.266667 0.300000 0.333333 0.366667 0.400000 0.433333 0.466667 0.500000
0.533333 0.566667 0.600000 0.633333 0.666667 0.700000 0.733333 0.766667 0.800000 0.833333 0.866667 0.900000 0.933333 0.966667 1.000000 1.033333
1.066667 1.100000 1.133333 1.166667 1.200000 1.233333 1.266667 1.300000 1.333333 1.366667 1.400000 1.433333 1.466667 1.500000 1.533333 1.566667
1.600000 1.633333 1.666667 1.700000 1.733333 1.766667 1.800000 1.833333 1.866667 1.900000 1.933333 1.966667 2.000000 2.033333 2.066667 2.100000
2.133333 2.166667 2.200000 2.233333 2.266667 2.300000 2.333333 2.366667 2.400000</float_array><technique_common><accessor source="#Spine-Matrix-animation-input-array" count="73"><param name="TIME" type="float"/></accessor></technique_common></source><source id="Spine-Matrix-animation-output-transform"><float_array id="Spine-Matrix-animation-output-transform-array" count="1168">

0.997942 0.040534 0.049694 0.000000 -0.030377 0.981246 -0.190351 13.784800 -0.056478 0.188449 0.980458 0.064400 0.000000 0.000000 0.000000 1.000000
0.997999 0.040040 0.048931 0.000000 -0.030080 0.981406 -0.189573 13.784800 -0.055612 0.187722 0.980647 0.064400 0.000000 0.000000 0.000000 1.000000
0.998249 0.039046 0.044442 0.000000 -0.029924 0.981323 -0.190027 13.784800 -0.051032 0.188365 0.980772 0.064400 0.000000 0.000000 0.000000 1.000000
0.998650 0.037667 0.035759 0.000000 -0.030171 0.981145 -0.190903 13.784800 -0.042275 0.189567 0.980957 0.064400 0.000000 0.000000 0.000000 1.000000
0.999037 0.036357 0.024544 -0.000000 -0.030986 0.980942 -0.191816 13.784800 -0.031050 0.190871 0.981124 0.064400 0.000000 0.000000 0.000000 1.000000
0.999266 0.035962 0.013205 0.000000 -0.032756 0.980789 -0.192303 13.784800 -0.019867 0.191729 0.981247 0.064400 0.000000 0.000000 0.000000 1.000000
0.999372 0.035446 0.000046 -0.000000 -0.034785 0.980983 -0.190952 13.784800 -0.006814 0.190830 0.981599 0.064400 0.000000 0.000000 0.000000 1.000000
0.999309 0.034199 -0.014590 -0.000000 -0.036349 0.981141 -0.189847 13.784800 0.007822 0.190246 0.981705 0.064400 0.000000 0.000000 0.000000 1.000000
0.999055 0.032507 -0.028865 0.000000 -0.037372 0.981407 -0.188264 13.784800 0.022208 0.189165 0.981694 0.064400 0.000000 0.000000 0.000000 1.000000
0.998772 0.031314 -0.038384 0.000000 -0.037992 0.981452 -0.187907 13.784800 0.031788 0.189135 0.981436 0.064400 0.000000 0.000000 0.000000 1.000000
0.998580 0.029172 -0.044568 -0.000000 -0.037093 0.981318 -0.188784 13.784800 0.038228 0.190169 0.981007 0.064400 0.000000 0.000000 0.000000 1.000000
0.998558 0.022998 -0.048516 0.000000 -0.031931 0.980824 -0.192265 13.784800 0.043164 0.193536 0.980143 0.064400 0.000000 0.000000 0.000000 1.000000
0.998452 0.012529 -0.054191 -0.000000 -0.022944 0.980316 -0.196097 13.784800 0.050667 0.197037 0.979086 0.064400 0.000000 0.000000 0.000000 1.000000
0.997953 0.001869 -0.063920 0.000000 -0.014663 0.979631 -0.200272 13.784800 0.062243 0.200800 0.977653 0.064400 0.000000 0.000000 0.000000 1.000000
0.997271 -0.007613 -0.073438 0.000000 -0.007535 0.978983 -0.203802 13.784800 0.073446 0.203799 0.976254 0.064400 0.000000 0.000000 0.000000 1.000000
0.996808 -0.019209 -0.077492 0.000000 0.002859 0.978592 -0.205790 13.784800 0.079786 0.204911 0.975523 0.064400 0.000000 0.000000 0.000000 1.000000
0.996521 -0.030741 -0.077466 0.000000 0.014137 0.978367 -0.206393 13.784800 0.082135 0.204580 0.975398 0.064400 0.000000 0.000000 0.000000 1.000000
0.996345 -0.041302 -0.074767 0.000000 0.025241 0.978599 -0.204222 13.784800 0.081601 0.201588 0.976065 0.064400 0.000000 0.000000 0.000000 1.000000
0.996343 -0.051062 -0.068515 0.000000 0.036484 0.979267 -0.199263 13.784800 0.077269 0.196035 0.977548 0.064400 0.000000 0.000000 0.000000 1.000000
0.996408 -0.059249 -0.060500 0.000000 0.046737 0.980564 -0.190554 13.784800 0.070614 0.187042 0.979811 0.064400 0.000000 0.000000 0.000000 1.000000
0.996683 -0.064794 -0.049251 0.000000 0.054732 0.981475 -0.183604 13.784800 0.060235 0.180300 0.981766 0.064400 0.000000 0.000000 0.000000 1.000000
0.996857 -0.069669 -0.037722 -0.000000 0.061986 0.982385 -0.176289 13.784800 0.049340 0.173397 0.983615 0.064400 0.000000 0.000000 0.000000 1.000000
0.997126 -0.072566 -0.021789 -0.000000 0.067916 0.983526 -0.167522 13.784800 0.033587 0.165561 0.985628 0.064400 0.000000 0.000000 0.000000 1.000000
0.997417 -0.071831 -0.000330 -0.000000 0.070879 0.984913 -0.157868 13.784800 0.011664 0.157437 0.987460 0.064400 0.000000 0.000000 0.000000 1.000000
0.997287 -0.070218 0.022086 0.000000 0.072745 0.986010 -0.149972 13.784800 -0.011246 0.151172 0.988444 0.064400 0.000000 0.000000 0.000000 1.000000
0.996634 -0.065429 0.049395 0.000000 0.071836 0.987310 -0.141626 13.784800 -0.039502 0.144698 0.988687 0.064400 0.000000 0.000000 0.000000 1.000000
0.994171 -0.066413 0.084931 0.000000 0.077834 0.987210 -0.139131 13.784800 -0.074604 0.144931 0.986625 0.064400 0.000000 0.000000 0.000000 1.000000
0.990133 -0.069571 0.121641 0.000000 0.086379 0.986536 -0.138871 13.784800 -0.110342 0.148008 0.982811 0.064400 0.000000 0.000000 0.000000 1.000000
0.985561 -0.071142 0.153648 0.000000 0.092493 0.986297 -0.136611 13.784800 -0.141824 0.148850 0.978637 0.064400 0.000000 0.000000 0.000000 1.000000
0.981883 -0.078528 0.172451 0.000000 0.102076 0.985950 -0.132222 13.784800 -0.159645 0.147429 0.976104 0.064400 0.000000 0.000000 0.000000 1.000000
0.978839 -0.077328 0.189459 0.000000 0.103898 0.985441 -0.134578 13.784800 -0.176294 0.151414 0.972622 0.064400 0.000000 0.000000 0.000000 1.000000
0.974500 -0.065373 0.214652 0.000000 0.097566 0.984904 -0.142986 13.784800 -0.202064 0.160283 0.966168 0.064400 0.000000 0.000000 0.000000 1.000000
0.969174 -0.055631 0.240016 0.000000 0.094158 0.983860 -0.152167 13.784800 -0.227676 0.170075 0.958769 0.064400 0.000000 0.000000 0.000000 1.000000
0.965894 -0.048289 0.254396 0.000000 0.092200 0.982205 -0.163626 13.784800 -0.241967 0.181500 0.953158 0.064400 0.000000 0.000000 0.000000 1.000000
0.964270 -0.042481 0.261492 0.000000 0.090558 0.980455 -0.174661 13.784800 -0.248961 0.192100 0.949271 0.064400 0.000000 0.000000 0.000000 1.000000
0.963727 -0.038366 0.264117 0.000000 0.089491 0.978775 -0.184364 13.784800 -0.251438 0.201313 0.946706 0.064400 0.000000 0.000000 0.000000 1.000000
0.964791 -0.032043 0.261060 0.000000 0.084314 0.977850 -0.191573 13.784800 -0.249138 0.206839 0.946122 0.064400 0.000000 0.000000 0.000000 1.000000
0.966372 -0.026453 0.255782 0.000000 0.078690 0.977398 -0.196215 13.784800 -0.244811 0.209744 0.946612 0.064400 0.000000 0.000000 0.000000 1.000000
0.969154 -0.023300 0.245354 0.000000 0.074165 0.976948 -0.200179 13.784800 -0.235034 0.212201 0.948541 0.064400 0.000000 0.000000 0.000000 1.000000
0.972663 -0.022262 0.231154 -0.000000 0.070795 0.976438 -0.203857 13.784800 -0.221169 0.214649 0.951320 0.064400 0.000000 0.000000 0.000000 1.000000
0.976391 -0.023840 0.214690 0.000000 0.069096 0.976142 -0.205847 13.784800 -0.204661 0.215822 0.954743 0.064400 0.000000 0.000000 0.000000 1.000000
0.979931 -0.027583 0.197420 -0.000000 0.068900 0.976206 -0.205608 13.784800 -0.187051 0.215084 0.958515 0.064400 0.000000 0.000000 0.000000 1.000000
0.983365 -0.030811 0.179007 -0.000000 0.067847 0.976483 -0.204642 13.784800 -0.168492 0.213383 0.962330 0.064400 0.000000 0.000000 0.000000 1.000000
0.986412 -0.033646 0.160806 0.000000 0.066572 0.976704 -0.204004 13.784800 -0.150196 0.211938 0.965673 0.064400 0.000000 0.000000 0.000000 1.000000
0.989415 -0.036406 0.140475 -0.000000 0.064686 0.977172 -0.202361 13.784800 -0.129901 0.209306 0.969184 0.064400 0.000000 0.000000 0.000000 1.000000
0.991765 -0.039772 0.121740 0.000000 0.063857 0.977536 -0.200861 13.784800 -0.111017 0.206981 0.972026 0.064400 0.000000 0.000000 0.000000 1.000000
0.993244 -0.043474 0.107595 0.000000 0.064587 0.977395 -0.201314 13.784800 -0.096411 0.206903 0.973600 0.064400 0.000000 0.000000 0.000000 1.000000
0.994453 -0.043263 0.095871 -0.000000 0.061930 0.977582 -0.201240 13.784800 -0.085015 0.206061 0.974839 0.064400 0.000000 0.000000 0.000000 1.000000
0.995465 -0.036787 0.087727 0.000000 0.054014 0.977703 -0.202929 13.784800 -0.078306 0.206747 0.975256 0.064400 0.000000 0.000000 0.000000 1.000000
0.996428 -0.026983 0.080026 -0.000000 0.042736 0.978405 -0.202231 13.784800 -0.072841 0.204928 0.976063 0.064400 0.000000 0.000000 0.000000 1.000000
0.997251 -0.016733 0.072181 0.000000 0.030901 0.979328 -0.199903 13.784800 -0.067344 0.201584 0.977153 0.064400 0.000000 0.000000 0.000000 1.000000
0.998041 -0.008450 0.061982 -0.000000 0.020582 0.980028 -0.197791 13.784800 -0.059073 0.198680 0.978283 0.064400 0.000000 0.000000 0.000000 1.000000
0.998637 -0.001715 0.052160 0.000000 0.011873 0.980718 -0.195066 13.784800 -0.050820 0.195419 0.979402 0.064400 0.000000 0.000000 0.000000 1.000000
0.999189 0.004083 0.040051 0.000000 0.003768 0.980989 -0.194026 13.784800 -0.040082 0.194020 0.980178 0.064400 0.000000 0.000000 0.000000 1.000000
0.999498 0.008661 0.030462 -0.000000 -0.002657 0.981414 -0.191885 13.784800 -0.031558 0.191707 0.980945 0.064400 0.000000 0.000000 0.000000 1.000000
0.999620 0.012728 0.024453 0.000000 -0.007849 0.981732 -0.190108 13.784800 -0.026426 0.189844 0.981459 0.064400 0.000000 0.000000 0.000000 1.000000
0.999598 0.018072 0.021828 -0.000000 -0.013606 0.981740 -0.189740 13.784800 -0.024858 0.189367 0.981592 0.064400 0.000000 0.000000 0.000000 1.000000
0.999518 0.022258 0.021658 0.000000 -0.017770 0.981826 -0.188948 13.784800 -0.025471 0.188472 0.981748 0.064400 0.000000 0.000000 0.000000 1.000000
0.999447 0.025831 0.020926 0.000000 -0.021477 0.982191 -0.186654 13.784800 -0.025375 0.186102 0.982203 0.064400 0.000000 0.000000 0.000000 1.000000
0.999357 0.029020 0.021048 0.000000 -0.024638 0.982476 -0.184754 13.784800 -0.026041 0.184116 0.982559 0.064400 0.000000 0.000000 0.000000 1.000000
0.999186 0.032797 0.023487 0.000000 -0.027961 0.982756 -0.182778 13.784800 -0.029076 0.181973 0.982874 0.064400 0.000000 0.000000 0.000000 1.000000
0.999035 0.036013 0.025161 -0.000000 -0.030852 0.982858 -0.181762 13.784800 -0.031276 0.180810 0.983021 0.064400 0.000000 0.000000 0.000000 1.000000
0.998940 0.037451 0.026778 -0.000000 -0.031948 0.982680 -0.182538 13.784800 -0.033150 0.181489 0.982834 0.064400 0.000000 0.000000 0.000000 1.000000
0.998836 0.038450 0.029122 0.000000 -0.032493 0.982595 -0.182895 13.784800 -0.035648 0.181736 0.982701 0.064400 0.000000 0.000000 0.000000 1.000000
0.998666 0.039888 0.032787 0.000000 -0.033264 0.982676 -0.182320 13.784800 -0.039492 0.180986 0.982692 0.064400 0.000000 0.000000 0.000000 1.000000
0.998527 0.040503 0.036092 -0.000000 -0.033272 0.982685 -0.182275 13.784800 -0.042850 0.180805 0.982585 0.064400 0.000000 0.000000 0.000000 1.000000
0.998410 0.040746 0.038960 0.000000 -0.032949 0.982526 -0.183187 13.784800 -0.045743 0.181612 0.982306 0.064400 0.000000 0.000000 0.000000 1.000000
0.998294 0.040835 0.041722 0.000000 -0.032469 0.982292 -0.184523 13.784800 -0.048518 0.182853 0.981942 0.064400 0.000000 0.000000 0.000000 1.000000
0.998186 0.040817 0.044260 -0.000000 -0.031905 0.982018 -0.186072 13.784800 -0.051059 0.184322 0.981539 0.064400 0.000000 0.000000 0.000000 1.000000
0.998089 0.040743 0.046449 0.000000 -0.031344 0.981739 -0.187635 13.784800 -0.053246 0.185821 0.981140 0.064400 0.000000 0.000000 0.000000 1.000000
0.998012 0.040650 0.048170 0.000000 -0.030854 0.981491 -0.189007 13.784800 -0.054961 0.187145 0.980794 0.064400 0.000000 0.000000 0.000000 1.000000
0.997960 0.040570 0.049292 0.000000 -0.030510 0.981314 -0.189981 13.784800 -0.056078 0.188090 0.980550 0.064400 0.000000 0.000000 0.000000 1.000000
0.997942 0.040534 0.049695 0.000000 -0.030377 0.981246 -0.190350 13.784800 -0.056478 0.188448 0.980458 0.064400 0.000000 0.000000 0.000000 1.000000</float_array><technique_common><accessor source="#Spine-Matrix-animation-output-transform-array" count="73" stride="16"><param type="float4x4"/></accessor></technique_common></source><source id="Spine-Interpolations"><Name_array id="Spine-Interpolations-array" count="73">
 LINEAR LINEAR LINEAR LINEAR LINEAR LINEAR LINEAR LINEAR LINEAR LINEAR LINEAR
LINEAR LINEAR LINEAR LINEAR LINEAR LINEAR LINEAR LINEAR LINEAR LINEAR LINEAR LINEAR
LINEAR LINEAR LINEAR LINEAR LINEAR LINEAR LINEAR LINEAR LINEAR LINEAR LINEAR LINEAR
LINEAR LINEAR LINEAR LINEAR LINEAR LINEAR LINEAR LINEAR LINEAR LINEAR LINEAR LINEAR
LINEAR LINEAR LINEAR LINEAR LINEAR LINEAR LINEAR LINEAR LINEAR LINEAR LINEAR LINEAR
LINEAR LINEAR LINEAR LINEAR LINEAR LINEAR LINEAR LINEAR LINEAR LINEAR LINEAR LINEAR
LINEAR LINEAR</Name_array><technique_common><accessor source="#Spine-Interpolations-array" count="73"><param type="name"/></accessor></technique_common></source><sampler id="Spine-Matrix-animation-transform"><input semantic="INPUT" source="#Spine-Matrix-animation-input"/><input semantic="OUTPUT" source="#Spine-Matrix-animation-output-transform"/><input semantic="INTERPOLATION" source="#Spine-Interpolations"/></sampler><channel source="#Spine-Matrix-animation-transform" target="Spine/matrix"/></animation>
    <animation id="Spine1-anim" name="Spine1"><source id="Spine1-Matrix-animation-input"><float_array id="Spine1-Matrix-animation-input-array" count="73">

0.000000 0.033333 0.066667 0.100000 0.133333 0.166667 0.200000 0.233333 0.266667 0.300000 0.333333 0.366667 0.400000 0.433333 0.466667 0.500000
0.533333 0.566667 0.600000 0.633333 0.666667 0.700000 0.733333 0.766667 0.800000 0.833333 0.866667 0.900000 0.933333 0.966667 1.000000 1.033333
1.066667 1.100000 1.133333 1.166667 1.200000 1.233333 1.266667 1.300000 1.333333 1.366667 1.400000 1.433333 1.466667 1.500000 1.533333 1.566667
1.600000 1.633333 1.666667 1.700000 1.733333 1.766667 1.800000 1.833333 1.866667 1.900000 1.933333 1.966667 2.000000 2.033333 2.066667 2.100000
2.133333 2.166667 2.200000 2.233333 2.266667 2.300000 2.333333 2.366667 2.400000</float_array><technique_common><accessor source="#Spine1-Matrix-animation-input-array" count="73"><param name="TIME" type="float"/></accessor></technique_common></source><source id="Spine1-Matrix-animation-output-transform"><float_array id="Spine1-Matrix-animation-output-transform-array" count="1168">

0.992503 0.074360 0.097001 0.000000 -0.064009 0.992328 -0.105775 12.037900 -0.104123 0.098773 0.989648 0.404700 0.000000 0.000000 0.000000 1.000000
0.992682 0.073466 0.095836 0.000000 -0.063402 0.992540 -0.104133 12.037900 -0.102772 0.097295 0.989935 0.404700 0.000000 0.000000 0.000000 1.000000
0.993581 0.071771 0.087442 0.000000 -0.062465 0.992521 -0.104881 12.037900 -0.094315 0.098746 0.990633 0.404700 0.000000 0.000000 0.000000 1.000000
0.995130 0.068326 0.071048 0.000000 -0.060555 0.992487 -0.106312 12.037900 -0.077778 0.101492 0.991791 0.404700 0.000000 0.000000 0.000000 1.000000
0.996663 0.064807 0.049633 0.000000 -0.059161 0.992409 -0.107819 12.037900 -0.056244 0.104523 0.992931 0.404700 0.000000 0.000000 0.000000 1.000000
0.997624 0.062970 0.027953 -0.000000 -0.059593 0.992303 -0.108548 12.037900 -0.034573 0.106624 0.993698 0.404700 0.000000 0.000000 0.000000 1.000000
0.998099 0.061576 0.002553 -0.000000 -0.060963 0.992543 -0.105556 12.037900 -0.009034 0.105200 0.994410 0.404700 0.000000 0.000000 0.000000 1.000000
0.997927 0.058867 -0.026011 0.000000 -0.061250 0.992790 -0.103038 12.037900 0.019758 0.104418 0.994337 0.404700 0.000000 0.000000 0.000000 1.000000
0.996941 0.056181 -0.054338 -0.000000 -0.061393 0.993136 -0.099560 12.037900 0.048371 0.102592 0.993547 0.404700 0.000000 0.000000 0.000000 1.000000
0.995795 0.054696 -0.073492 -0.000000 -0.061833 0.993200 -0.098640 12.037900 0.067597 0.102770 0.992406 0.404700 0.000000 0.000000 0.000000 1.000000
0.995207 0.048620 -0.084853 0.000000 -0.057097 0.993296 -0.100518 12.037900 0.079397 0.104881 0.991310 0.404700 0.000000 0.000000 0.000000 1.000000
0.994978 0.037582 -0.092773 -0.000000 -0.047550 0.993048 -0.107683 12.037900 0.088081 0.111553 0.989847 0.404700 0.000000 0.000000 0.000000 1.000000
0.994114 0.023936 -0.105663 0.000000 -0.036156 0.992673 -0.115294 12.037900 0.102129 0.118435 0.987696 0.404700 0.000000 0.000000 0.000000 1.000000
0.992175 0.005308 -0.124743 0.000000 -0.020900 0.992060 -0.124020 12.037900 0.123095 0.125657 0.984407 0.404700 0.000000 0.000000 0.000000 1.000000
0.989768 -0.016333 -0.141750 -0.000000 -0.002589 0.991208 -0.132286 12.037900 0.142665 0.131299 0.981024 0.404700 0.000000 0.000000 0.000000 1.000000
0.988006 -0.039860 -0.149185 -0.000000 0.019159 0.990288 -0.137708 12.037900 0.153225 0.133198 0.979173 0.404700 0.000000 0.000000 0.000000 1.000000
0.986819 -0.059794 -0.150376 0.000000 0.038601 0.989385 -0.140097 12.037900 0.157157 0.132446 0.978652 0.404700 0.000000 0.000000 0.000000 1.000000
0.986045 -0.077315 -0.147433 -0.000000 0.057082 0.988947 -0.136843 12.037900 0.156384 0.126518 0.979560 0.404700 0.000000 0.000000 0.000000 1.000000
0.985867 -0.093903 -0.138742 0.000000 0.076185 0.988854 -0.127923 12.037900 0.149208 0.115545 0.982032 0.404700 0.000000 0.000000 0.000000 1.000000
0.986003 -0.107542 -0.127410 0.000000 0.093537 0.989382 -0.111237 12.037900 0.138020 0.097763 0.985593 0.404700 0.000000 0.000000 0.000000 1.000000
0.987014 -0.116672 -0.110408 0.000000 0.106041 0.989548 -0.097720 12.037900 0.120655 0.084743 0.989071 0.404700 0.000000 0.000000 0.000000 1.000000
0.987462 -0.126019 -0.095068 -0.000000 0.118248 0.989477 -0.083384 12.037900 0.104576 0.071097 0.991972 0.404700 0.000000 0.000000 0.000000 1.000000
0.988431 -0.131332 -0.075872 -0.000000 0.126474 0.989795 -0.065649 12.037900 0.083719 0.055294 0.994954 0.404700 0.000000 0.000000 0.000000 1.000000
0.990606 -0.127808 -0.048625 0.000000 0.125629 0.991032 -0.045522 12.037900 0.054007 0.038986 0.997779 0.404700 0.000000 0.000000 0.000000 1.000000
0.992872 -0.116069 -0.027095 0.000000 0.115280 0.992908 -0.029055 12.037900 0.030275 0.025725 0.999211 0.404700 0.000000 0.000000 0.000000 1.000000
0.995248 -0.096117 0.015575 0.000000 0.096309 0.995278 -0.012102 12.037900 -0.014338 0.013545 0.999805 0.404700 0.000000 0.000000 0.000000 1.000000
0.992635 -0.090171 0.080903 0.000000 0.091059 0.995818 -0.007349 12.037900 -0.079902 0.014661 0.996695 0.404700 0.000000 0.000000 0.000000 1.000000
0.983776 -0.091419 0.154359 -0.000000 0.093728 0.995568 -0.007733 12.037900 -0.152968 0.022075 0.987985 0.404700 0.000000 0.000000 0.000000 1.000000
0.974240 -0.092040 0.205877 0.000000 0.094977 0.995470 -0.004408 12.037900 -0.204539 0.023848 0.978568 0.404700 0.000000 0.000000 0.000000 1.000000
0.968784 -0.106722 0.223760 -0.000000 0.108475 0.994089 0.004477 12.037900 -0.222916 0.019935 0.974634 0.404700 0.000000 0.000000 0.000000 1.000000
0.964893 -0.104102 0.241129 0.000000 0.107595 0.994194 -0.001327 12.037900 -0.239591 0.027224 0.970492 0.404700 0.000000 0.000000 0.000000 1.000000
0.957676 -0.081112 0.276185 0.000000 0.090292 0.995701 -0.020663 12.037900 -0.273322 0.044726 0.960882 0.404700 0.000000 0.000000 0.000000 1.000000
0.948552 -0.063972 0.310091 0.000000 0.080615 0.995896 -0.041143 12.037900 -0.306186 0.064025 0.949816 0.404700 0.000000 0.000000 0.000000 1.000000
0.944074 -0.050829 0.325792 0.000000 0.076161 0.994944 -0.065470 12.037900 -0.320817 0.086621 0.943172 0.404700 0.000000 0.000000 0.000000 1.000000
0.943042 -0.040779 0.330166 -0.000000 0.073874 0.993349 -0.088316 12.037900 -0.324369 0.107676 0.939782 0.404700 0.000000 0.000000 0.000000 1.000000
0.943444 -0.035130 0.329665 0.000000 0.074528 0.991392 -0.107643 12.037900 -0.323046 0.126124 0.937941 0.404700 0.000000 0.000000 0.000000 1.000000
0.946273 -0.025825 0.322336 -0.000000 0.068528 0.990181 -0.121843 12.037900 -0.316025 0.137385 0.938751 0.404700 0.000000 0.000000 0.000000 1.000000
0.949584 -0.018451 0.312969 0.000000 0.062259 0.989483 -0.130566 12.037900 -0.307268 0.143468 0.940746 0.404700 0.000000 0.000000 0.000000 1.000000
0.955006 -0.015945 0.296158 0.000000 0.059092 0.988763 -0.137315 12.037900 -0.290641 0.148637 0.945217 0.404700 0.000000 0.000000 0.000000 1.000000
0.960791 -0.016513 0.276782 -0.000000 0.058259 0.987964 -0.143291 12.037900 -0.271085 0.153798 0.950189 0.404700 0.000000 0.000000 0.000000 1.000000
0.966126 -0.020264 0.257276 0.000000 0.059573 0.987500 -0.145928 12.037900 -0.251103 0.156312 0.955256 0.404700 0.000000 0.000000 0.000000 1.000000
0.970357 -0.027530 0.240101 -0.000000 0.063640 0.987534 -0.143964 12.037900 -0.233145 0.154977 0.960013 0.404700 0.000000 0.000000 0.000000 1.000000
0.973918 -0.034439 0.224271 0.000000 0.067272 0.987800 -0.140447 12.037900 -0.216698 0.151871 0.964353 0.404700 0.000000 0.000000 0.000000 1.000000
0.976793 -0.040360 0.210350 0.000000 0.070491 0.987952 -0.137778 12.037900 -0.202255 0.149409 0.967869 0.404700 0.000000 0.000000 0.000000 1.000000
0.980237 -0.045326 0.192562 -0.000000 0.071906 0.988454 -0.133372 12.037900 -0.184294 0.144583 0.972179 0.404700 0.000000 0.000000 0.000000 1.000000
0.982984 -0.047907 0.177332 0.000000 0.071628 0.988939 -0.129884 12.037900 -0.169148 0.140376 0.975543 0.404700 0.000000 0.000000 0.000000 1.000000
0.984246 -0.050267 0.169506 -0.000000 0.072968 0.988763 -0.130473 12.037900 -0.161042 0.140786 0.976854 0.404700 0.000000 0.000000 0.000000 1.000000
0.985698 -0.049462 0.161101 0.000000 0.070851 0.988998 -0.129856 12.037900 -0.152905 0.139413 0.978358 0.404700 0.000000 0.000000 0.000000 1.000000
0.987155 -0.047099 0.152665 0.000000 0.067612 0.988929 -0.132094 12.037900 -0.144753 0.140720 0.979410 0.404700 0.000000 0.000000 0.000000 1.000000
0.988883 -0.037865 0.143797 -0.000000 0.056797 0.989895 -0.129929 12.037900 -0.137424 0.136652 0.981041 0.404700 0.000000 0.000000 0.000000 1.000000
0.990708 -0.025279 0.133640 0.000000 0.042136 0.991279 -0.124859 12.037900 -0.129318 0.129330 0.983133 0.404700 0.000000 0.000000 0.000000 1.000000
0.993110 -0.014890 0.116239 0.000000 0.028968 0.992306 -0.120376 12.037900 -0.113552 0.122914 0.985900 0.404700 0.000000 0.000000 0.000000 1.000000
0.995140 -0.006069 0.098284 0.000000 0.017388 0.993246 -0.114721 12.037900 -0.096924 0.115873 0.988524 0.404700 0.000000 0.000000 0.000000 1.000000
0.997136 0.002548 0.075583 0.000000 0.005995 0.993624 -0.112582 12.037900 -0.075388 0.112713 0.990764 0.404700 0.000000 0.000000 0.000000 1.000000
0.998267 0.012082 0.057590 0.000000 -0.005783 0.994100 -0.108309 12.037900 -0.058559 0.107788 0.992448 0.404700 0.000000 0.000000 0.000000 1.000000
0.998725 0.021024 0.045898 -0.000000 -0.016120 0.994371 -0.104719 12.037900 -0.047842 0.103845 0.993442 0.404700 0.000000 0.000000 0.000000 1.000000
0.998632 0.032905 0.040637 0.000000 -0.028524 0.994164 -0.104035 12.037900 -0.043823 0.102734 0.993743 0.404700 0.000000 0.000000 0.000000 1.000000
0.998255 0.043766 0.039654 -0.000000 -0.039504 0.993944 -0.102540 12.037900 -0.043902 0.100794 0.993938 0.404700 0.000000 0.000000 0.000000 1.000000
0.998000 0.050502 0.038023 0.000000 -0.046575 0.994107 -0.097890 12.037900 -0.042742 0.095923 0.994471 0.404700 0.000000 0.000000 0.000000 1.000000
0.997713 0.055372 0.038765 0.000000 -0.051527 0.994237 -0.094013 12.037900 -0.043748 0.091800 0.994816 0.404700 0.000000 0.000000 0.000000 1.000000
0.997115 0.061586 0.044368 0.000000 -0.057402 0.994278 -0.090087 12.037900 -0.049662 0.087280 0.994945 0.404700 0.000000 0.000000 0.000000 1.000000
0.996600 0.066691 0.048379 -0.000000 -0.062252 0.994165 -0.088096 12.037900 -0.053972 0.084785 0.994936 0.404700 0.000000 0.000000 0.000000 1.000000
0.996315 0.068182 0.052041 0.000000 -0.063338 0.993958 -0.089645 12.037900 -0.057839 0.086018 0.994613 0.404700 0.000000 0.000000 0.000000 1.000000
0.995967 0.069330 0.056945 0.000000 -0.064016 0.993850 -0.090353 12.037900 -0.062859 0.086343 0.994280 0.404700 0.000000 0.000000 0.000000 1.000000
0.995346 0.071643 0.064455 0.000000 -0.065755 0.993836 -0.089257 12.037900 -0.070452 0.084604 0.993921 0.404700 0.000000 0.000000 0.000000 1.000000
0.994817 0.072671 0.071116 0.000000 -0.066221 0.993810 -0.089199 12.037900 -0.077158 0.084027 0.993472 0.404700 0.000000 0.000000 0.000000 1.000000
0.994355 0.073276 0.076740 -0.000000 -0.066194 0.993641 -0.091078 12.037900 -0.082926 0.085485 0.992883 0.404700 0.000000 0.000000 0.000000 1.000000
0.993897 0.073716 0.082067 0.000000 -0.065932 0.993403 -0.093825 12.037900 -0.088442 0.087841 0.992201 0.404700 0.000000 0.000000 0.000000 1.000000
0.993464 0.074017 0.086891 0.000000 -0.065507 0.993125 -0.097013 12.037900 -0.093474 0.090687 0.991483 0.404700 0.000000 0.000000 0.000000 1.000000
0.993082 0.074206 0.091004 -0.000000 -0.065004 0.992840 -0.100221 12.037900 -0.097789 0.093612 0.990795 0.404700 0.000000 0.000000 0.000000 1.000000
0.992776 0.074309 0.094198 -0.000000 -0.064519 0.992584 -0.103029 12.037900 -0.101155 0.096207 0.990208 0.404700 0.000000 0.000000 0.000000 1.000000
0.992575 0.074351 0.096266 -0.000000 -0.064153 0.992399 -0.105019 12.037900 -0.103342 0.098064 0.989800 0.404700 0.000000 0.000000 0.000000 1.000000
0.992503 0.074360 0.097002 0.000000 -0.064009 0.992328 -0.105775 12.037900 -0.104123 0.098773 0.989648 0.404700 0.000000 0.000000 0.000000 1.000000</float_array><technique_common><accessor source="#Spine1-Matrix-animation-output-transform-array" count="73" stride="16"><param type="float4x4"/></accessor></technique_common></source><source id="Spine1-Interpolations"><Name_array id="Spine1-Interpolations-array" count="73">
 LINEAR LINEAR LINEAR LINEAR LINEAR LINEAR LINEAR LINEAR LINEAR LINEAR LINEAR
LINEAR LINEAR LINEAR LINEAR LINEAR LINEAR LINEAR LINEAR LINEAR LINEAR LINEAR LINEAR
LINEAR LINEAR LINEAR LINEAR LINEAR LINEAR LINEAR LINEAR LINEAR LINEAR LINEAR LINEAR
LINEAR LINEAR LINEAR LINEAR LINEAR LINEAR LINEAR LINEAR LINEAR LINEAR LINEAR LINEAR
LINEAR LINEAR LINEAR LINEAR LINEAR LINEAR LINEAR LINEAR LINEAR LINEAR LINEAR LINEAR
LINEAR LINEAR LINEAR LINEAR LINEAR LINEAR LINEAR LINEAR LINEAR LINEAR LINEAR LINEAR
