<?xml version="1.0" encoding="utf-8"?>
<COLLADA xmlns="http://www.collada.org/2005/11/COLLADASchema" version="1.4.1">
  <asset><contributor><author>Mixamo</author><authoring_tool>COLLADA Mixamo exporter</authoring_tool><comments></comments></contributor><created>2019-11-23T11:03:05Z</created><modified>2019-11-23T11:03:05Z</modified><revision></revision><title></title><unit meter="0.010000"/><up_axis>Y_UP</up_axis></asset>
  <library_animations>
    <animation id="Hips-anim" name="Hips"><source id="Hips-Matrix-animation-input"><float_array id="Hips-Matrix-animation-input-array" count="43">

0.000000 0.033333 0.066667 0.100000 0.133333 0.166667 0.200000 0.233333 0.266667 0.300000 0.333333 0.366667 0.400000 0.433333 0.466667 0.500000
0.533333 0.566667 0.600000 0.633333 0.666667 0.700000 0.733333 0.766667 0.800000 0.833333 0.866667 0.900000 0.933333 0.966667 1.000000 1.033333
1.066667 1.100000 1.133333 1.166667 1.200000 1.233333 1.266667 1.300000 1.333333 1.366667 1.400000</float_array><technique_common><accessor source="#Hips-Matrix-animation-input-array" count="43"><param name="TIME" type="float"/></accessor></technique_common></source><source id="Hips-Matrix-animation-output-transform"><float_array id="Hips-Matrix-animation-output-transform-array" count="688">

0.991562 -0.073989 0.106446 3.446555 0.086475 0.989251 -0.117913 85.808899 -0.096577 0.126123 0.987302 1.998982 0.000000 0.000000 0.000000 1.000000
0.991514 -0.085373 0.098040 2.992327 0.094893 0.990757 -0.096935 86.539070 -0.088859 0.105416 0.990450 1.994416 0.000000 0.000000 0.000000 1.000000
0.991948 -0.091594 0.087467 2.626084 0.099177 0.991286 -0.086689 86.782379 -0.078765 0.094666 0.992388 1.866278 0.000000 0.000000 0.000000 1.000000
0.992986 -0.093877 0.071868 2.344489 0.100054 0.991100 -0.087811 86.638931 -0.062985 0.094385 0.993541 1.570916 0.000000 0.000000 0.000000 1.000000
0.994251 -0.094207 0.050886 2.117661 0.098724 0.990560 -0.095105 86.286636 -0.041446 0.099582 0.994166 1.087171 0.000000 0.000000 0.000000 1.000000
0.995157 -0.094515 0.027016 1.900314 0.096815 0.989973 -0.102856 85.746750 -0.017024 0.104974 0.994329 0.425157 0.000000 0.000000 0.000000 1.000000
0.995537 -0.094331 0.002592 1.697975 0.094053 0.989612 -0.108729 84.911354 0.007691 0.108487 0.994068 -0.322110 0.000000 0.000000 0.000000 1.000000
0.995588 -0.090936 -0.023124 1.586698 0.087750 0.989629 -0.113726 83.739357 0.033226 0.111195 0.993243 -0.968444 0.000000 0.000000 0.000000 1.000000
0.994952 -0.084661 -0.053881 1.602364 0.077644 0.989592 -0.121156 82.279099 0.063577 0.116361 0.991170 -1.390394 0.000000 0.000000 0.000000 1.000000
0.992633 -0.078464 -0.092317 1.855592 0.065485 0.988533 -0.136069 80.605820 0.101935 0.129021 0.986389 -1.302441 0.000000 0.000000 0.000000 1.000000
0.987550 -0.075678 -0.137908 2.416369 0.052877 0.985361 -0.162075 78.224304 0.148155 0.152765 0.977094 -0.291595 0.000000 0.000000 0.000000 1.000000
0.980088 -0.080158 -0.181666 2.992891 0.044025 0.979848 -0.194832 75.603836 0.193623 0.182954 0.963866 1.111474 0.000000 0.000000 0.000000 1.000000
0.973668 -0.089206 -0.209794 3.373544 0.041652 0.974382 -0.221009 72.949547 0.224135 0.206451 0.952440 2.048362 0.000000 0.000000 0.000000 1.000000
0.971482 -0.098430 -0.215718 3.407296 0.047792 0.972380 -0.228457 71.025986 0.232247 0.211632 0.949354 1.719875 0.000000 0.000000 0.000000 1.000000
0.972875 -0.101980 -0.207638 3.577335 0.055625 0.974377 -0.217932 70.234505 0.224543 0.200471 0.953620 1.256597 0.000000 0.000000 0.000000 1.000000
0.975413 -0.101741 -0.195495 3.689481 0.061471 0.977457 -0.201990 70.595032 0.211639 0.185007 0.959678 0.760370 0.000000 0.000000 0.000000 1.000000
0.978172 -0.098115 -0.183175 3.724592 0.062276 0.979408 -0.192045 72.006493 0.198246 0.176446 0.964140 0.524447 0.000000 0.000000 0.000000 1.000000
0.981697 -0.088996 -0.168374 3.868274 0.056657 0.980544 -0.187946 74.195618 0.181825 0.174967 0.967640 0.677280 0.000000 0.000000 0.000000 1.000000
0.986014 -0.071557 -0.150522 4.184321 0.043547 0.982379 -0.181757 76.744400 0.160875 0.172660 0.971755 1.201397 0.000000 0.000000 0.000000 1.000000
0.989923 -0.045863 -0.133973 4.636980 0.022809 0.985387 -0.168797 79.331703 0.139757 0.164041 0.976503 2.019342 0.000000 0.000000 0.000000 1.000000
0.992293 -0.016501 -0.122807 5.167601 -0.002462 0.988273 -0.152679 81.783752 0.123886 0.151805 0.980616 3.074799 0.000000 0.000000 0.000000 1.000000
0.993367 0.010964 -0.114467 5.771695 -0.027202 0.989596 -0.141279 83.953438 0.111727 0.143455 0.983330 4.292579 0.000000 0.000000 0.000000 1.000000
0.994273 0.031329 -0.102175 6.409306 -0.044833 0.990145 -0.132673 85.838020 0.097011 0.136494 0.985879 5.471973 0.000000 0.000000 0.000000 1.000000
0.995552 0.044917 -0.082815 7.141786 -0.055272 0.990320 -0.127321 87.101486 0.076295 0.131332 0.988398 6.451145 0.000000 0.000000 0.000000 1.000000
0.996734 0.054010 -0.060034 7.787782 -0.061121 0.990432 -0.123727 87.844131 0.052777 0.126992 0.990499 7.224023 0.000000 0.000000 0.000000 1.000000
0.997556 0.059862 -0.036039 8.312263 -0.063812 0.990618 -0.120844 87.989601 0.028467 0.122849 0.992017 7.861405 0.000000 0.000000 0.000000 1.000000
0.997917 0.063418 -0.011789 8.751109 -0.064370 0.990859 -0.118556 87.328018 0.004162 0.119068 0.992877 8.242277 0.000000 0.000000 0.000000 1.000000
0.997895 0.063792 0.011710 9.106068 -0.061995 0.991225 -0.116746 85.654587 -0.019054 0.115774 0.993093 8.198208 0.000000 0.000000 0.000000 1.000000
0.997650 0.060004 0.033088 9.367128 -0.055819 0.991741 -0.115472 82.932068 -0.039744 0.113353 0.992760 7.741045 0.000000 0.000000 0.000000 1.000000
0.997498 0.051251 0.048700 9.205782 -0.045224 0.992021 -0.117684 79.750412 -0.054343 0.115187 0.991856 7.329597 0.000000 0.000000 0.000000 1.000000
0.997114 0.040159 0.064427 8.728952 -0.032098 0.992059 -0.121609 76.269653 -0.068799 0.119190 0.990485 7.252007 0.000000 0.000000 0.000000 1.000000
0.996438 0.029083 0.079160 8.103073 -0.018812 0.991656 -0.127529 73.078728 -0.082209 0.125585 0.988671 7.329899 0.000000 0.000000 0.000000 1.000000
0.995907 0.022338 0.087585 7.489876 -0.010047 0.990334 -0.138337 71.322083 -0.089828 0.136891 0.986505 6.783868 0.000000 0.000000 0.000000 1.000000
0.995321 0.018465 0.094839 7.064988 -0.003851 0.988371 -0.152014 70.630180 -0.096543 0.150938 0.983818 5.628685 0.000000 0.000000 0.000000 1.000000
0.994707 0.015572 0.101562 6.909704 0.001262 0.986522 -0.163623 70.797752 -0.102741 0.162885 0.981281 4.122807 0.000000 0.000000 0.000000 1.000000
0.994261 0.012000 0.106308 6.848531 0.006385 0.985262 -0.170935 71.922302 -0.106793 0.170633 0.979530 2.708073 0.000000 0.000000 0.000000 1.000000
0.993826 0.005708 0.110799 6.675190 0.013811 0.984543 -0.174600 73.914352 -0.110083 0.175052 0.978386 1.785582 0.000000 0.000000 0.000000 1.000000
0.993291 -0.004567 0.115551 6.265697 0.025001 0.984069 -0.176020 76.300415 -0.112906 0.177728 0.977581 1.464189 0.000000 0.000000 0.000000 1.000000
0.992822 -0.017868 0.118256 5.693053 0.038588 0.983754 -0.175327 78.754539 -0.113202 0.178632 0.977382 1.473883 0.000000 0.000000 0.000000 1.000000
0.992263 -0.030686 0.120298 5.101621 0.051166 0.983932 -0.171056 81.040268 -0.113116 0.175888 0.977890 1.602498 0.000000 0.000000 0.000000 1.000000
0.991887 -0.043744 0.119363 4.529174 0.063045 0.984600 -0.163059 83.000298 -0.110392 0.169261 0.979369 1.794746 0.000000 0.000000 0.000000 1.000000
0.991734 -0.058812 0.114039 3.971770 0.074930 0.986934 -0.142644 84.615753 -0.104160 0.150010 0.983182 1.939694 0.000000 0.000000 0.000000 1.000000
0.991579 -0.073926 0.106327 3.446065 0.086399 0.989256 -0.117931 85.810402 -0.096466 0.126124 0.987313 2.028808 0.000000 0.000000 0.000000 1.000000</float_array><technique_common><accessor source="#Hips-Matrix-animation-output-transform-array" count="43" stride="16"><param type="float4x4"/></accessor></technique_common></source><source id="Hips-Interpolations"><Name_array id="Hips-Interpolations-array" count="43">
 LINEAR LINEAR LINEAR LINEAR LINEAR LINEAR LINEAR LINEAR LINEAR LINEAR LINEAR
LINEAR LINEAR LINEAR LINEAR LINEAR LINEAR LINEAR LINEAR LINEAR LINEAR LINEAR LINEAR
LINEAR LINEAR LINEAR LINEAR LINEAR LINEAR LINEAR LINEAR LINEAR LINEAR LINEAR LINEAR
LINEAR LINEAR LINEAR LINEAR LINEAR LINEAR LINEAR LINEAR</Name_array><technique_common><accessor source="#Hips-Interpolations-array" count="43"><param type="name"/></accessor></technique_common></source><sampler id="Hips-Matrix-animation-transform"><input semantic="INPUT" source="#Hips-Matrix-animation-input"/><input semantic="OUTPUT" source="#Hips-Matrix-animation-output-transform"/><input semantic="INTERPOLATION" source="#Hips-Interpolations"/></sampler><channel source="#Hips-Matrix-animation-transform" target="Hips/matrix"/></animation>
    <animation id="Spine-anim" name="Spine"><source id="Spine-Matrix-animation-input"><float_array id="Spine-Matrix-animation-input-array" count="43">

0.000000 0.033333 0.066667 0.100000 0.133333 0.166667 0.200000 0.233333 0.266667 0.300000 0.333333 0.366667 0.400000 0.433333 0.466667 0.500000
0.533333 0.566667 0.600000 0.633333 0.666667 0.700000 0.733333 0.766667 0.800000 0.833333 0.866667 0.900000 0.933333 0.966667 1.000000 1.033333
1.066667 1.100000 1.133333 1.166667 1.200000 1.233333 1.266667 1.300000 1.333333 1.366667 1.400000</float_array><technique_common><accessor source="#Spine-Matrix-animation-input-array" count="43"><param name="TIME" type="float"/></accessor></technique_common></source><source id="Spine-Matrix-animation-output-transform"><float_array id="Spine-Matrix-animation-output-transform-array" count="688">

0.999588 -0.013390 0.025371 0.000000 0.015753 0.995318 -0.095367 13.784800 -0.023976 0.095727 0.995119 0.064400 0.000000 0.000000 0.000000 1.000000
0.999378 -0.005440 0.034837 -0.000000 0.008870 0.995040 -0.099078 13.784800 -0.034126 0.099326 0.994470 0.064400 0.000000 0.000000 0.000000 1.000000
0.999081 0.001145 0.042847 -0.000000 0.003245 0.994753 -0.102250 13.784800 -0.042740 0.102295 0.993836 0.064400 0.000000 0.000000 0.000000 1.000000
0.998731 0.006807 0.049903 0.000000 -0.001587 0.994585 -0.103909 13.784800 -0.050340 0.103698 0.993334 0.064400 0.000000 0.000000 0.000000 1.000000
0.998349 0.012534 0.056059 0.000000 -0.006619 0.994505 -0.104481 13.784800 -0.057060 0.103938 0.992946 0.064400 0.000000 0.000000 0.000000 1.000000
0.997939 0.019167 0.061245 0.000000 -0.012671 0.994418 -0.104749 13.784800 -0.062910 0.103757 0.992611 0.064400 0.000000 0.000000 0.000000 1.000000
0.997504 0.025206 0.065959 0.000000 -0.018179 0.994302 -0.105037 13.784800 -0.068230 0.103576 0.992279 0.064400 0.000000 0.000000 0.000000 1.000000
0.997085 0.027854 0.071038 0.000000 -0.020265 0.994224 -0.105396 13.784800 -0.073564 0.103649 0.991890 0.064400 0.000000 0.000000 0.000000 1.000000
0.996663 0.028511 0.076482 0.000000 -0.020292 0.994143 -0.106155 13.784800 -0.079060 0.104248 0.991404 0.064400 0.000000 0.000000 0.000000 1.000000
0.996268 0.030422 0.080771 -0.000000 -0.021646 0.993981 -0.107394 13.784800 -0.083552 0.105245 0.990930 0.064400 0.000000 0.000000 0.000000 1.000000
0.995798 0.034557 0.084812 0.000000 -0.025271 0.993807 -0.108210 13.784800 -0.088026 0.105612 0.990504 0.064400 0.000000 0.000000 0.000000 1.000000
0.995218 0.040474 0.088897 0.000000 -0.030790 0.993705 -0.107718 13.784800 -0.092697 0.104465 0.990199 0.064400 0.000000 0.000000 0.000000 1.000000
0.994889 0.044013 0.090877 -0.000000 -0.034245 0.993737 -0.106372 13.784800 -0.094989 0.102716 0.990165 0.064400 0.000000 0.000000 0.000000 1.000000
0.995151 0.044860 0.087536 -0.000000 -0.035467 0.993728 -0.106050 13.784800 -0.091744 0.102431 0.990500 0.064400 0.000000 0.000000 0.000000 1.000000
0.995888 0.042650 0.079926 0.000000 -0.033958 0.993666 -0.107122 13.784800 -0.083989 0.103967 0.991028 0.064400 0.000000 0.000000 0.000000 1.000000
0.996853 0.040977 0.067855 0.000000 -0.033499 0.993597 -0.107901 13.784800 -0.071842 0.105289 0.991843 0.064400 0.000000 0.000000 0.000000 1.000000
0.997841 0.039417 0.052529 -0.000000 -0.033637 0.993721 -0.106706 13.784800 -0.056406 0.104709 0.992902 0.064400 0.000000 0.000000 0.000000 1.000000
0.998703 0.036380 0.035631 0.000000 -0.032497 0.994041 -0.104051 13.784800 -0.039204 0.102758 0.993933 0.064400 0.000000 0.000000 0.000000 1.000000
0.999325 0.031480 0.018957 0.000000 -0.029401 0.994405 -0.101464 13.784800 -0.022045 0.100838 0.994659 0.064400 0.000000 0.000000 0.000000 1.000000
0.999650 0.026219 0.003529 0.000000 -0.025739 0.994720 -0.099344 13.784800 -0.006116 0.099219 0.995047 0.064400 0.000000 0.000000 0.000000 1.000000
0.999691 0.022532 -0.010475 -0.000000 -0.023443 0.995012 -0.096961 13.784800 0.008238 0.097176 0.995233 0.064400 0.000000 0.000000 0.000000 1.000000
0.999541 0.019199 -0.023414 0.000000 -0.021316 0.995361 -0.093818 13.784800 0.021504 0.094274 0.995314 0.064400 0.000000 0.000000 0.000000 1.000000
0.999252 0.014860 -0.035699 0.000000 -0.018037 0.995744 -0.090379 13.784800 0.034204 0.090955 0.995267 0.064400 0.000000 0.000000 0.000000 1.000000
0.998878 0.006757 -0.046879 0.000000 -0.010993 0.995818 -0.090696 13.784800 0.046070 0.091109 0.994775 0.064400 0.000000 0.000000 0.000000 1.000000
0.998434 -0.002514 -0.055885 0.000000 -0.002670 0.995710 -0.092486 13.784800 0.055878 0.092491 0.994144 0.064400 0.000000 0.000000 0.000000 1.000000
0.998058 -0.012930 -0.060943 0.000000 0.007080 0.995428 -0.095248 13.784800 0.061896 0.094632 0.993586 0.064400 0.000000 0.000000 0.000000 1.000000
0.997735 -0.024238 -0.062745 0.000000 0.017971 0.994967 -0.098580 13.784800 0.064819 0.097229 0.993149 0.064400 0.000000 0.000000 0.000000 1.000000
0.997361 -0.034603 -0.063818 0.000000 0.027975 0.994394 -0.101970 13.784800 0.066989 0.099916 0.992738 0.064400 0.000000 0.000000 0.000000 1.000000
0.996973 -0.042854 -0.064878 0.000000 0.035886 0.993826 -0.104986 13.784800 0.068977 0.102340 0.992355 0.064400 0.000000 0.000000 0.000000 1.000000
0.996715 -0.045368 -0.067090 -0.000000 0.038045 0.993566 -0.106672 13.784800 0.071498 0.103769 0.992028 0.064400 0.000000 0.000000 0.000000 1.000000
0.996422 -0.044787 -0.071680 0.000000 0.036887 0.993469 -0.107976 13.784800 0.076047 0.104946 0.991566 0.064400 0.000000 0.000000 0.000000 1.000000
0.996126 -0.043015 -0.076705 0.000000 0.034486 0.993417 -0.109239 13.784800 0.080899 0.106171 0.991052 0.064400 0.000000 0.000000 0.000000 1.000000
0.996198 -0.041586 -0.076549 0.000000 0.032945 0.993288 -0.110879 13.784800 0.080646 0.107936 0.990881 0.064400 0.000000 0.000000 0.000000 1.000000
0.996442 -0.041385 -0.073428 0.000000 0.032921 0.993055 -0.112948 13.784800 0.077592 0.110129 0.990884 0.064400 0.000000 0.000000 0.000000 1.000000
0.996835 -0.042791 -0.066998 0.000000 0.034893 0.992764 -0.114900 13.784800 0.071430 0.112199 0.991115 0.064400 0.000000 0.000000 0.000000 1.000000
0.997444 -0.044534 -0.055870 0.000000 0.037803 0.992502 -0.116240 13.784800 0.060628 0.113831 0.991649 0.064400 0.000000 0.000000 0.000000 1.000000
0.998079 -0.045439 -0.042108 0.000000 0.040286 0.992429 -0.116028 13.784800 0.047061 0.114109 0.992353 0.064400 0.000000 0.000000 0.000000 1.000000
0.998613 -0.043679 -0.029406 0.000000 0.040065 0.992683 -0.113908 13.784800 0.034166 0.112572 0.993056 0.064400 0.000000 0.000000 0.000000 1.000000
0.999014 -0.040354 -0.018491 0.000000 0.038109 0.993324 -0.108884 13.784800 0.022761 0.108072 0.993882 0.064400 0.000000 0.000000 0.000000 1.000000
0.999402 -0.033570 -0.008251 0.000000 0.032557 0.994277 -0.101750 13.784800 0.011620 0.101421 0.994776 0.064400 0.000000 0.000000 0.000000 1.000000
0.999599 -0.028171 0.002826 -0.000000 0.028312 0.995007 -0.095707 13.784800 -0.000116 0.095749 0.995406 0.064400 0.000000 0.000000 0.000000 1.000000
0.999661 -0.021611 0.014491 0.000000 0.022874 0.995354 -0.093522 13.784800 -0.012403 0.093822 0.995512 0.064400 0.000000 0.000000 0.000000 1.000000
0.999584 -0.013453 0.025495 0.000000 0.015828 0.995316 -0.095374 13.784800 -0.024093 0.095738 0.995115 0.064400 0.000000 0.000000 0.000000 1.000000</float_array><technique_common><accessor source="#Spine-Matrix-animation-output-transform-array" count="43" stride="16"><param type="float4x4"/></accessor></technique_common></source><source id="Spine-Interpolations"><Name_array id="Spine-Interpolations-array" count="43">
 LINEAR LINEAR LINEAR LINEAR LINEAR LINEAR LINEAR LINEAR LINEAR LINEAR LINEAR
LINEAR LINEAR LINEAR LINEAR LINEAR LINEAR LINEAR LINEAR LINEAR LINEAR LINEAR LINEAR
LINEAR LINEAR LINEAR LINEAR LINEAR LINEAR LINEAR LINEAR LINEAR LINEAR LINEAR LINEAR
LINEAR LINEAR LINEAR LINEAR LINEAR LINEAR LINEAR LINEAR</Name_array><technique_common><accessor source="#Spine-Interpolations-array" count="43"><param type="name"/></accessor></technique_common></source><sampler id="Spine-Matrix-animation-transform"><input semantic="INPUT" source="#Spine-Matrix-animation-input"/><input semantic="OUTPUT" source="#Spine-Matrix-animation-output-transform"/><input semantic="INTERPOLATION" source="#Spine-Interpolations"/></sampler><channel source="#Spine-Matrix-animation-transform" target="Spine/matrix"/></animation>
    <animation id="Spine1-anim" name="Spine1"><source id="Spine1-Matrix-animation-input"><float_array id="Spine1-Matrix-animation-input-array" count="43">

0.000000 0.033333 0.066667 0.100000 0.133333 0.166667 0.200000 0.233333 0.266667 0.300000 0.333333 0.366667 0.400000 0.433333 0.466667 0.500000
0.533333 0.566667 0.600000 0.633333 0.666667 0.700000 0.733333 0.766667 0.800000 0.833333 0.866667 0.900000 0.933333 0.966667 1.000000 1.033333
1.066667 1.100000 1.133333 1.166667 1.200000 1.233333 1.266667 1.300000 1.333333 1.366667 1.400000</float_array><technique_common><accessor source="#Spine1-Matrix-animation-input-array" count="43"><param name="TIME" type="float"/></accessor></technique_common></source><source id="Spine1-Matrix-animation-output-transform"><float_array id="Spine1-Matrix-animation-output-transform-array" count="688">

0.998504 0.037618 0.039688 -0.000000 -0.029556 0.981895 -0.187106 12.037900 -0.046008 0.185653 0.981538 0.404700 0.000000 0.000000 0.000000 1.000000
0.996908 0.051249 0.059570 0.000000 -0.038684 0.979908 -0.195663 12.037900 -0.068401 0.192754 0.978860 0.404700 0.000000 0.000000 0.000000 1.000000
0.995315 0.060592 0.075340 0.000000 -0.044178 0.978171 -0.203053 12.037900 -0.085999 0.198773 0.976265 0.404700 0.000000 0.000000 0.000000 1.000000
0.993847 0.066199 0.088804 0.000000 -0.046561 0.977161 -0.207337 12.037900 -0.100501 0.201927 0.974231 0.404700 0.000000 0.000000 0.000000 1.000000
0.992446 0.069506 0.101091 0.000000 -0.047086 0.976720 -0.209288 12.037900 -0.113285 0.202947 0.972615 0.404700 0.000000 0.000000 0.000000 1.000000
0.991146 0.071786 0.111695 0.000000 -0.046998 0.976460 -0.210517 12.037900 -0.124178 0.203404 0.971188 0.404700 0.000000 0.000000 0.000000 1.000000
0.990046 0.074083 0.119672 0.000000 -0.047378 0.976061 -0.212273 12.037900 -0.132532 0.204491 0.969855 0.404700 0.000000 0.000000 0.000000 1.000000
0.989110 0.077156 0.125333 0.000000 -0.048800 0.975328 -0.215297 12.037900 -0.138852 0.206837 0.968472 0.404700 0.000000 0.000000 0.000000 1.000000
0.988095 0.081486 0.130493 0.000000 -0.051368 0.974276 -0.219425 12.037900 -0.145016 0.210109 0.966863 0.404700 0.000000 0.000000 0.000000 1.000000
0.986728 0.087814 0.136586 -0.000000 -0.055747 0.973228 -0.222978 12.037900 -0.152510 0.212404 0.965207 0.404700 0.000000 0.000000 0.000000 1.000000
0.985030 0.097228 0.142347 0.000000 -0.063666 0.972569 -0.223732 12.037900 -0.160195 0.211320 0.964200 0.404700 0.000000 0.000000 0.000000 1.000000
0.983483 0.109475 0.144138 0.000000 -0.075739 0.972189 -0.221612 12.037900 -0.164390 0.207035 0.964423 0.404700 0.000000 0.000000 0.000000 1.000000
0.982756 0.121464 0.139414 0.000000 -0.088939 0.971549 -0.219506 12.037900 -0.162110 0.203321 0.965599 0.404700 0.000000 0.000000 0.000000 1.000000
0.983211 0.128670 0.129386 0.000000 -0.098033 0.970519 -0.220185 12.037900 -0.153903 0.203804 0.966839 0.404700 0.000000 0.000000 0.000000 1.000000
0.984766 0.128347 0.117312 -0.000000 -0.099878 0.969783 -0.222587 12.037900 -0.142336 0.207480 0.967829 0.404700 0.000000 0.000000 0.000000 1.000000
0.987183 0.120782 0.104312 0.000000 -0.095206 0.970279 -0.222476 12.037900 -0.128083 0.209693 0.969342 0.404700 0.000000 0.000000 0.000000 1.000000
0.990252 0.107496 0.088573 0.000000 -0.086092 0.972263 -0.217467 12.037900 -0.109493 0.207722 0.972041 0.404700 0.000000 0.000000 0.000000 1.000000
0.993714 0.089173 0.067685 0.000000 -0.073234 0.975074 -0.209445 12.037900 -0.084674 0.203171 0.975475 0.404700 0.000000 0.000000 0.000000 1.000000
0.996946 0.066117 0.041567 0.000000 -0.056438 0.977814 -0.201730 12.037900 -0.053983 0.198768 0.978559 0.404700 0.000000 0.000000 0.000000 1.000000
0.999123 0.039871 0.012807 0.000000 -0.036525 0.979273 -0.199227 12.037900 -0.020484 0.198584 0.979870 0.404700 0.000000 0.000000 0.000000 1.000000
0.999790 0.013304 -0.015588 0.000000 -0.016135 0.979983 -0.198428 12.037900 0.012636 0.198637 0.979992 0.404700 0.000000 0.000000 0.000000 1.000000
0.999061 -0.010833 -0.041950 0.000000 0.002280 0.980042 -0.198776 12.037900 0.043266 0.198493 0.979147 0.404700 0.000000 0.000000 0.000000 1.000000
0.997354 -0.031134 -0.065697 -0.000000 0.017427 0.979698 -0.199718 12.037900 0.070582 0.198045 0.977648 0.404700 0.000000 0.000000 0.000000 1.000000
0.995162 -0.047525 -0.085987 -0.000000 0.029423 0.979213 -0.200689 12.037900 0.093738 0.197188 0.975874 0.404700 0.000000 0.000000 0.000000 1.000000
0.992987 -0.060453 -0.101597 -0.000000 0.038967 0.978712 -0.201504 12.037900 0.111615 0.196132 0.974204 0.404700 0.000000 0.000000 0.000000 1.000000
0.991287 -0.069128 -0.112125 0.000000 0.045220 0.978086 -0.203229 12.037900 0.123716 0.196388 0.972690 0.404700 0.000000 0.000000 0.000000 1.000000
0.990086 -0.075446 -0.118483 -0.000000 0.049859 0.977345 -0.205697 12.037900 0.131318 0.197751 0.971417 0.404700 0.000000 0.000000 0.000000 1.000000
0.989281 -0.080687 -0.121707 0.000000 0.054000 0.976537 -0.208471 12.037900 0.135672 0.199664 0.970426 0.404700 0.000000 0.000000 0.000000 1.000000
0.988719 -0.084689 -0.123539 0.000000 0.057206 0.975790 -0.211093 12.037900 0.138426 0.201645 0.969628 0.404700 0.000000 0.000000 0.000000 1.000000
0.988526 -0.086411 -0.123891 -0.000000 0.058564 0.975302 -0.212968 12.037900 0.139234 0.203269 0.969173 0.404700 0.000000 0.000000 0.000000 1.000000
0.988497 -0.087289 -0.123504 0.000000 0.059236 0.974842 -0.214883 12.037900 0.139154 0.205095 0.968799 0.404700 0.000000 0.000000 0.000000 1.000000
0.988663 -0.087313 -0.122158 -0.000000 0.059208 0.974325 -0.217222 12.037900 0.137988 0.207527 0.968448 0.404700 0.000000 0.000000 0.000000 1.000000
0.989303 -0.085311 -0.118327 0.000000 0.057529 0.973587 -0.220950 12.037900 0.134052 0.211779 0.968080 0.404700 0.000000 0.000000 0.000000 1.000000
0.990403 -0.080709 -0.112196 0.000000 0.053740 0.972784 -0.225395 12.037900 0.127334 0.217202 0.967786 0.404700 0.000000 0.000000 0.000000 1.000000
0.991703 -0.074171 -0.104990 0.000000 0.048562 0.972389 -0.228256 12.037900 0.119021 0.221264 0.967924 0.404700 0.000000 0.000000 0.000000 1.000000
0.993334 -0.065795 -0.094651 0.000000 0.042827 0.972977 -0.226894 12.037900 0.107022 0.221328 0.969309 0.404700 0.000000 0.000000 0.000000 1.000000
0.995103 -0.055733 -0.081635 0.000000 0.036115 0.973786 -0.224582 12.037900 0.092011 0.220534 0.971030 0.404700 0.000000 0.000000 0.000000 1.000000
0.996777 -0.044107 -0.067012 0.000000 0.028333 0.975020 -0.220304 12.037900 0.075055 0.217695 0.973127 0.404700 0.000000 0.000000 0.000000 1.000000
0.998218 -0.030990 -0.051003 0.000000 0.019593 0.977414 -0.210426 12.037900 0.056372 0.209051 0.976279 0.404700 0.000000 0.000000 0.000000 1.000000
0.999411 -0.011782 -0.032237 0.000000 0.005214 0.980457 -0.196664 12.037900 0.033924 0.196381 0.979941 0.404700 0.000000 0.000000 0.000000 1.000000
0.999943 0.004778 -0.009521 -0.000000 -0.006461 0.982634 -0.185441 12.037900 0.008470 0.185492 0.982609 0.404700 0.000000 0.000000 0.000000 1.000000
0.999650 0.021293 0.015691 0.000000 -0.018080 0.983094 -0.182209 12.037900 -0.019306 0.181861 0.983135 0.404700 0.000000 0.000000 0.000000 1.000000
0.998504 0.037610 0.039688 0.000000 -0.029547 0.981893 -0.187116 12.037900 -0.046007 0.185663 0.981536 0.404700 0.000000 0.000000 0.000000 1.000000</float_array><technique_common><accessor source="#Spine1-Matrix-animation-output-transform-array" count="43" stride="16"><param type="float4x4"/></accessor></technique_common></source><source id="Spine1-Interpolations"><Name_array id="Spine1-Interpolations-array" count="43">
 LINEAR LINEAR LINEAR LINEAR LINEAR LINEAR LINEAR LINEAR LINEAR LINEAR LINEAR
LINEAR LINEAR LINEAR LINEAR LINEAR LINEAR LINEAR LINEAR LINEAR LINEAR LINEAR LINEAR
LINEAR LINEAR LINEAR LINEAR LINEAR LINEAR LINEAR LINEAR LINEAR LINEAR LINEAR LINEAR
LINEAR LINEAR LINEAR LINEAR LINEAR LINEAR LINEAR LINEAR</Name_array><technique_common><accessor source="#Spine1-Interpolations-array" count="43"><param type="name"/></accessor></technique_common></source><sampler id="Spine1-Matrix-animation-transform"><input semantic="INPUT" source="#Spine1-Matrix-animation-input"/><input semantic="OUTPUT" source="#Spine1-Matrix-animation-output-transform"/><input semantic="INTERPOLATION" source="#Spine1-Interpolations"/></sampler><channel source="#Spine1-Matrix-animation-transform" target="Spine1/matrix"/></animation>
    <animation id="Spine2-anim" name="Spine2"><source id="Spine2-Matrix-animation-input"><float_array id="Spine2-Matrix-animation-input-array" count="43">

0.000000 0.033333 0.066667 0.100000 0.133333 0.166667 0.200000 0.233333 0.266667 0.300000 0.333333 0.366667 0.400000 0.433333 0.466667 0.500000
0.533333 0.566667 0.600000 0.633333 0.666667 0.700000 0.733333 0.766667 0.800000 0.833333 0.866667 0.900000 0.933333 0.966667 1.000000 1.033333
1.066667 1.100000 1.133333 1.166667 1.200000 1.233333 1.266667 1.300000 1.333333 1.366667 1.400000</float_array><technique_common><accessor source="#Spine2-Matrix-animation-input-array" count="43"><param name="TIME" type="float"/></accessor></technique_common></source><source id="Spine2-Matrix-animation-output-transform"><float_array id="Spine2-Matrix-animation-output-transform-array" count="688">

0.998506 0.037418 0.039808 -0.000000 -0.029336 0.981900 -0.187116 17.795601 -0.046089 0.185669 0.981531 0.420200 0.000000 0.000000 0.000000 1.000000
0.996910 0.050976 0.059759 0.000000 -0.038378 0.979919 -0.195668 17.795601 -0.068533 0.192770 0.978848 0.420200 0.000000 0.000000 0.000000 1.000000
0.995314 0.060300 0.075590 -0.000000 -0.043842 0.978189 -0.203036 17.795601 -0.086184 0.198771 0.976249 0.420200 0.000000 0.000000 0.000000 1.000000
0.993840 0.065924 0.089084 -0.000000 -0.046238 0.977185 -0.207294 17.795601 -0.100717 0.201898 0.974214 0.420200 0.000000 0.000000 0.000000 1.000000
0.992436 0.069270 0.101352 0.000000 -0.046807 0.976745 -0.209231 17.795601 -0.113488 0.202905 0.972600 0.420200 0.000000 0.000000 0.000000 1.000000
0.991136 0.071630 0.111888 0.000000 -0.046812 0.976480 -0.210463 17.795601 -0.124332 0.203360 0.971178 0.420200 0.000000 0.000000 0.000000 1.000000
0.990031 0.074102 0.119778 0.000000 -0.047383 0.976074 -0.212212 17.795601 -0.132638 0.204421 0.969855 0.420200 0.000000 0.000000 0.000000 1.000000
0.989082 0.077473 0.125358 0.000000 -0.049122 0.975336 -0.215191 17.795601 -0.138938 0.206684 0.968493 0.420200 0.000000 0.000000 0.000000 1.000000
0.988049 0.082121 0.130444 0.000000 -0.052030 0.974278 -0.219259 17.795601 -0.145095 0.209852 0.966907 0.420200 0.000000 0.000000 0.000000 1.000000
0.986676 0.088574 0.136476 0.000000 -0.056548 0.973222 -0.222803 17.795601 -0.152556 0.212116 0.965263 0.420200 0.000000 0.000000 0.000000 1.000000
0.984994 0.097820 0.142192 0.000000 -0.064301 0.972551 -0.223629 17.795601 -0.160164 0.211130 0.964247 0.420200 0.000000 0.000000 0.000000 1.000000
0.983470 0.109805 0.143975 0.000000 -0.076105 0.972168 -0.221580 17.795601 -0.164299 0.206960 0.964455 0.420200 0.000000 0.000000 0.000000 1.000000
0.982739 0.121727 0.139305 -0.000000 -0.089234 0.971537 -0.219436 17.795601 -0.162051 0.203218 0.965630 0.420200 0.000000 0.000000 0.000000 1.000000
0.983160 0.129063 0.129382 -0.000000 -0.098455 0.970523 -0.219981 17.795601 -0.153960 0.203538 0.966886 0.420200 0.000000 0.000000 0.000000 1.000000
0.984686 0.128839 0.117451 0.000000 -0.100381 0.969805 -0.222266 17.795601 -0.142541 0.207072 0.967886 0.420200 0.000000 0.000000 0.000000 1.000000
0.987100 0.121193 0.104620 -0.000000 -0.095589 0.970319 -0.222135 17.795601 -0.128436 0.209269 0.969387 0.420200 0.000000 0.000000 0.000000 1.000000
0.990181 0.107740 0.089066 -0.000000 -0.086262 0.972315 -0.217170 17.795601 -0.109998 0.207354 0.972062 0.420200 0.000000 0.000000 0.000000 1.000000
0.993658 0.089290 0.068342 -0.000000 -0.073235 0.975124 -0.209212 17.795601 -0.085323 0.202880 0.975479 0.420200 0.000000 0.000000 0.000000 1.000000
0.996911 0.066189 0.042286 0.000000 -0.056372 0.977847 -0.201585 17.795601 -0.054692 0.198579 0.978558 0.420200 0.000000 0.000000 0.000000 1.000000
0.999111 0.039977 0.013409 0.000000 -0.036508 0.979262 -0.199282 17.795601 -0.021097 0.198615 0.979850 0.420200 0.000000 0.000000 0.000000 1.000000
0.999792 0.013485 -0.015268 0.000000 -0.016252 0.979915 -0.198752 17.795601 0.012281 0.198959 0.979931 0.420200 0.000000 0.000000 0.000000 1.000000
0.999063 -0.010581 -0.041969 -0.000000 0.002002 0.979920 -0.199379 17.795601 0.043236 0.199109 0.979023 0.420200 0.000000 0.000000 0.000000 1.000000
0.997343 -0.030863 -0.065990 0.000000 0.017042 0.979533 -0.200560 17.795601 0.070830 0.198903 0.977456 0.420200 0.000000 0.000000 0.000000 1.000000
0.995133 -0.047324 -0.086432 -0.000000 0.029042 0.979022 -0.201676 17.795601 0.094163 0.198184 0.975631 0.420200 0.000000 0.000000 0.000000 1.000000
0.992942 -0.060404 -0.102068 -0.000000 0.038710 0.978515 -0.202510 17.795601 0.112108 0.197129 0.973947 0.420200 0.000000 0.000000 0.000000 1.000000
0.991235 -0.069191 -0.112541 -0.000000 0.045084 0.977905 -0.204129 17.795601 0.124179 0.197266 0.972453 0.420200 0.000000 0.000000 0.000000 1.000000
0.990044 -0.075479 -0.118813 0.000000 0.049729 0.977202 -0.206408 17.795601 0.131684 0.198444 0.971226 0.420200 0.000000 0.000000 0.000000 1.000000
0.989253 -0.080632 -0.121971 0.000000 0.053826 0.976444 -0.208949 17.795601 0.135946 0.200139 0.970290 0.420200 0.000000 0.000000 0.000000 1.000000
0.988708 -0.084518 -0.123749 0.000000 0.056958 0.975749 -0.211350 17.795601 0.138611 0.201915 0.969545 0.420200 0.000000 0.000000 0.000000 1.000000
0.988529 -0.086144 -0.124056 0.000000 0.058241 0.975284 -0.213141 17.795601 0.139350 0.203471 0.969114 0.420200 0.000000 0.000000 0.000000 1.000000
0.988515 -0.086927 -0.123620 0.000000 0.058834 0.974835 -0.215024 17.795601 0.139200 0.205281 0.968753 0.420200 0.000000 0.000000 0.000000 1.000000
0.988697 -0.086855 -0.122209 0.000000 0.058723 0.974320 -0.217376 17.795601 0.137950 0.207742 0.968407 0.420200 0.000000 0.000000 0.000000 1.000000
0.989355 -0.084797 -0.118259 0.000000 0.057007 0.973567 -0.221175 17.795601 0.133888 0.212079 0.968037 0.420200 0.000000 0.000000 0.000000 1.000000
0.990469 -0.080180 -0.111996 -0.000000 0.053223 0.972740 -0.225709 17.795601 0.127040 0.217597 0.967736 0.420200 0.000000 0.000000 0.000000 1.000000
0.991767 -0.073659 -0.104748 0.000000 0.048070 0.972330 -0.228611 17.795601 0.118689 0.221694 0.967866 0.420200 0.000000 0.000000 0.000000 1.000000
0.993383 -0.065327 -0.094456 0.000000 0.042379 0.972928 -0.227192 17.795601 0.106741 0.221685 0.969258 0.420200 0.000000 0.000000 0.000000 1.000000
0.995135 -0.055321 -0.081523 0.000000 0.035719 0.973758 -0.224767 17.795601 0.091818 0.220762 0.970996 0.420200 0.000000 0.000000 0.000000 1.000000
0.996794 -0.043745 -0.066986 0.000000 0.027978 0.975010 -0.220392 17.795601 0.074953 0.217812 0.973108 0.420200 0.000000 0.000000 0.000000 1.000000
0.998226 -0.030676 -0.051033 0.000000 0.019277 0.977413 -0.210455 17.795601 0.056336 0.209098 0.976271 0.420200 0.000000 0.000000 0.000000 1.000000
0.999413 -0.011571 -0.032250 0.000000 0.005005 0.980457 -0.196671 17.795601 0.033895 0.196394 0.979939 0.420200 0.000000 0.000000 0.000000 1.000000
0.999943 0.004853 -0.009507 0.000000 -0.006532 0.982634 -0.185441 17.795601 0.008442 0.185493 0.982609 0.420200 0.000000 0.000000 0.000000 1.000000
0.999651 0.021218 0.015750 0.000000 -0.017995 0.983094 -0.182213 17.795601 -0.019350 0.181866 0.983133 0.420200 0.000000 0.000000 0.000000 1.000000
0.998507 0.037410 0.039810 0.000000 -0.029327 0.981898 -0.187126 17.795601 -0.046090 0.185679 0.981529 0.420200 0.000000 0.000000 0.000000 1.000000</float_array><technique_common><accessor source="#Spine2-Matrix-animation-output-transform-array" count="43" stride="16"><param type="float4x4"/></accessor></technique_common></source><source id="Spine2-Interpolations"><Name_array id="Spine2-Interpolations-array" count="43">
 LINEAR LINEAR LINEAR LINEAR LINEAR LINEAR LINEAR LINEAR LINEAR LINEAR LINEAR
LINEAR LINEAR LINEAR LINEAR LINEAR LINEAR LINEAR LINEAR LINEAR LINEAR LINEAR LINEAR
LINEAR LINEAR LINEAR LINEAR LINEAR LINEAR LINEAR LINEAR LINEAR LINEAR LINEAR LINEAR
LINEAR LINEAR LINEAR LINEAR LINEAR LINEAR LINEAR LINEAR</Name_array><technique_common><accessor source="#Spine2-Interpolations-array" count="43"><param type="name"/></accessor></technique_common></source><sampler id="Spine2-Matrix-animation-transform"><input semantic="INPUT" source="#Spine2-Matrix-animation-input"/><input semantic="OUTPUT" source="#Spine2-Matrix-animation-output-transform"/><input semantic="INTERPOLATION" source="#Spine2-Interpolations"/></sampler><channel source="#Spine2-Matrix-animation-transform" target="Spine2/matrix"/></animation>
    <animation id="Neck-anim" name="Neck"><source id="Neck-Matrix-animation-input"><float_array id="Neck-Matrix-animation-input-array" count="43">

0.000000 0.033333 0.066667 0.100000 0.133333 0.166667 0.200000 0.233333 0.266667 0.300000 0.333333 0.366667 0.400000 0.433333 0.466667 0.500000
0.533333 0.566667 0.600000 0.633333 0.666667 0.700000 0.733333 0.766667 0.800000 0.833333 0.866667 0.900000 0.933333 0.966667 1.000000 1.033333
1.066667 1.100000 1.133333 1.166667 1.200000 1.233333 1.266667 1.300000 1.333333 1.366667 1.400000</float_array><technique_common><accessor source="#Neck-Matrix-animation-input-array" count="43"><param name="TIME" type="float"/></accessor></technique_common></source><source id="Neck-Matrix-animation-output-transform"><float_array id="Neck-Matrix-animation-output-transform-array" count="688">

0.999254 0.015940 -0.035172 -0.000000 -0.013258 0.997079 0.075215 39.131302 0.036269 -0.074693 0.996547 11.954600 0.000000 0.000000 0.000000 1.000000
0.999021 0.018976 -0.039966 0.000000 -0.015706 0.996623 0.080603 39.131302 0.041361 -0.079896 0.995945 11.954600 0.000000 0.000000 0.000000 1.000000
0.998826 0.020895 -0.043694 0.000000 -0.017014 0.996029 0.087391 39.131302 0.045346 -0.086545 0.995215 11.954600 0.000000 0.000000 0.000000 1.000000
0.998640 0.023954 -0.046304 -0.000000 -0.019452 0.995255 0.095340 39.131302 0.048368 -0.094310 0.994367 11.954600 0.000000 0.000000 0.000000 1.000000
0.998468 0.027729 -0.047892 -0.000000 -0.022595 0.994258 0.104598 39.131302 0.050517 -0.103355 0.993361 11.954600 0.000000 0.000000 0.000000 1.000000
0.998315 0.031688 -0.048617 0.000000 -0.025910 0.993004 0.115201 39.131302 0.051927 -0.113747 0.992152 11.954600 0.000000 0.000000 0.000000 1.000000
0.998192 0.035263 -0.048678 0.000000 -0.028831 0.991480 0.127027 39.131302 0.052743 -0.125394 0.990704 11.954600 0.000000 0.000000 0.000000 1.000000
0.998114 0.037927 -0.048269 0.000000 -0.030849 0.989705 0.139758 39.131302 0.053073 -0.138005 0.989009 11.954600 0.000000 0.000000 0.000000 1.000000
0.998097 0.039272 -0.047537 -0.000000 -0.031585 0.987744 0.152852 39.131302 0.052958 -0.151060 0.987105 11.954600 0.000000 0.000000 0.000000 1.000000
0.998152 0.039068 -0.046546 -0.000000 -0.030861 0.985716 0.165562 39.131302 0.052349 -0.163819 0.985100 11.954600 0.000000 0.000000 0.000000 1.000000
0.998279 0.037291 -0.045250 -0.000000 -0.028728 0.983796 0.176974 39.131302 0.051117 -0.175369 0.983175 11.954600 0.000000 0.000000 0.000000 1.000000
0.998471 0.034127 -0.043496 0.000000 -0.025464 0.982201 0.186099 39.131302 0.049073 -0.184706 0.981568 11.954600 0.000000 0.000000 0.000000 1.000000
0.998709 0.029936 -0.041041 -0.000000 -0.021521 0.981163 0.191978 39.131302 0.046015 -0.190847 0.980541 11.954600 0.000000 0.000000 0.000000 1.000000
0.998975 0.025195 -0.037596 0.000000 -0.017445 0.980884 0.193808 39.131302 0.041760 -0.192953 0.980319 11.954600 0.000000 0.000000 0.000000 1.000000
0.999251 0.020425 -0.032882 -0.000000 -0.013775 0.981485 0.191045 39.131302 0.036175 -0.190448 0.981030 11.954600 0.000000 0.000000 0.000000 1.000000
0.999514 0.016109 -0.026702 0.000000 -0.010939 0.982958 0.183502 39.131302 0.029203 -0.183121 0.982657 11.954600 0.000000 0.000000 0.000000 1.000000
0.999740 0.012620 -0.018997 0.000000 -0.009179 0.985157 0.171409 39.131302 0.020878 -0.171190 0.985017 11.954600 0.000000 0.000000 0.000000 1.000000
0.999899 0.010169 -0.009887 0.000000 -0.008510 0.987810 0.155431 39.131302 0.011347 -0.155331 0.987797 11.954600 0.000000 0.000000 0.000000 1.000000
0.999961 0.008772 0.000308 -0.000000 -0.008732 0.990580 0.136657 39.131302 0.000894 -0.136655 0.990618 11.954600 0.000000 0.000000 0.000000 1.000000
0.999905 0.008244 0.011092 -0.000000 -0.009481 0.993142 0.116530 39.131302 -0.010055 -0.116625 0.993125 11.954600 0.000000 0.000000 0.000000 1.000000
0.999728 0.008230 0.021840 0.000000 -0.010306 0.995258 0.096724 39.131302 -0.020940 -0.096922 0.995072 11.954600 0.000000 0.000000 0.000000 1.000000
0.999458 0.008264 0.031879 0.000000 -0.010761 0.996819 0.078973 39.131302 -0.031125 -0.079274 0.996367 11.954600 0.000000 0.000000 0.000000 1.000000
0.999146 0.007847 0.040570 0.000000 -0.010472 0.997838 0.064889 39.131302 -0.039973 -0.065259 0.997067 11.954600 0.000000 0.000000 0.000000 1.000000
0.998855 0.006542 0.047398 -0.000000 -0.009186 0.998401 0.055771 39.131302 -0.046958 -0.056143 0.997318 11.954600 0.000000 0.000000 0.000000 1.000000
0.998637 0.004054 0.052033 0.000000 -0.006787 0.998600 0.052459 39.131302 -0.051748 -0.052741 0.997267 11.954600 0.000000 0.000000 0.000000 1.000000
0.998521 0.000295 0.054365 -0.000000 -0.003303 0.998468 0.055240 39.131302 -0.054266 -0.055338 0.996992 11.954600 0.000000 0.000000 0.000000 1.000000
0.998503 -0.004585 0.054505 0.000000 0.001100 0.997962 0.063803 39.131302 -0.054687 -0.063647 0.996473 11.954600 0.000000 0.000000 0.000000 1.000000
0.998555 -0.010208 0.052752 0.000000 0.006111 0.996992 0.077260 39.131302 -0.053382 -0.076826 0.995614 11.954600 0.000000 0.000000 0.000000 1.000000
0.998644 -0.016013 0.049533 -0.000000 0.011288 0.995486 0.094233 39.131302 -0.050818 -0.093546 0.994317 11.954600 0.000000 0.000000 0.000000 1.000000
0.998744 -0.021337 0.045328 0.000000 0.016095 0.993464 0.113002 39.131302 -0.047443 -0.112130 0.992560 11.954600 0.000000 0.000000 0.000000 1.000000
0.998850 -0.025522 0.040591 0.000000 0.019972 0.991088 0.131701 39.131302 -0.043590 -0.130739 0.990458 11.954600 0.000000 0.000000 0.000000 1.000000
0.998970 -0.028018 0.035679 0.000000 0.022424 0.988652 0.148539 39.131302 -0.039436 -0.147586 0.988263 11.954600 0.000000 0.000000 0.000000 1.000000
0.999120 -0.028474 0.030809 -0.000000 0.023119 0.986522 0.161989 39.131302 -0.035006 -0.161134 0.986311 11.954600 0.000000 0.000000 0.000000 1.000000
0.999302 -0.026788 0.026043 -0.000000 0.021951 0.985037 0.170939 39.131302 -0.030233 -0.170248 0.984937 11.954600 0.000000 0.000000 0.000000 1.000000
0.999506 -0.023125 0.021301 0.000000 0.019052 0.984425 0.174771 39.131302 -0.025011 -0.174279 0.984379 11.954600 0.000000 0.000000 0.000000 1.000000
0.999706 -0.017880 0.016404 0.000000 0.014768 0.984744 0.173379 39.131302 -0.019254 -0.173086 0.984719 11.954600 0.000000 0.000000 0.000000 1.000000
0.999871 -0.011621 0.011127 -0.000000 0.009598 0.985887 0.167139 39.131302 -0.012913 -0.167010 0.985871 11.954600 0.000000 0.000000 0.000000 1.000000
