<?xml version="1.0" encoding="utf-8"?>
<COLLADA xmlns="http://www.collada.org/2005/11/COLLADASchema" version="1.4.1">
  <asset><contributor><author>Mixamo</author><authoring_tool>COLLADA Mixamo exporter</authoring_tool><comments></comments></contributor><created>2019-12-01T03:31:13Z</created><modified>2019-12-01T03:31:13Z</modified><revision></revision><title></title><unit meter="0.010000"/><up_axis>Y_UP</up_axis></asset>
  <library_animations>
    <animation id="Hips-anim" name="Hips"><source id="Hips-Matrix-animation-input"><float_array id="Hips-Matrix-animation-input-array" count="80">

0.000000 0.033333 0.066667 0.100000 0.133333 0.166667 0.200000 0.233333 0.266667 0.300000 0.333333 0.366667 0.400000 0.433333 0.466667 0.500000
0.533333 0.566667 0.600000 0.633333 0.666667 0.700000 0.733333 0.766667 0.800000 0.833333 0.866667 0.900000 0.933333 0.966667 1.000000 1.033333
1.066667 1.100000 1.133333 1.166667 1.200000 1.233333 1.266667 1.300000 1.333333 1.366667 1.400000 1.433333 1.466667 1.500000 1.533333 1.566667
1.600000 1.633333 1.666667 1.700000 1.733333 1.766667 1.800000 1.833333 1.866667 1.900000 1.933333 1.966667 2.000000 2.033333 2.066667 2.100000
2.133333 2.166667 2.200000 2.233333 2.266667 2.300000 2.333333 2.366667 2.400000 2.433333 2.466667 2.500000 2.533333 2.566667 2.600000 2.633333</float_array><technique_common><accessor source="#Hips-Matrix-animation-input-array" count="80"><param name="TIME" type="float"/></accessor></technique_common></source><source id="Hips-Matrix-animation-output-transform"><float_array id="Hips-Matrix-animation-output-transform-array" count="1280">

0.945838 -0.006066 -0.324582 0.551784 -0.059798 0.979462 -0.192560 98.327736 0.319083 0.201540 0.926049 -1.159749 0.000000 0.000000 0.000000 1.000000
0.948075 -0.003836 -0.318023 0.254524 -0.061978 0.978529 -0.196571 98.919884 0.311949 0.206074 0.927481 -1.296372 0.000000 0.000000 0.000000 1.000000
0.950022 -0.003994 -0.312157 -0.071487 -0.061697 0.977794 -0.200280 99.459389 0.306025 0.209530 0.928680 -1.456846 0.000000 0.000000 0.000000 1.000000
0.950709 -0.005619 -0.310033 -0.536743 -0.059421 0.978005 -0.199937 99.972916 0.304337 0.208504 0.929465 -1.750872 0.000000 0.000000 0.000000 1.000000
0.948164 -0.009226 -0.317646 -1.135084 -0.054386 0.980120 -0.190808 100.380081 0.313092 0.198193 0.928813 -2.077032 0.000000 0.000000 0.000000 1.000000
0.940071 -0.018542 -0.340474 -1.849524 -0.042291 0.984470 -0.170382 100.541504 0.338346 0.174570 0.924688 -2.304643 0.000000 0.000000 0.000000 1.000000
0.924217 -0.033494 -0.380395 -2.581957 -0.021971 0.989832 -0.140536 100.384079 0.381234 0.138243 0.914084 -2.280710 0.000000 0.000000 0.000000 1.000000
0.900537 -0.048568 -0.432058 -3.203958 0.004812 0.994794 -0.101795 99.936714 0.434753 0.089591 0.896082 -1.888621 0.000000 0.000000 0.000000 1.000000
0.866745 -0.061727 -0.494917 -3.673072 0.034193 0.997331 -0.064507 99.303421 0.497578 0.038988 0.866542 -1.044120 0.000000 0.000000 0.000000 1.000000
0.805033 -0.068251 -0.589290 -4.297609 0.057962 0.997656 -0.036365 98.619072 0.590391 -0.004882 0.807102 0.138725 0.000000 0.000000 0.000000 1.000000
0.724450 -0.075825 -0.685145 -5.033771 0.082344 0.996334 -0.023196 98.191406 0.684392 -0.039613 0.728038 1.820029 0.000000 0.000000 0.000000 1.000000
0.678587 -0.105310 -0.726931 -5.200991 0.110707 0.993027 -0.040515 98.158226 0.726129 -0.052983 0.685514 3.701585 0.000000 0.000000 0.000000 1.000000
0.643796 -0.137131 -0.752809 -5.273129 0.143371 0.988005 -0.057364 98.286995 0.751646 -0.071001 0.655734 5.470842 0.000000 0.000000 0.000000 1.000000
0.608835 -0.158278 -0.777347 -5.341488 0.171397 0.982995 -0.065909 98.193848 0.774560 -0.093108 0.625610 6.979032 0.000000 0.000000 0.000000 1.000000
0.578894 -0.176128 -0.796154 -5.376602 0.195302 0.977922 -0.074332 97.969948 0.791668 -0.112460 0.600511 8.284249 0.000000 0.000000 0.000000 1.000000
0.559721 -0.194110 -0.805626 -5.308522 0.215738 0.972788 -0.084499 97.839493 0.800106 -0.126509 0.586367 9.345147 0.000000 0.000000 0.000000 1.000000
0.548216 -0.209790 -0.809597 -5.172532 0.229377 0.968624 -0.095676 97.682114 0.804267 -0.133252 0.579136 10.076022 0.000000 0.000000 0.000000 1.000000
0.540051 -0.219904 -0.812396 -4.962772 0.231828 0.966789 -0.107585 97.488968 0.809074 -0.130234 0.573096 10.575255 0.000000 0.000000 0.000000 1.000000
0.538446 -0.225839 -0.811833 -4.619596 0.226737 0.966715 -0.118542 97.453606 0.811582 -0.120244 0.571730 11.007506 0.000000 0.000000 0.000000 1.000000
0.546941 -0.229455 -0.805113 -4.115712 0.217950 0.967570 -0.127693 97.557594 0.808303 -0.105634 0.579213 11.401169 0.000000 0.000000 0.000000 1.000000
0.571337 -0.228371 -0.788302 -3.508792 0.203992 0.969879 -0.133127 97.637383 0.794960 -0.084747 0.600713 11.741464 0.000000 0.000000 0.000000 1.000000
0.623642 -0.217060 -0.750970 -2.969333 0.184032 0.974442 -0.128823 97.799240 0.759739 -0.057863 0.647648 12.002941 0.000000 0.000000 0.000000 1.000000
0.706296 -0.193750 -0.680887 -2.650547 0.161651 0.980547 -0.111337 98.294846 0.689213 -0.031429 0.723877 12.137975 0.000000 0.000000 0.000000 1.000000
0.806816 -0.160427 -0.568605 -2.406724 0.135008 0.987025 -0.086912 99.061821 0.575170 -0.006644 0.818007 12.250406 0.000000 0.000000 0.000000 1.000000
0.904308 -0.121363 -0.409265 -2.209450 0.102331 0.992411 -0.068179 99.877602 0.414433 0.019774 0.909865 12.342860 0.000000 0.000000 0.000000 1.000000
0.973626 -0.085746 -0.211424 -2.275196 0.073146 0.995086 -0.066729 101.047379 0.216107 0.049504 0.975114 12.045064 0.000000 0.000000 0.000000 1.000000
0.998341 -0.056874 -0.008976 -2.406660 0.056038 0.995576 -0.075423 102.236710 0.013226 0.074794 0.997111 11.019657 0.000000 0.000000 0.000000 1.000000
0.987153 -0.027728 0.157354 -2.163961 0.042022 0.995211 -0.088255 102.788361 -0.154154 0.093734 0.983591 9.449966 0.000000 0.000000 0.000000 1.000000
0.962206 0.014911 0.271913 -1.695688 0.016877 0.993315 -0.114192 102.548233 -0.271798 0.114466 0.955522 7.596296 0.000000 0.000000 0.000000 1.000000
0.938359 0.063994 0.339687 -1.414300 -0.012436 0.988327 -0.151839 101.826126 -0.345439 0.138255 0.928201 5.840126 0.000000 0.000000 0.000000 1.000000
0.924766 0.089329 0.369903 -1.712387 -0.013202 0.979003 -0.203418 101.264305 -0.380307 0.183231 0.906528 4.814239 0.000000 0.000000 0.000000 1.000000
0.917525 0.094358 0.386322 -2.480862 0.010887 0.965119 -0.261584 100.764557 -0.397530 0.244216 0.884494 4.531143 0.000000 0.000000 0.000000 1.000000
0.904164 0.104713 0.414154 -3.303399 0.029301 0.952007 -0.304671 99.564720 -0.426180 0.287607 0.857702 4.568325 0.000000 0.000000 0.000000 1.000000
0.879886 0.124803 0.458502 -4.045069 0.034488 0.945577 -0.323566 97.575615 -0.473931 0.300514 0.827696 4.757948 0.000000 0.000000 0.000000 1.000000
0.854403 0.148711 0.497876 -4.757686 0.032263 0.941139 -0.336477 95.325684 -0.518608 0.303549 0.799314 5.193795 0.000000 0.000000 0.000000 1.000000
0.837821 0.183818 0.514069 -5.366439 0.017665 0.931992 -0.362047 93.224014 -0.545659 0.312412 0.777596 5.706656 0.000000 0.000000 0.000000 1.000000
0.829145 0.222775 0.512728 -5.883542 -0.001385 0.917984 -0.396615 91.309380 -0.559031 0.328141 0.761451 6.012528 0.000000 0.000000 0.000000 1.000000
0.828470 0.248387 0.501938 -6.319652 -0.014768 0.905642 -0.423786 89.831352 -0.559839 0.343681 0.753965 6.082061 0.000000 0.000000 0.000000 1.000000
0.837767 0.253361 0.483689 -6.555852 -0.023837 0.901957 -0.431168 89.032318 -0.545508 0.349689 0.761669 5.957122 0.000000 0.000000 0.000000 1.000000
0.856303 0.237988 0.458374 -6.583133 -0.025343 0.905800 -0.422947 89.106522 -0.515851 0.350555 0.781671 5.593265 0.000000 0.000000 0.000000 1.000000
0.879837 0.212489 0.425129 -6.497238 -0.020615 0.910710 -0.412531 89.742630 -0.474828 0.354196 0.805657 4.959394 0.000000 0.000000 0.000000 1.000000
0.906566 0.184270 0.379713 -6.419839 -0.021258 0.918453 -0.394959 90.380928 -0.421528 0.349984 0.836556 3.994709 0.000000 0.000000 0.000000 1.000000
0.932696 0.162761 0.321849 -6.557706 -0.035291 0.929285 -0.367672 90.867386 -0.358933 0.331568 0.872485 2.721683 0.000000 0.000000 0.000000 1.000000
0.954955 0.146425 0.258109 -6.878908 -0.054053 0.941065 -0.333880 91.493507 -0.291786 0.304889 0.906589 1.362002 0.000000 0.000000 0.000000 1.000000
0.974864 0.122994 0.185775 -6.865631 -0.063810 0.953021 -0.296107 92.455620 -0.213467 0.276810 0.936914 0.171739 0.000000 0.000000 0.000000 1.000000
0.989754 0.098729 0.103146 -6.759442 -0.068584 0.962347 -0.263028 93.633774 -0.125231 0.253259 0.959259 -0.900957 0.000000 0.000000 0.000000 1.000000
0.996899 0.076679 0.017686 -7.182024 -0.070296 0.968766 -0.237802 94.916214 -0.035368 0.235822 0.971153 -2.062301 0.000000 0.000000 0.000000 1.000000
0.996032 0.059259 -0.066398 -7.756727 -0.072201 0.974256 -0.213569 96.222565 0.052032 0.217515 0.974669 -3.120403 0.000000 0.000000 0.000000 1.000000
0.988491 0.046000 -0.144117 -8.268129 -0.072642 0.979963 -0.185462 97.401733 0.132698 0.193797 0.972026 -4.011312 0.000000 0.000000 0.000000 1.000000
0.976240 0.032568 -0.214229 -8.833778 -0.067584 0.985088 -0.158221 98.482368 0.205882 0.168940 0.963884 -4.788403 0.000000 0.000000 0.000000 1.000000
0.961666 0.014676 -0.273829 -9.494230 -0.053772 0.989273 -0.135822 99.550621 0.268898 0.145340 0.952140 -5.479553 0.000000 0.000000 0.000000 1.000000
0.946513 -0.004184 -0.322638 -9.994845 -0.035965 0.992317 -0.118376 100.383507 0.320654 0.123648 0.939091 -5.921694 0.000000 0.000000 0.000000 1.000000
0.931095 -0.021211 -0.364160 -10.197692 -0.018534 0.994268 -0.105300 100.838539 0.364306 0.104794 0.925365 -6.055459 0.000000 0.000000 0.000000 1.000000
0.915064 -0.037104 -0.401599 -10.264025 -0.001672 0.995402 -0.095776 101.074493 0.403306 0.088312 0.910794 -6.015235 0.000000 0.000000 0.000000 1.000000
0.898748 -0.050142 -0.435589 -10.278388 0.012859 0.996027 -0.088124 101.221527 0.438277 0.073600 0.895822 -5.841102 0.000000 0.000000 0.000000 1.000000
0.883585 -0.061222 -0.464252 -10.274787 0.025294 0.996209 -0.083232 101.317612 0.467588 0.061799 0.881784 -5.602423 0.000000 0.000000 0.000000 1.000000
0.869873 -0.071461 -0.488073 -10.205034 0.036007 0.996010 -0.081658 101.280975 0.491960 0.053459 0.868975 -5.379928 0.000000 0.000000 0.000000 1.000000
0.857097 -0.079898 -0.508921 -9.974805 0.045192 0.995752 -0.080217 101.132576 0.513168 0.045754 0.857067 -5.166522 0.000000 0.000000 0.000000 1.000000
0.846932 -0.086093 -0.524685 -9.601851 0.051142 0.995419 -0.080782 100.951218 0.529236 0.041583 0.847455 -4.938281 0.000000 0.000000 0.000000 1.000000
0.840172 -0.090877 -0.534652 -9.143386 0.052546 0.994863 -0.086527 100.683716 0.539768 0.044604 0.840631 -4.692757 0.000000 0.000000 0.000000 1.000000
0.836752 -0.095178 -0.539248 -8.610045 0.051349 0.994077 -0.095777 100.355270 0.545170 0.052452 0.836683 -4.432386 0.000000 0.000000 0.000000 1.000000
0.838119 -0.098658 -0.536491 -8.005668 0.048866 0.993133 -0.106292 100.043999 0.543294 0.062869 0.837185 -4.180160 0.000000 0.000000 0.000000 1.000000
0.844394 -0.100420 -0.526227 -7.331313 0.045159 0.992121 -0.116864 99.734650 0.533816 0.074916 0.842275 -3.932494 0.000000 0.000000 0.000000 1.000000
0.852905 -0.100545 -0.512292 -6.606479 0.039791 0.990944 -0.128242 99.418602 0.520547 0.088994 0.849182 -3.678388 0.000000 0.000000 0.000000 1.000000
0.862126 -0.100152 -0.496698 -5.891582 0.032604 0.989204 -0.142869 99.118721 0.505645 0.106977 0.856084 -3.462057 0.000000 0.000000 0.000000 1.000000
0.872333 -0.099524 -0.478675 -5.198699 0.025740 0.987053 -0.158315 98.805420 0.488234 0.125782 0.863601 -3.260351 0.000000 0.000000 0.000000 1.000000
0.882503 -0.096551 -0.460289 -4.434332 0.018787 0.985156 -0.170629 98.485771 0.469931 0.141933 0.871217 -2.997035 0.000000 0.000000 0.000000 1.000000
0.891998 -0.089504 -0.443089 -3.595224 0.009667 0.983755 -0.179258 98.187599 0.451935 0.155614 0.878373 -2.686594 0.000000 0.000000 0.000000 1.000000
0.901166 -0.080115 -0.426007 -2.792155 0.000445 0.982943 -0.183910 97.834373 0.433475 0.165544 0.885830 -2.353719 0.000000 0.000000 0.000000 1.000000
0.909427 -0.071189 -0.409725 -2.039093 -0.006794 0.982565 -0.185797 97.459457 0.415808 0.171753 0.893087 -1.991055 0.000000 0.000000 0.000000 1.000000
0.916597 -0.063303 -0.394768 -1.252679 -0.012302 0.982453 -0.186103 97.238960 0.399622 0.175438 0.899735 -1.592808 0.000000 0.000000 0.000000 1.000000
0.922797 -0.055693 -0.381241 -0.501786 -0.017303 0.982509 -0.185410 97.111534 0.384898 0.177692 0.905692 -1.190237 0.000000 0.000000 0.000000 1.000000
0.927982 -0.048721 -0.369425 0.077059 -0.021365 0.982827 -0.183286 96.950737 0.372011 0.177979 0.911006 -0.843125 0.000000 0.000000 0.000000 1.000000
0.932647 -0.044119 -0.358082 0.518420 -0.023455 0.982981 -0.182203 96.832718 0.360026 0.178330 0.915740 -0.598597 0.000000 0.000000 0.000000 1.000000
0.936606 -0.040876 -0.347991 0.834234 -0.024845 0.982924 -0.182327 96.717873 0.349501 0.179414 0.919597 -0.489543 0.000000 0.000000 0.000000 1.000000
0.939232 -0.036697 -0.341315 1.058356 -0.027751 0.982899 -0.182043 96.727112 0.342158 0.180453 0.922152 -0.502296 0.000000 0.000000 0.000000 1.000000
0.940611 -0.033178 -0.337862 1.118047 -0.031773 0.982241 -0.184913 96.927437 0.337997 0.184666 0.922852 -0.629086 0.000000 0.000000 0.000000 1.000000
0.942975 -0.024249 -0.331980 1.037202 -0.041833 0.980802 -0.190465 97.251717 0.330225 0.193491 0.923858 -0.791322 0.000000 0.000000 0.000000 1.000000
0.944612 -0.014910 -0.327852 0.813288 -0.051213 0.980033 -0.192125 97.729599 0.324170 0.198274 0.924987 -0.989512 0.000000 0.000000 0.000000 1.000000
0.945838 -0.006066 -0.324582 0.551800 -0.059799 0.979462 -0.192560 98.327728 0.319083 0.201540 0.926049 -1.159761 0.000000 0.000000 0.000000 1.000000</float_array><technique_common><accessor source="#Hips-Matrix-animation-output-transform-array" count="80" stride="16"><param type="float4x4"/></accessor></technique_common></source><source id="Hips-Interpolations"><Name_array id="Hips-Interpolations-array" count="80">
 LINEAR LINEAR LINEAR LINEAR LINEAR LINEAR LINEAR LINEAR LINEAR LINEAR LINEAR
LINEAR LINEAR LINEAR LINEAR LINEAR LINEAR LINEAR LINEAR LINEAR LINEAR LINEAR LINEAR
LINEAR LINEAR LINEAR LINEAR LINEAR LINEAR LINEAR LINEAR LINEAR LINEAR LINEAR LINEAR
LINEAR LINEAR LINEAR LINEAR LINEAR LINEAR LINEAR LINEAR LINEAR LINEAR LINEAR LINEAR
LINEAR LINEAR LINEAR LINEAR LINEAR LINEAR LINEAR LINEAR LINEAR LINEAR LINEAR LINEAR
LINEAR LINEAR LINEAR LINEAR LINEAR LINEAR LINEAR LINEAR LINEAR LINEAR LINEAR LINEAR
LINEAR LINEAR LINEAR LINEAR LINEAR LINEAR LINEAR LINEAR LINEAR</Name_array><technique_common><accessor source="#Hips-Interpolations-array" count="80"><param type="name"/></accessor></technique_common></source><sampler id="Hips-Matrix-animation-transform"><input semantic="INPUT" source="#Hips-Matrix-animation-input"/><input semantic="OUTPUT" source="#Hips-Matrix-animation-output-transform"/><input semantic="INTERPOLATION" source="#Hips-Interpolations"/></sampler><channel source="#Hips-Matrix-animation-transform" target="Hips/matrix"/></animation>
    <animation id="Spine-anim" name="Spine"><source id="Spine-Matrix-animation-input"><float_array id="Spine-Matrix-animation-input-array" count="80">

0.000000 0.033333 0.066667 0.100000 0.133333 0.166667 0.200000 0.233333 0.266667 0.300000 0.333333 0.366667 0.400000 0.433333 0.466667 0.500000
0.533333 0.566667 0.600000 0.633333 0.666667 0.700000 0.733333 0.766667 0.800000 0.833333 0.866667 0.900000 0.933333 0.966667 1.000000 1.033333
1.066667 1.100000 1.133333 1.166667 1.200000 1.233333 1.266667 1.300000 1.333333 1.366667 1.400000 1.433333 1.466667 1.500000 1.533333 1.566667
1.600000 1.633333 1.666667 1.700000 1.733333 1.766667 1.800000 1.833333 1.866667 1.900000 1.933333 1.966667 2.000000 2.033333 2.066667 2.100000
2.133333 2.166667 2.200000 2.233333 2.266667 2.300000 2.333333 2.366667 2.400000 2.433333 2.466667 2.500000 2.533333 2.566667 2.600000 2.633333</float_array><technique_common><accessor source="#Spine-Matrix-animation-input-array" count="80"><param name="TIME" type="float"/></accessor></technique_common></source><source id="Spine-Matrix-animation-output-transform"><float_array id="Spine-Matrix-animation-output-transform-array" count="1280">

0.999445 -0.031790 -0.009924 0.000000 0.031349 0.998634 -0.041797 9.635200 0.011240 0.041463 0.999077 0.000000 0.000000 0.000000 0.000000 1.000000
0.999556 -0.029336 -0.005225 0.000000 0.029109 0.998805 -0.039271 9.635200 0.006371 0.039101 0.999215 0.000000 0.000000 0.000000 0.000000 1.000000
0.999625 -0.027309 0.002102 -0.000000 0.027366 0.998991 -0.035613 9.635200 -0.001127 0.035657 0.999363 -0.000000 0.000000 0.000000 0.000000 1.000000
0.999549 -0.027568 0.011881 0.000000 0.027921 0.999140 -0.030639 9.635200 -0.011027 0.030957 0.999460 0.000000 0.000000 0.000000 0.000000 1.000000
0.999299 -0.032655 0.018307 0.000000 0.033067 0.999195 -0.022698 9.635200 -0.017551 0.023288 0.999575 0.000000 0.000000 0.000000 0.000000 1.000000
0.998950 -0.042720 0.016555 0.000000 0.042876 0.999038 -0.009167 9.635200 -0.016148 0.009867 0.999821 0.000000 0.000000 0.000000 0.000000 1.000000
0.998624 -0.050358 0.014650 0.000000 0.050202 0.998680 0.010841 9.635200 -0.015177 -0.010090 0.999834 0.000000 0.000000 0.000000 0.000000 1.000000
0.998456 -0.054788 0.009187 0.000000 0.054476 0.998025 0.031269 9.635200 -0.010882 -0.030720 0.999469 0.000000 0.000000 0.000000 0.000000 1.000000
0.997956 -0.062266 -0.014402 0.000000 0.062939 0.996643 0.052362 9.635200 0.011093 -0.053161 0.998524 0.000000 0.000000 0.000000 0.000000 1.000000
0.996191 -0.073514 -0.046900 -0.000000 0.077021 0.993976 0.077974 9.635200 0.040886 -0.081289 0.995852 0.000000 0.000000 0.000000 0.000000 1.000000
0.992069 -0.092276 -0.085346 0.000000 0.101042 0.989342 0.104844 9.635200 0.074762 -0.112636 0.990820 0.000000 0.000000 0.000000 0.000000 1.000000
0.986831 -0.108860 -0.119640 0.000000 0.123281 0.985016 0.120600 9.635200 0.104719 -0.133761 0.985465 -0.000000 0.000000 0.000000 0.000000 1.000000
0.982507 -0.121103 -0.141473 0.000000 0.139679 0.981661 0.129733 9.635200 0.123167 -0.147225 0.981404 0.000000 0.000000 0.000000 0.000000 1.000000
0.978810 -0.128283 -0.159607 0.000000 0.149790 0.980011 0.130926 9.635200 0.139621 -0.152059 0.978460 -0.000000 0.000000 0.000000 0.000000 1.000000
0.974092 -0.137046 -0.179899 0.000000 0.161030 0.978842 0.126246 9.635200 0.158792 -0.151944 0.975550 -0.000000 0.000000 0.000000 0.000000 1.000000
0.968620 -0.150037 -0.198151 -0.000000 0.175451 0.977445 0.117547 9.635200 0.176045 -0.148624 0.973098 0.000000 0.000000 0.000000 0.000000 1.000000
0.964045 -0.156066 -0.215083 0.000000 0.182843 0.976890 0.110698 9.635200 0.192836 -0.146045 0.970302 0.000000 0.000000 0.000000 0.000000 1.000000
0.960931 -0.154605 -0.229583 0.000000 0.182760 0.977340 0.106794 9.635200 0.207870 -0.144580 0.967412 -0.000000 0.000000 0.000000 0.000000 1.000000
0.959063 -0.155374 -0.236765 -0.000000 0.183950 0.977452 0.103684 9.635200 0.215317 -0.142992 0.966018 0.000000 0.000000 0.000000 0.000000 1.000000
0.958534 -0.157543 -0.237472 0.000000 0.185956 0.977219 0.102290 9.635200 0.215947 -0.142208 0.965994 0.000000 0.000000 0.000000 0.000000 1.000000
0.958889 -0.157296 -0.236197 0.000000 0.185866 0.977068 0.103881 9.635200 0.214441 -0.143512 0.966136 0.000000 0.000000 0.000000 0.000000 1.000000
0.959802 -0.155642 -0.233573 0.000000 0.184905 0.976694 0.108994 9.635200 0.211165 -0.147802 0.966211 0.000000 0.000000 0.000000 0.000000 1.000000
0.961956 -0.147999 -0.229645 0.000000 0.178658 0.976697 0.118929 9.635200 0.206692 -0.155433 0.965981 0.000000 0.000000 0.000000 0.000000 1.000000
0.965769 -0.135271 -0.221342 0.000000 0.166647 0.977440 0.129770 9.635200 0.198794 -0.162214 0.966523 0.000000 0.000000 0.000000 0.000000 1.000000
0.974174 -0.118315 -0.192317 0.000000 0.146331 0.979470 0.138658 9.635200 0.171963 -0.163219 0.971488 0.000000 0.000000 0.000000 0.000000 1.000000
0.986227 -0.088944 -0.139445 0.000000 0.109404 0.983115 0.146686 9.635200 0.124044 -0.159921 0.979305 -0.000000 0.000000 0.000000 0.000000 1.000000
0.995813 -0.054536 -0.073366 0.000000 0.064481 0.987929 0.140847 9.635200 0.064799 -0.144988 0.987309 0.000000 0.000000 0.000000 0.000000 1.000000
0.999322 -0.036807 -0.001098 0.000000 0.036687 0.992592 0.115826 9.635200 -0.003174 -0.115788 0.993269 0.000000 0.000000 0.000000 0.000000 1.000000
0.996852 -0.048416 0.062787 0.000000 0.042476 0.994786 0.092719 9.635200 -0.066949 -0.089760 0.993711 -0.000000 0.000000 0.000000 0.000000 1.000000
0.990042 -0.084260 0.112769 -0.000000 0.075027 0.993657 0.083769 9.635200 -0.119112 -0.074474 0.990084 0.000000 0.000000 0.000000 0.000000 1.000000
0.982024 -0.110875 0.152760 0.000000 0.100656 0.992232 0.073102 9.635200 -0.159679 -0.056412 0.985556 -0.000000 0.000000 0.000000 0.000000 1.000000
0.977617 -0.107510 0.180850 0.000000 0.099362 0.993609 0.053552 9.635200 -0.185451 -0.034384 0.982052 -0.000000 0.000000 0.000000 0.000000 1.000000
0.973074 -0.104382 0.205505 0.000000 0.099594 0.994463 0.033534 9.635200 -0.207868 -0.012164 0.978081 0.000000 0.000000 0.000000 0.000000 1.000000
0.961772 -0.114179 0.248914 0.000000 0.114025 0.993363 0.015086 9.635200 -0.248984 0.013873 0.968408 0.000000 0.000000 0.000000 0.000000 1.000000
0.953524 -0.119888 0.276440 0.000000 0.128312 0.991655 -0.012521 9.635200 -0.272632 0.047410 0.960949 0.000000 0.000000 0.000000 0.000000 1.000000
0.961995 -0.109451 0.250173 -0.000000 0.127342 0.990252 -0.056436 9.635200 -0.241558 0.086148 0.966555 0.000000 0.000000 0.000000 0.000000 1.000000
0.974882 -0.088906 0.204205 0.000000 0.111362 0.988611 -0.101229 9.635200 -0.192880 0.121427 0.973680 0.000000 0.000000 0.000000 0.000000 1.000000
0.985476 -0.064485 0.157097 0.000000 0.086877 0.986315 -0.140123 9.635200 -0.145911 0.151736 0.977592 0.000000 0.000000 0.000000 0.000000 1.000000
0.994400 -0.036382 0.099223 0.000000 0.053420 0.983139 -0.174885 9.635200 -0.091188 0.179206 0.979576 0.000000 0.000000 0.000000 0.000000 1.000000
0.998861 -0.008504 0.046956 0.000000 0.017528 0.980594 -0.195264 9.635200 -0.044384 0.195865 0.979626 -0.000000 0.000000 0.000000 0.000000 1.000000
0.999784 0.010644 0.017852 0.000000 -0.006982 0.981008 -0.193840 9.635200 -0.019577 0.193674 0.980871 0.000000 0.000000 0.000000 0.000000 1.000000
0.999777 0.020115 0.006411 0.000000 -0.018661 0.983990 -0.177244 9.635200 -0.009873 0.177085 0.984146 0.000000 0.000000 0.000000 0.000000 1.000000
0.999798 0.020075 -0.000215 0.000000 -0.019873 0.988105 -0.152492 9.635200 -0.002849 0.152465 0.988305 -0.000000 0.000000 0.000000 0.000000 1.000000
0.999918 0.012642 -0.002218 0.000000 -0.012822 0.991758 -0.127479 9.635200 0.000588 0.127497 0.991839 -0.000000 0.000000 0.000000 0.000000 1.000000
0.999927 0.004889 0.011020 -0.000000 -0.003661 0.994051 -0.108852 9.635200 -0.011486 0.108804 0.993997 0.000000 0.000000 0.000000 0.000000 1.000000
0.999610 -0.001469 0.027893 0.000000 0.003993 0.995876 -0.090637 9.635200 -0.027645 0.090713 0.995493 0.000000 0.000000 0.000000 0.000000 1.000000
0.999687 -0.002823 0.024855 -0.000000 0.004634 0.997316 -0.073072 9.635200 -0.024582 0.073164 0.997017 0.000000 0.000000 0.000000 0.000000 1.000000
0.999926 -0.010594 0.006000 -0.000000 0.010930 0.998199 -0.058992 9.635200 -0.005364 0.059053 0.998240 0.000000 0.000000 0.000000 0.000000 1.000000
0.999598 -0.024168 -0.014843 0.000000 0.023428 0.998566 -0.048145 9.635200 0.015985 0.047778 0.998730 0.000000 0.000000 0.000000 0.000000 1.000000
0.998903 -0.032342 -0.033875 0.000000 0.030933 0.998667 -0.041315 9.635200 0.035166 0.040222 0.998572 -0.000000 0.000000 0.000000 0.000000 1.000000
0.998230 -0.030918 -0.050795 0.000000 0.029106 0.998926 -0.036039 9.635200 0.051855 0.034497 0.998059 0.000000 0.000000 0.000000 0.000000 1.000000
0.997493 -0.030870 -0.063681 0.000000 0.028962 0.999110 -0.030669 9.635200 0.064571 0.028748 0.997499 0.000000 0.000000 0.000000 0.000000 1.000000
0.996711 -0.037634 -0.071767 0.000000 0.035890 0.999032 -0.025438 9.635200 0.072654 0.022779 0.997097 0.000000 0.000000 0.000000 0.000000 1.000000
0.995969 -0.045641 -0.077213 0.000000 0.044236 0.998825 -0.019816 9.635200 0.078026 0.016320 0.996818 0.000000 0.000000 0.000000 0.000000 1.000000
0.995044 -0.054122 -0.083410 0.000000 0.053113 0.998487 -0.014266 9.635200 0.084056 0.009766 0.996413 0.000000 0.000000 0.000000 0.000000 1.000000
0.993961 -0.061506 -0.090872 0.000000 0.060948 0.998101 -0.008902 9.635200 0.091246 0.003310 0.995823 0.000000 0.000000 0.000000 0.000000 1.000000
0.993171 -0.066631 -0.095766 0.000000 0.066559 0.997775 -0.003947 9.635200 0.095816 -0.002454 0.995396 0.000000 0.000000 0.000000 0.000000 1.000000
0.992893 -0.069486 -0.096619 0.000000 0.069695 0.997568 -0.001211 9.635200 0.096468 -0.005531 0.995321 0.000000 0.000000 0.000000 0.000000 1.000000
0.992859 -0.070822 -0.095992 0.000000 0.071090 0.997470 -0.000630 9.635200 0.095794 -0.006199 0.995382 0.000000 0.000000 0.000000 0.000000 1.000000
0.992784 -0.073480 -0.094770 0.000000 0.073709 0.997279 -0.001080 9.635200 0.094591 -0.005913 0.995499 0.000000 0.000000 0.000000 0.000000 1.000000
0.992613 -0.077583 -0.093276 0.000000 0.077749 0.996971 -0.001859 9.635200 0.093137 -0.005407 0.995639 0.000000 0.000000 0.000000 0.000000 1.000000
0.992567 -0.080780 -0.091027 0.000000 0.080883 0.996720 -0.002561 9.635200 0.090935 -0.004821 0.995845 0.000000 0.000000 0.000000 0.000000 1.000000
0.992690 -0.083364 -0.087279 0.000000 0.083381 0.996512 -0.003461 9.635200 0.087263 -0.003842 0.996178 0.000000 0.000000 0.000000 0.000000 1.000000
0.992827 -0.086317 -0.082733 0.000000 0.086199 0.996265 -0.004997 9.635200 0.082855 -0.002170 0.996559 0.000000 0.000000 0.000000 0.000000 1.000000
0.993004 -0.087891 -0.078852 0.000000 0.087719 0.996129 -0.005644 9.635200 0.079043 -0.001312 0.996870 0.000000 0.000000 0.000000 0.000000 1.000000
0.993385 -0.086307 -0.075747 0.000000 0.086183 0.996267 -0.004917 9.635200 0.075889 -0.001643 0.997115 -0.000000 0.000000 0.000000 0.000000 1.000000
0.993572 -0.085596 -0.074077 -0.000000 0.085392 0.996330 -0.005921 9.635200 0.074312 -0.000443 0.997235 0.000000 0.000000 0.000000 0.000000 1.000000
0.993607 -0.087147 -0.071773 0.000000 0.086712 0.996191 -0.009151 9.635200 0.072297 0.002869 0.997379 0.000000 0.000000 0.000000 0.000000 1.000000
0.994143 -0.085966 -0.065500 0.000000 0.085287 0.996270 -0.013097 9.635200 0.066382 0.007434 0.997767 0.000000 0.000000 0.000000 0.000000 1.000000
0.995018 -0.081675 -0.057166 0.000000 0.080829 0.996584 -0.016963 9.635200 0.058357 0.012258 0.998221 0.000000 0.000000 0.000000 0.000000 1.000000
0.995700 -0.079026 -0.048329 0.000000 0.078060 0.996716 -0.021546 9.635200 0.049873 0.017681 0.998599 0.000000 0.000000 0.000000 0.000000 1.000000
0.996173 -0.077905 -0.039629 0.000000 0.076886 0.996685 -0.026616 9.635200 0.041571 0.023467 0.998860 0.000000 0.000000 0.000000 0.000000 1.000000
0.996737 -0.074216 -0.031738 0.000000 0.073219 0.996818 -0.031501 9.635200 0.033975 0.029074 0.999000 0.000000 0.000000 0.000000 0.000000 1.000000
0.997292 -0.068318 -0.027220 0.000000 0.067318 0.997079 -0.036092 9.635200 0.029606 0.034162 0.998978 0.000000 0.000000 0.000000 0.000000 1.000000
0.997757 -0.061662 -0.026068 0.000000 0.060586 0.997352 -0.040216 9.635200 0.028479 0.038546 0.998851 0.000000 0.000000 0.000000 0.000000 1.000000
0.998090 -0.056460 -0.025061 0.000000 0.055324 0.997503 -0.043901 9.635200 0.027477 0.042431 0.998722 0.000000 0.000000 0.000000 0.000000 1.000000
0.998385 -0.052255 -0.022275 0.000000 0.051210 0.997666 -0.045159 9.635200 0.024583 0.043946 0.998731 0.000000 0.000000 0.000000 0.000000 1.000000
0.998887 -0.044161 -0.016574 -0.000000 0.043410 0.998123 -0.043196 9.635200 0.018451 0.042428 0.998929 -0.000000 0.000000 0.000000 0.000000 1.000000
0.999239 -0.036826 -0.012836 -0.000000 0.036251 0.998440 -0.042468 9.635200 0.014379 0.041970 0.999015 0.000000 0.000000 0.000000 0.000000 1.000000
0.999445 -0.031790 -0.009924 0.000000 0.031349 0.998634 -0.041797 9.635200 0.011239 0.041463 0.999077 0.000000 0.000000 0.000000 0.000000 1.000000</float_array><technique_common><accessor source="#Spine-Matrix-animation-output-transform-array" count="80" stride="16"><param type="float4x4"/></accessor></technique_common></source><source id="Spine-Interpolations"><Name_array id="Spine-Interpolations-array" count="80">
 LINEAR LINEAR LINEAR LINEAR LINEAR LINEAR LINEAR LINEAR LINEAR LINEAR LINEAR
LINEAR LINEAR LINEAR LINEAR LINEAR LINEAR LINEAR LINEAR LINEAR LINEAR LINEAR LINEAR
LINEAR LINEAR LINEAR LINEAR LINEAR LINEAR LINEAR LINEAR LINEAR LINEAR LINEAR LINEAR
LINEAR LINEAR LINEAR LINEAR LINEAR LINEAR LINEAR LINEAR LINEAR LINEAR LINEAR LINEAR
LINEAR LINEAR LINEAR LINEAR LINEAR LINEAR LINEAR LINEAR LINEAR LINEAR LINEAR LINEAR
LINEAR LINEAR LINEAR LINEAR LINEAR LINEAR LINEAR LINEAR LINEAR LINEAR LINEAR LINEAR
LINEAR LINEAR LINEAR LINEAR LINEAR LINEAR LINEAR LINEAR LINEAR</Name_array><technique_common><accessor source="#Spine-Interpolations-array" count="80"><param type="name"/></accessor></technique_common></source><sampler id="Spine-Matrix-animation-transform"><input semantic="INPUT" source="#Spine-Matrix-animation-input"/><input semantic="OUTPUT" source="#Spine-Matrix-animation-output-transform"/><input semantic="INTERPOLATION" source="#Spine-Interpolations"/></sampler><channel source="#Spine-Matrix-animation-transform" target="Spine/matrix"/></animation>
    <animation id="Spine1-anim" name="Spine1"><source id="Spine1-Matrix-animation-input"><float_array id="Spine1-Matrix-animation-input-array" count="80">

0.000000 0.033333 0.066667 0.100000 0.133333 0.166667 0.200000 0.233333 0.266667 0.300000 0.333333 0.366667 0.400000 0.433333 0.466667 0.500000
0.533333 0.566667 0.600000 0.633333 0.666667 0.700000 0.733333 0.766667 0.800000 0.833333 0.866667 0.900000 0.933333 0.966667 1.000000 1.033333
1.066667 1.100000 1.133333 1.166667 1.200000 1.233333 1.266667 1.300000 1.333333 1.366667 1.400000 1.433333 1.466667 1.500000 1.533333 1.566667
1.600000 1.633333 1.666667 1.700000 1.733333 1.766667 1.800000 1.833333 1.866667 1.900000 1.933333 1.966667 2.000000 2.033333 2.066667 2.100000
2.133333 2.166667 2.200000 2.233333 2.266667 2.300000 2.333333 2.366667 2.400000 2.433333 2.466667 2.500000 2.533333 2.566667 2.600000 2.633333</float_array><technique_common><accessor source="#Spine1-Matrix-animation-input-array" count="80"><param name="TIME" type="float"/></accessor></technique_common></source><source id="Spine1-Matrix-animation-output-transform"><float_array id="Spine1-Matrix-animation-output-transform-array" count="1280">

0.999458 -0.025778 -0.020474 -0.000000 0.022904 0.991252 -0.129983 9.766500 0.023645 0.129444 0.991305 0.000000 0.000000 0.000000 0.000000 1.000000
0.999571 -0.023883 -0.016942 0.000000 0.021529 0.991588 -0.127630 9.766500 0.019847 0.127211 0.991677 -0.000000 0.000000 0.000000 0.000000 1.000000
0.999693 -0.021976 -0.011434 0.000000 0.020389 0.992064 -0.124071 9.766500 0.014070 0.123800 0.992207 0.000000 0.000000 0.000000 0.000000 1.000000
0.999778 -0.020636 -0.004311 0.000000 0.019974 0.992654 -0.119325 9.766500 0.006742 0.119213 0.992846 -0.000000 0.000000 0.000000 0.000000 1.000000
0.999753 -0.022219 0.000262 0.000000 0.022107 0.993394 -0.112603 9.766500 0.002241 0.112581 0.993640 0.000000 0.000000 0.000000 0.000000 1.000000
0.999599 -0.028319 -0.000903 0.000000 0.028077 0.994348 -0.102385 9.766500 0.003798 0.102319 0.994744 -0.000000 0.000000 0.000000 0.000000 1.000000
0.999413 -0.034210 -0.001839 -0.000000 0.033919 0.995600 -0.087345 9.766500 0.004819 0.087231 0.996176 -0.000000 0.000000 0.000000 0.000000 1.000000
0.999202 -0.039602 -0.005226 0.000000 0.039118 0.996585 -0.072726 9.766500 0.008089 0.072464 0.997338 -0.000000 0.000000 0.000000 0.000000 1.000000
0.998507 -0.050018 -0.021940 -0.000000 0.048631 0.997028 -0.059757 9.766500 0.024864 0.058600 0.997972 0.000000 0.000000 0.000000 0.000000 1.000000
0.996840 -0.065272 -0.045278 0.000000 0.063296 0.997033 -0.043795 9.766500 0.048003 0.040790 0.998014 0.000000 0.000000 0.000000 0.000000 1.000000
0.993784 -0.084187 -0.072840 0.000000 0.082589 0.996278 -0.024692 9.766500 0.074648 0.018523 0.997038 0.000000 0.000000 0.000000 0.000000 1.000000
0.990413 -0.097985 -0.097369 0.000000 0.097415 0.995187 -0.010609 9.766500 0.097940 0.001022 0.995192 0.000000 0.000000 0.000000 0.000000 1.000000
0.987881 -0.106565 -0.112847 0.000000 0.107145 0.994243 -0.000926 9.766500 0.112296 -0.011176 0.993612 0.000000 0.000000 0.000000 0.000000 1.000000
0.985706 -0.112233 -0.125645 0.000000 0.113288 0.993561 0.001260 9.766500 0.124694 -0.015476 0.992074 0.000000 0.000000 0.000000 0.000000 1.000000
0.982908 -0.119801 -0.139784 0.000000 0.120838 0.992672 -0.001073 9.766500 0.138888 -0.015837 0.990182 0.000000 0.000000 0.000000 0.000000 1.000000
0.979912 -0.128643 -0.152391 0.000000 0.129366 0.991583 -0.005200 9.766500 0.151777 -0.014618 0.988307 0.000000 0.000000 0.000000 0.000000 1.000000
0.977399 -0.132447 -0.164768 0.000000 0.132950 0.991090 -0.008022 9.766500 0.164362 -0.014065 0.986300 0.000000 0.000000 0.000000 0.000000 1.000000
0.975443 -0.132775 -0.175730 0.000000 0.133089 0.991053 -0.010053 9.766500 0.175492 -0.013582 0.984387 -0.000000 0.000000 0.000000 0.000000 1.000000
0.974109 -0.135606 -0.180895 0.000000 0.135604 0.990685 -0.012440 9.766500 0.180897 -0.012412 0.983424 0.000000 0.000000 0.000000 0.000000 1.000000
0.973579 -0.138950 -0.181211 0.000000 0.138767 0.990230 -0.013749 9.766500 0.181351 -0.011760 0.983348 -0.000000 0.000000 0.000000 0.000000 1.000000
0.973552 -0.140157 -0.180425 0.000000 0.140166 0.990046 -0.012761 9.766500 0.180418 -0.012867 0.983506 0.000000 0.000000 0.000000 0.000000 1.000000
0.973793 -0.140050 -0.179200 0.000000 0.140721 0.990008 -0.009023 9.766500 0.178673 -0.016431 0.983771 -0.000000 0.000000 0.000000 0.000000 1.000000
0.974597 -0.135688 -0.178181 -0.000000 0.137569 0.990491 -0.001816 9.766500 0.176733 -0.022742 0.983996 0.000000 0.000000 0.000000 0.000000 1.000000
0.976663 -0.124702 -0.174869 -0.000000 0.127706 0.991794 0.005988 9.766500 0.172687 -0.028181 0.984573 0.000000 0.000000 0.000000 0.000000 1.000000
0.982004 -0.106304 -0.156103 -0.000000 0.109378 0.993937 0.011208 9.766500 0.153965 -0.028081 0.987677 0.000000 0.000000 0.000000 0.000000 1.000000
0.989602 -0.079641 -0.119775 0.000000 0.081776 0.996566 0.013006 9.766500 0.118328 -0.022666 0.992716 0.000000 0.000000 0.000000 0.000000 1.000000
0.995987 -0.052176 -0.072712 0.000000 0.052519 0.998616 0.002816 9.766500 0.072465 -0.006624 0.997349 0.000000 0.000000 0.000000 0.000000 1.000000
0.999128 -0.037579 -0.018175 0.000000 0.037222 0.999115 -0.019586 9.766500 0.018895 0.018893 0.999643 0.000000 0.000000 0.000000 0.000000 1.000000
0.998501 -0.043993 0.032550 -0.000000 0.045175 0.998311 -0.036517 9.766500 -0.030888 0.037933 0.998803 0.000000 0.000000 0.000000 0.000000 1.000000
0.995273 -0.063753 0.073255 0.000000 0.066730 0.997011 -0.038944 9.766500 -0.070553 0.043648 0.996553 0.000000 0.000000 0.000000 0.000000 1.000000
0.991797 -0.073269 0.104741 0.000000 0.077994 0.996080 -0.041740 9.766500 -0.101272 0.049567 0.993623 0.000000 0.000000 0.000000 0.000000 1.000000
0.990362 -0.061170 0.124266 0.000000 0.068368 0.996170 -0.054505 9.766500 -0.120457 0.062475 0.990751 0.000000 0.000000 0.000000 0.000000 1.000000
0.988644 -0.052433 0.140831 -0.000000 0.063155 0.995347 -0.072775 9.766500 -0.136360 0.080843 0.987355 0.000000 0.000000 0.000000 0.000000 1.000000
0.983551 -0.053682 0.172467 0.000000 0.070632 0.993092 -0.093694 9.766500 -0.166246 0.104334 0.980549 0.000000 0.000000 0.000000 0.000000 1.000000
0.979915 -0.054716 0.191762 0.000000 0.078898 0.989533 -0.120832 9.766500 -0.183143 0.133535 0.973975 -0.000000 0.000000 0.000000 0.000000 1.000000
0.984416 -0.047522 0.169313 -0.000000 0.074131 0.985210 -0.154484 9.766500 -0.159468 0.164628 0.973379 0.000000 0.000000 0.000000 0.000000 1.000000
0.990606 -0.034745 0.132261 0.000000 0.059054 0.981041 -0.184583 9.766500 -0.123340 0.190659 0.973877 -0.000000 0.000000 0.000000 0.000000 1.000000
0.995254 -0.019477 0.095340 0.000000 0.039242 0.976898 -0.210073 9.766500 -0.089046 0.212818 0.973026 -0.000000 0.000000 0.000000 0.000000 1.000000
0.998691 -0.002210 0.051110 0.000000 0.014153 0.972006 -0.234528 9.766500 -0.049161 0.234944 0.970765 0.000000 0.000000 0.000000 0.000000 1.000000
0.999817 0.014232 0.012756 -0.000000 -0.010573 0.967887 -0.251165 9.766500 -0.015921 0.250984 0.967860 0.000000 0.000000 0.000000 0.000000 1.000000
0.999663 0.024844 -0.007523 0.000000 -0.025939 0.967168 -0.252810 9.766500 0.000995 0.252920 0.967487 -0.000000 0.000000 0.000000 0.000000 1.000000
0.999490 0.028299 -0.014791 0.000000 -0.031044 0.969609 -0.242682 9.766500 0.007474 0.243017 0.969993 -0.000000 0.000000 0.000000 0.000000 1.000000
0.999507 0.024852 -0.019202 -0.000000 -0.028550 0.973754 -0.225806 9.766500 0.013086 0.226243 0.973983 -0.000000 0.000000 0.000000 0.000000 1.000000
0.999633 0.017047 -0.021034 0.000000 -0.021059 0.977830 -0.208338 9.766500 0.017016 0.208705 0.977831 0.000000 0.000000 0.000000 0.000000 1.000000
0.999882 0.010302 -0.011378 0.000000 -0.012315 0.980903 -0.194106 9.766500 0.009161 0.194223 0.980915 0.000000 0.000000 0.000000 0.000000 1.000000
0.999986 0.005095 0.001699 0.000000 -0.004712 0.984058 -0.177783 9.766500 -0.002578 0.177773 0.984068 0.000000 0.000000 0.000000 0.000000 1.000000
0.999999 -0.000173 0.001250 -0.000000 0.000374 0.986598 -0.163169 9.766500 -0.001205 0.163169 0.986597 0.000000 0.000000 0.000000 0.000000 1.000000
0.999893 -0.008742 -0.011744 0.000000 0.006845 0.988225 -0.152853 9.766500 0.012942 0.152757 0.988179 0.000000 0.000000 0.000000 0.000000 1.000000
0.999451 -0.018974 -0.027170 0.000000 0.014867 0.989453 -0.144089 9.766500 0.029617 0.143605 0.989192 0.000000 0.000000 0.000000 0.000000 1.000000
0.998823 -0.026287 -0.040759 0.000000 0.020417 0.990183 -0.138278 9.766500 0.043994 0.137283 0.989554 0.000000 0.000000 0.000000 0.000000 1.000000
0.998203 -0.029980 -0.051892 0.000000 0.022775 0.990687 -0.134244 9.766500 0.055433 0.132820 0.989589 0.000000 0.000000 0.000000 0.000000 1.000000
0.997591 -0.034485 -0.060196 -0.000000 0.026424 0.991173 -0.129915 9.766500 0.064144 0.128011 0.989696 0.000000 0.000000 0.000000 0.000000 1.000000
0.997024 -0.040482 -0.065613 0.000000 0.032042 0.991649 -0.124926 9.766500 0.070123 0.122452 0.989994 0.000000 0.000000 0.000000 0.000000 1.000000
0.996530 -0.046203 -0.069239 0.000000 0.037699 0.992124 -0.119451 9.766500 0.074213 0.116427 0.990423 -0.000000 0.000000 0.000000 0.000000 1.000000
0.995927 -0.052329 -0.073421 0.000000 0.043719 0.992480 -0.114332 9.766500 0.078852 0.110656 0.990726 -0.000000 0.000000 0.000000 0.000000 1.000000
0.995210 -0.058117 -0.078613 0.000000 0.049307 0.992740 -0.109705 9.766500 0.084418 0.105303 0.990851 0.000000 0.000000 0.000000 0.000000 1.000000
0.994682 -0.062395 -0.081947 -0.000000 0.053581 0.992956 -0.105680 9.766500 0.087963 0.100728 0.991018 0.000000 0.000000 0.000000 0.000000 1.000000
0.994493 -0.065016 -0.082198 0.000000 0.056346 0.993008 -0.103728 9.766500 0.088368 0.098525 0.991203 0.000000 0.000000 0.000000 0.000000 1.000000
0.994452 -0.066732 -0.081317 -0.000000 0.058162 0.992922 -0.103556 9.766500 0.087652 0.098252 0.991294 0.000000 0.000000 0.000000 0.000000 1.000000
0.994431 -0.068478 -0.080115 -0.000000 0.060000 0.992783 -0.103836 9.766500 0.086647 0.098451 0.991363 -0.000000 0.000000 0.000000 0.000000 1.000000
0.994408 -0.070167 -0.078925 -0.000000 0.061778 0.992643 -0.104128 9.766500 0.085651 0.098670 0.991427 0.000000 0.000000 0.000000 0.000000 1.000000
0.994441 -0.071644 -0.077168 0.000000 0.063396 0.992504 -0.104487 9.766500 0.084075 0.099014 0.991528 0.000000 0.000000 0.000000 0.000000 1.000000
0.994569 -0.072930 -0.074257 0.000000 0.064919 0.992339 -0.105118 9.766500 0.081354 0.099726 0.991684 0.000000 0.000000 0.000000 0.000000 1.000000
0.994744 -0.073844 -0.070934 0.000000 0.066088 0.992160 -0.106072 9.766500 0.078210 0.100827 0.991825 0.000000 0.000000 0.000000 0.000000 1.000000
