<?xml version="1.0" encoding="utf-8"?>
<COLLADA xmlns="http://www.collada.org/2005/11/COLLADASchema" version="1.4.1">
  <asset><contributor><author>Mixamo</author><authoring_tool>COLLADA Mixamo exporter</authoring_tool><comments></comments></contributor><created>2019-12-01T03:32:04Z</created><modified>2019-12-01T03:32:04Z</modified><revision></revision><title></title><unit meter="0.010000"/><up_axis>Y_UP</up_axis></asset>
  <library_animations>
    <animation id="Hips-anim" name="Hips"><source id="Hips-Matrix-animation-input"><float_array id="Hips-Matrix-animation-input-array" count="101">

0.000000 0.033333 0.066667 0.100000 0.133333 0.166667 0.200000 0.233333 0.266667 0.300000 0.333333 0.366667 0.400000 0.433333 0.466667 0.500000
0.533333 0.566667 0.600000 0.633333 0.666667 0.700000 0.733333 0.766667 0.800000 0.833333 0.866667 0.900000 0.933333 0.966667 1.000000 1.033333
1.066667 1.100000 1.133333 1.166667 1.200000 1.233333 1.266667 1.300000 1.333333 1.366667 1.400000 1.433333 1.466667 1.500000 1.533333 1.566667
1.600000 1.633333 1.666667 1.700000 1.733333 1.766667 1.800000 1.833333 1.866667 1.900000 1.933333 1.966667 2.000000 2.033333 2.066667 2.100000
2.133333 2.166667 2.200000 2.233333 2.266667 2.300000 2.333333 2.366667 2.400000 2.433333 2.466667 2.500000 2.533333 2.566667 2.600000 2.633333
2.666667 2.700000 2.733333 2.766667 2.800000 2.833333 2.866667 2.900000 2.933333 2.966667 3.000000 3.033333 3.066667 3.100000 3.133333 3.166667
3.200000 3.233333 3.266667 3.300000 3.333333</float_array><technique_common><accessor source="#Hips-Matrix-animation-input-array" count="101"><param name="TIME" type="float"/></accessor></technique_common></source><source id="Hips-Matrix-animation-output-transform"><float_array id="Hips-Matrix-animation-output-transform-array" count="1616">

0.949704 -0.004092 -0.313123 0.539384 -0.057078 0.980902 -0.185937 98.394226 0.307904 0.194458 0.931333 -1.189877 0.000000 0.000000 0.000000 1.000000
0.959213 -0.000371 -0.282685 0.306937 -0.049063 0.984604 -0.167774 98.555481 0.278395 0.174801 0.944426 -1.012543 0.000000 0.000000 0.000000 1.000000
0.968688 0.001921 -0.248274 0.062940 -0.039225 0.988596 -0.145391 98.792290 0.245163 0.150577 0.957717 -0.827139 0.000000 0.000000 0.000000 1.000000
0.977543 0.003492 -0.210709 -0.196223 -0.029383 0.992355 -0.119869 99.091171 0.208679 0.123368 0.970172 -0.668216 0.000000 0.000000 0.000000 1.000000
0.985317 0.005417 -0.170652 -0.464531 -0.021927 0.995235 -0.095010 99.429733 0.169324 0.097357 0.980740 -0.584517 0.000000 0.000000 0.000000 1.000000
0.991850 0.008922 -0.127101 -0.698574 -0.018817 0.996864 -0.076869 99.778175 0.126016 0.078634 0.988907 -0.576400 0.000000 0.000000 0.000000 1.000000
0.997017 0.013801 -0.075941 -0.823505 -0.018852 0.997629 -0.066196 100.193008 0.074848 0.067431 0.994913 -0.480119 0.000000 0.000000 0.000000 1.000000
0.999745 0.016927 -0.014947 -0.799363 -0.017682 0.998496 -0.051900 100.820892 0.014046 0.052151 0.998540 0.033941 0.000000 0.000000 0.000000 1.000000
0.998693 0.014294 0.049074 -0.633821 -0.013327 0.999711 -0.019985 101.742920 -0.049346 0.019305 0.998595 1.231930 0.000000 0.000000 0.000000 1.000000
0.994723 0.004035 0.102515 -0.356160 -0.006911 0.999592 0.027718 102.717880 -0.102361 -0.028280 0.994345 3.058902 0.000000 0.000000 0.000000 1.000000
0.990590 -0.012132 0.136322 0.002662 0.001915 0.997195 0.074828 103.298508 -0.136848 -0.073863 0.987835 5.218364 0.000000 0.000000 0.000000 1.000000
0.987451 -0.031503 0.154750 0.388613 0.014480 0.993835 0.109924 103.187317 -0.157259 -0.106304 0.981819 7.455766 0.000000 0.000000 0.000000 1.000000
0.983531 -0.051372 0.173283 0.744776 0.028094 0.990556 0.134203 102.384079 -0.178541 -0.127125 0.975686 9.661409 0.000000 0.000000 0.000000 1.000000
0.976048 -0.068012 0.206653 1.037286 0.036182 0.987397 0.154070 101.059418 -0.214528 -0.142903 0.966207 11.794530 0.000000 0.000000 0.000000 1.000000
0.963088 -0.080819 0.256769 1.229187 0.036451 0.984234 0.173072 99.373619 -0.266708 -0.157324 0.950850 13.846360 0.000000 0.000000 0.000000 1.000000
0.945367 -0.093189 0.312405 1.300525 0.033696 0.981073 0.190685 97.494431 -0.324262 -0.169741 0.930614 15.877128 0.000000 0.000000 0.000000 1.000000
0.927421 -0.107941 0.358106 1.254574 0.034098 0.977864 0.206444 95.620811 -0.372463 -0.179250 0.910572 17.972427 0.000000 0.000000 0.000000 1.000000
0.914828 -0.123291 0.384564 1.080239 0.038091 0.974356 0.221763 93.909256 -0.402044 -0.188226 0.896065 20.167900 0.000000 0.000000 0.000000 1.000000
0.909430 -0.134746 0.393422 0.770919 0.041553 0.970760 0.236429 92.365273 -0.413777 -0.198667 0.888437 22.401348 0.000000 0.000000 0.000000 1.000000
0.908633 -0.139877 0.393473 0.375560 0.042001 0.968067 0.247150 90.899467 -0.415478 -0.208042 0.885492 24.569500 0.000000 0.000000 0.000000 1.000000
0.909059 -0.141098 0.392050 -0.044175 0.041054 0.966671 0.252711 89.380417 -0.414640 -0.213634 0.884553 26.607361 0.000000 0.000000 0.000000 1.000000
0.909820 -0.142602 0.389733 -0.461077 0.041395 0.965610 0.256678 87.683578 -0.412933 -0.217398 0.884435 28.513391 0.000000 0.000000 0.000000 1.000000
0.912294 -0.146192 0.382554 -0.880729 0.044706 0.964084 0.261807 85.662827 -0.407089 -0.221743 0.886064 30.275101 0.000000 0.000000 0.000000 1.000000
0.917591 -0.150583 0.367902 -1.330768 0.051811 0.962886 0.264889 83.151794 -0.394135 -0.223998 0.891337 31.881437 0.000000 0.000000 0.000000 1.000000
0.925101 -0.153812 0.347175 -1.843634 0.062282 0.963368 0.260849 80.005020 -0.374579 -0.219689 0.900793 33.342430 0.000000 0.000000 0.000000 1.000000
0.933042 -0.155730 0.324317 -2.412947 0.074528 0.965572 0.249233 76.207359 -0.351964 -0.208375 0.912525 34.662296 0.000000 0.000000 0.000000 1.000000
0.940083 -0.157461 0.302406 -2.972053 0.087366 0.968604 0.232754 71.829483 -0.329561 -0.192388 0.924325 35.797729 0.000000 0.000000 0.000000 1.000000
0.946516 -0.158841 0.280850 -3.459012 0.100249 0.972125 0.211949 66.983315 -0.306688 -0.172458 0.936056 36.729187 0.000000 0.000000 0.000000 1.000000
0.954056 -0.157380 0.254969 -3.832255 0.111303 0.976209 0.186088 61.647327 -0.278189 -0.149159 0.948874 37.499336 0.000000 0.000000 0.000000 1.000000
0.964674 -0.151895 0.215247 -4.060225 0.118577 0.979952 0.160104 55.781380 -0.235251 -0.128925 0.963346 38.174042 0.000000 0.000000 0.000000 1.000000
0.977689 -0.145474 0.151532 -4.032244 0.123868 0.981878 0.143427 49.715927 -0.169651 -0.121457 0.977991 38.701874 0.000000 0.000000 0.000000 1.000000
0.986972 -0.146835 0.065768 -3.756113 0.137415 0.981931 0.130113 44.323265 -0.083685 -0.119380 0.989316 38.786934 0.000000 0.000000 0.000000 1.000000
0.987292 -0.158454 -0.012129 -3.297562 0.158885 0.982685 0.095317 40.955643 -0.003185 -0.096032 0.995373 38.572025 0.000000 0.000000 0.000000 1.000000
0.983195 -0.173685 -0.056225 -2.841046 0.175674 0.983909 0.032593 40.174164 0.049659 -0.041923 0.997886 38.466705 0.000000 0.000000 0.000000 1.000000
0.981943 -0.174076 -0.074060 -2.271310 0.172497 0.984633 -0.027264 41.467140 0.077668 0.013997 0.996881 38.817822 0.000000 0.000000 0.000000 1.000000
0.982842 -0.159399 -0.092806 -1.769131 0.155608 0.986710 -0.046782 43.633034 0.099030 0.031538 0.994585 39.549168 0.000000 0.000000 0.000000 1.000000
0.982044 -0.146381 -0.119004 -1.610554 0.145281 0.989228 -0.017914 45.782249 0.120344 0.000304 0.992732 40.609398 0.000000 0.000000 0.000000 1.000000
0.981213 -0.136410 -0.136431 -1.711627 0.140925 0.989730 0.023956 47.336727 0.131762 -0.042733 0.990360 42.071621 0.000000 0.000000 0.000000 1.000000
0.982876 -0.120986 -0.138983 -1.853836 0.127635 0.991017 0.039937 48.101093 0.132903 -0.056993 0.989489 43.965881 0.000000 0.000000 0.000000 1.000000
0.984911 -0.098116 -0.142564 -1.950998 0.103808 0.994048 0.033039 48.238838 0.138474 -0.047340 0.989234 46.172810 0.000000 0.000000 0.000000 1.000000
0.984028 -0.070061 -0.163644 -1.998089 0.076335 0.996557 0.032363 48.120613 0.160814 -0.044338 0.985988 48.449104 0.000000 0.000000 0.000000 1.000000
0.978710 -0.041001 -0.201110 -1.999599 0.051536 0.997544 0.047430 48.152252 0.198672 -0.056785 0.978420 50.637657 0.000000 0.000000 0.000000 1.000000
0.970621 -0.017450 -0.239980 -1.942525 0.033002 0.997596 0.060940 48.544167 0.238340 -0.067069 0.968863 52.776394 0.000000 0.000000 0.000000 1.000000
0.964709 -0.003603 -0.263293 -1.798713 0.019369 0.998169 0.057309 49.222084 0.262604 -0.060386 0.963012 54.983791 0.000000 0.000000 0.000000 1.000000
0.965307 0.002247 -0.261107 -1.565080 0.008369 0.999183 0.039536 49.942928 0.260983 -0.040350 0.964500 57.338837 0.000000 0.000000 0.000000 1.000000
0.972218 0.006068 -0.233999 -1.275499 -0.001148 0.999776 0.021156 50.470947 0.234075 -0.020300 0.972007 59.854298 0.000000 0.000000 0.000000 1.000000
0.981408 0.012300 -0.191541 -0.981535 -0.010204 0.999877 0.011923 50.677608 0.191664 -0.009747 0.981412 62.504639 0.000000 0.000000 0.000000 1.000000
0.989210 0.020838 -0.145017 -0.701313 -0.019382 0.999747 0.011449 50.545952 0.145219 -0.008515 0.989363 65.239616 0.000000 0.000000 0.000000 1.000000
0.994533 0.029544 -0.100159 -0.407497 -0.028373 0.999512 0.013093 50.144188 0.100497 -0.010179 0.994885 68.023956 0.000000 0.000000 0.000000 1.000000
0.997603 0.036716 -0.058661 -0.081077 -0.036177 0.999293 0.010216 49.553040 0.058995 -0.008069 0.998226 70.849724 0.000000 0.000000 0.000000 1.000000
0.998866 0.041615 -0.023132 0.267900 -0.041675 0.999129 -0.002118 48.816509 0.023023 0.003079 0.999730 73.724701 0.000000 0.000000 0.000000 1.000000
0.999058 0.043315 0.002804 0.594190 -0.043222 0.998688 -0.027452 47.924469 -0.003990 0.027305 0.999619 76.622208 0.000000 0.000000 0.000000 1.000000
0.998975 0.041067 0.019044 0.843883 -0.039719 0.996998 -0.066469 46.854439 -0.021717 0.065644 0.997607 79.487892 0.000000 0.000000 0.000000 1.000000
0.998947 0.035671 0.028855 0.963225 -0.032086 0.992690 -0.116349 45.596436 -0.032794 0.115301 0.992789 82.303062 0.000000 0.000000 0.000000 1.000000
0.998735 0.032590 0.038283 0.936446 -0.025439 0.984363 -0.174307 44.172485 -0.043365 0.173113 0.983947 85.114983 0.000000 0.000000 0.000000 1.000000
0.998038 0.036406 0.050938 0.772785 -0.023153 0.970500 -0.239985 42.589172 -0.058172 0.238335 0.969439 87.980400 0.000000 0.000000 0.000000 1.000000
0.996761 0.043841 0.067417 0.524026 -0.020565 0.949416 -0.313348 40.744316 -0.077744 0.310947 0.947242 90.915359 0.000000 0.000000 0.000000 1.000000
0.995440 0.044031 0.084619 0.200721 -0.007327 0.919767 -0.392396 38.483467 -0.095107 0.389987 0.915896 93.929115 0.000000 0.000000 0.000000 1.000000
0.993928 0.036021 0.103972 -0.226657 0.017713 0.880198 -0.474275 35.749992 -0.108600 0.473237 0.874216 96.956329 0.000000 0.000000 0.000000 1.000000
0.991060 0.031208 0.129717 -0.795591 0.046615 0.829990 -0.555827 32.605991 -0.125010 0.556905 0.821115 99.907471 0.000000 0.000000 0.000000 1.000000
0.986063 0.036875 0.162232 -1.511423 0.075633 0.769181 -0.634540 29.076431 -0.148185 0.637967 0.755672 102.747307 0.000000 0.000000 0.000000 1.000000
0.979128 0.047539 0.197606 -2.355373 0.109057 0.697553 -0.708186 25.066729 -0.171507 0.714955 0.677809 105.488037 0.000000 0.000000 0.000000 1.000000
0.971202 0.054353 0.231977 -3.324977 0.150157 0.616309 -0.773056 20.557781 -0.184987 0.785626 0.590399 108.084854 0.000000 0.000000 0.000000 1.000000
0.961795 0.062235 0.266602 -4.405735 0.195259 0.526646 -0.827356 16.075207 -0.191896 0.847803 0.494374 110.425423 0.000000 0.000000 0.000000 1.000000
0.944705 0.096191 0.313496 -5.482512 0.246206 0.423402 -0.871844 12.752952 -0.216599 0.900821 0.376308 112.390709 0.000000 0.000000 0.000000 1.000000
0.905503 0.173095 0.387430 -6.436123 0.326888 0.297621 -0.896976 11.367653 -0.270569 0.938861 0.212914 114.001801 0.000000 0.000000 0.000000 1.000000
0.838298 0.259676 0.479401 -7.408438 0.453647 0.155525 -0.877506 11.527807 -0.302426 0.953090 0.012575 115.668175 0.000000 0.000000 0.000000 1.000000
0.774663 0.291185 0.561345 -8.820169 0.579781 0.027390 -0.814312 12.482115 -0.252491 0.956275 -0.147606 117.914055 0.000000 0.000000 0.000000 1.000000
0.748753 0.246436 0.615337 -10.926092 0.645160 -0.057913 -0.761849 13.901755 -0.152111 0.967427 -0.202353 120.919991 0.000000 0.000000 0.000000 1.000000
0.752318 0.171396 0.636114 -13.391076 0.655431 -0.097201 -0.748974 15.543746 -0.066540 0.980396 -0.185464 124.090614 0.000000 0.000000 0.000000 1.000000
0.757766 0.118874 0.641607 -15.612442 0.652403 -0.118882 -0.748490 16.762613 -0.012700 0.985767 -0.167639 126.868927 0.000000 0.000000 0.000000 1.000000
0.748070 0.101892 0.655751 -17.302216 0.663013 -0.156991 -0.731961 17.094683 0.028366 0.982330 -0.184996 129.167252 0.000000 0.000000 0.000000 1.000000
0.729148 0.109010 0.675618 -18.601072 0.680834 -0.215575 -0.699995 16.789955 0.069340 0.970384 -0.231404 131.058762 0.000000 0.000000 0.000000 1.000000
0.721070 0.126972 0.681129 -19.761303 0.685826 -0.270548 -0.675608 16.298510 0.098494 0.954297 -0.282164 132.555496 0.000000 0.000000 0.000000 1.000000
0.734003 0.146984 0.663050 -20.766314 0.672023 -0.298214 -0.677830 15.729671 0.098101 0.943114 -0.317667 133.574615 0.000000 0.000000 0.000000 1.000000
0.761571 0.165985 0.626465 -21.350739 0.644754 -0.291885 -0.706467 14.955460 0.065592 0.941941 -0.329311 134.074310 0.000000 0.000000 0.000000 1.000000
0.792997 0.184257 0.580693 -21.475183 0.609085 -0.260242 -0.749193 14.002216 0.013077 0.947799 -0.318599 134.058899 0.000000 0.000000 0.000000 1.000000
0.818669 0.200493 0.538129 -21.448189 0.572879 -0.220050 -0.789549 13.161814 -0.039884 0.954662 -0.295006 133.505554 0.000000 0.000000 0.000000 1.000000
0.831167 0.212467 0.513828 -21.539040 0.551131 -0.192491 -0.811912 12.724413 -0.073597 0.958021 -0.277089 132.617722 0.000000 0.000000 0.000000 1.000000
0.829060 0.226981 0.511017 -21.433727 0.552656 -0.193648 -0.810600 12.671623 -0.085033 0.954453 -0.285988 131.748581 0.000000 0.000000 0.000000 1.000000
0.818736 0.253803 0.515030 -20.893408 0.567735 -0.223934 -0.792168 12.886971 -0.085722 0.940977 -0.327436 131.067108 0.000000 0.000000 0.000000 1.000000
0.810790 0.289959 0.508471 -20.275997 0.578486 -0.264432 -0.771640 13.245977 -0.089288 0.919782 -0.382136 130.438553 0.000000 0.000000 0.000000 1.000000
0.810690 0.322246 0.488815 -19.820139 0.575560 -0.285634 -0.766253 13.434855 -0.107300 0.902536 -0.417032 130.033310 0.000000 0.000000 0.000000 1.000000
0.814796 0.340666 0.469099 -19.566013 0.562662 -0.269684 -0.781461 13.064110 -0.139709 0.900676 -0.411417 129.916763 0.000000 0.000000 0.000000 1.000000
0.816477 0.346330 0.461975 -19.428619 0.550426 -0.225278 -0.803916 12.201786 -0.174347 0.910662 -0.374563 129.892776 0.000000 0.000000 0.000000 1.000000
0.814699 0.345247 0.465909 -19.375244 0.544733 -0.180165 -0.819028 11.402780 -0.198826 0.921057 -0.334848 129.670349 0.000000 0.000000 0.000000 1.000000
0.814755 0.342454 0.467868 -19.304308 0.540058 -0.154604 -0.827306 11.098441 -0.210980 0.926727 -0.310909 129.297699 0.000000 0.000000 0.000000 1.000000
0.821402 0.340323 0.457688 -19.118017 0.527730 -0.149126 -0.836219 11.185863 -0.216332 0.928408 -0.302091 128.879761 0.000000 0.000000 0.000000 1.000000
0.832606 0.338238 0.438592 -18.897667 0.509191 -0.155870 -0.846422 11.331734 -0.217929 0.928062 -0.302006 128.542999 0.000000 0.000000 0.000000 1.000000
0.842075 0.335350 0.422434 -18.778936 0.494603 -0.167734 -0.852779 11.343842 -0.215123 0.927041 -0.307110 128.346954 0.000000 0.000000 0.000000 1.000000
0.845668 0.332559 0.417434 -18.751707 0.490913 -0.177810 -0.852870 11.225533 -0.209406 0.926169 -0.313626 128.273163 0.000000 0.000000 0.000000 1.000000
0.843876 0.330865 0.422376 -18.742094 0.495847 -0.180199 -0.849508 11.063712 -0.204961 0.926313 -0.316124 128.210388 0.000000 0.000000 0.000000 1.000000
0.839716 0.330367 0.430969 -18.701303 0.502899 -0.173704 -0.846711 10.938824 -0.204865 0.927731 -0.312004 128.174377 0.000000 0.000000 0.000000 1.000000
0.836078 0.330107 0.438181 -18.654251 0.507735 -0.163073 -0.845939 10.888383 -0.207795 0.929751 -0.303948 128.161697 0.000000 0.000000 0.000000 1.000000
0.834199 0.329191 0.442432 -18.627291 0.509901 -0.154873 -0.846177 10.873495 -0.210033 0.931476 -0.297050 128.157196 0.000000 0.000000 0.000000 1.000000
0.833901 0.327709 0.444091 -18.584854 0.510521 -0.152271 -0.846275 10.826563 -0.209709 0.932427 -0.294281 128.151001 0.000000 0.000000 0.000000 1.000000
0.834798 0.325969 0.443686 -18.523617 0.509849 -0.153596 -0.846441 10.759730 -0.207765 0.932820 -0.294417 128.142227 0.000000 0.000000 0.000000 1.000000
0.836938 0.323292 0.441608 -18.459450 0.507282 -0.155372 -0.847658 10.698963 -0.205427 0.933457 -0.294036 128.136612 0.000000 0.000000 0.000000 1.000000
0.840540 0.318540 0.438206 -18.418621 0.502518 -0.156227 -0.850334 10.656126 -0.202406 0.934947 -0.291387 128.137985 0.000000 0.000000 0.000000 1.000000
0.845497 0.311623 0.433618 -18.417992 0.495909 -0.157116 -0.854043 10.626613 -0.198011 0.937126 -0.287378 128.145325 0.000000 0.000000 0.000000 1.000000
0.851373 0.303474 0.427865 -18.464983 0.488015 -0.159106 -0.858211 10.604834 -0.192369 0.939462 -0.283558 128.155304 0.000000 0.000000 0.000000 1.000000</float_array><technique_common><accessor source="#Hips-Matrix-animation-output-transform-array" count="101" stride="16"><param type="float4x4"/></accessor></technique_common></source><source id="Hips-Interpolations"><Name_array id="Hips-Interpolations-array" count="101">
 LINEAR LINEAR LINEAR LINEAR LINEAR LINEAR LINEAR LINEAR LINEAR LINEAR LINEAR
LINEAR LINEAR LINEAR LINEAR LINEAR LINEAR LINEAR LINEAR LINEAR LINEAR LINEAR LINEAR
LINEAR LINEAR LINEAR LINEAR LINEAR LINEAR LINEAR LINEAR LINEAR LINEAR LINEAR LINEAR
LINEAR LINEAR LINEAR LINEAR LINEAR LINEAR LINEAR LINEAR LINEAR LINEAR LINEAR LINEAR
LINEAR LINEAR LINEAR LINEAR LINEAR LINEAR LINEAR LINEAR LINEAR LINEAR LINEAR LINEAR
LINEAR LINEAR LINEAR LINEAR LINEAR LINEAR LINEAR LINEAR LINEAR LINEAR LINEAR LINEAR
LINEAR LINEAR LINEAR LINEAR LINEAR LINEAR LINEAR LINEAR LINEAR LINEAR LINEAR LINEAR
LINEAR LINEAR LINEAR LINEAR LINEAR LINEAR LINEAR LINEAR LINEAR LINEAR LINEAR LINEAR
LINEAR LINEAR LINEAR LINEAR LINEAR LINEAR</Name_array><technique_common><accessor source="#Hips-Interpolations-array" count="101"><param type="name"/></accessor></technique_common></source><sampler id="Hips-Matrix-animation-transform"><input semantic="INPUT" source="#Hips-Matrix-animation-input"/><input semantic="OUTPUT" source="#Hips-Matrix-animation-output-transform"/><input semantic="INTERPOLATION" source="#Hips-Interpolations"/></sampler><channel source="#Hips-Matrix-animation-transform" target="Hips/matrix"/></animation>
    <animation id="Spine-anim" name="Spine"><source id="Spine-Matrix-animation-input"><float_array id="Spine-Matrix-animation-input-array" count="101">

0.000000 0.033333 0.066667 0.100000 0.133333 0.166667 0.200000 0.233333 0.266667 0.300000 0.333333 0.366667 0.400000 0.433333 0.466667 0.500000
0.533333 0.566667 0.600000 0.633333 0.666667 0.700000 0.733333 0.766667 0.800000 0.833333 0.866667 0.900000 0.933333 0.966667 1.000000 1.033333
1.066667 1.100000 1.133333 1.166667 1.200000 1.233333 1.266667 1.300000 1.333333 1.366667 1.400000 1.433333 1.466667 1.500000 1.533333 1.566667
1.600000 1.633333 1.666667 1.700000 1.733333 1.766667 1.800000 1.833333 1.866667 1.900000 1.933333 1.966667 2.000000 2.033333 2.066667 2.100000
2.133333 2.166667 2.200000 2.233333 2.266667 2.300000 2.333333 2.366667 2.400000 2.433333 2.466667 2.500000 2.533333 2.566667 2.600000 2.633333
2.666667 2.700000 2.733333 2.766667 2.800000 2.833333 2.866667 2.900000 2.933333 2.966667 3.000000 3.033333 3.066667 3.100000 3.133333 3.166667
3.200000 3.233333 3.266667 3.300000 3.333333</float_array><technique_common><accessor source="#Spine-Matrix-animation-input-array" count="101"><param name="TIME" type="float"/></accessor></technique_common></source><source id="Spine-Matrix-animation-output-transform"><float_array id="Spine-Matrix-animation-output-transform-array" count="1616">

0.999480 -0.030799 -0.009575 0.000000 0.030334 0.998507 -0.045433 9.635200 0.010960 0.045119 0.998922 0.000000 0.000000 0.000000 0.000000 1.000000
0.999594 -0.026954 -0.009209 0.000000 0.026416 0.998177 -0.054259 9.635200 0.010654 0.053994 0.998484 0.000000 0.000000 0.000000 0.000000 1.000000
0.999731 -0.021876 -0.007741 0.000000 0.021344 0.997773 -0.063188 9.635200 0.009106 0.063006 0.997972 0.000000 0.000000 0.000000 0.000000 1.000000
0.999832 -0.016770 -0.007447 0.000000 0.016173 0.997119 -0.074103 9.635200 0.008668 0.073971 0.997223 0.000000 0.000000 0.000000 0.000000 1.000000
0.999943 -0.010402 -0.002243 0.000000 0.010164 0.996079 -0.087877 9.635200 0.003148 0.087849 0.996129 0.000000 0.000000 0.000000 0.000000 1.000000
0.999973 -0.006438 -0.003535 0.000000 0.006054 0.995024 -0.099449 9.635200 0.004158 0.099425 0.995036 0.000000 0.000000 0.000000 0.000000 1.000000
0.999992 -0.002611 0.002920 0.000000 0.002934 0.993133 -0.116950 9.635200 -0.002594 0.116958 0.993134 0.000000 0.000000 0.000000 0.000000 1.000000
0.999968 -0.002306 0.007675 0.000000 0.003133 0.993984 -0.109484 9.635200 -0.007376 0.109504 0.993959 -0.000000 0.000000 0.000000 0.000000 1.000000
0.999554 -0.009258 0.028387 0.000000 0.011914 0.995420 -0.094856 9.635200 -0.027379 0.095152 0.995086 0.000000 0.000000 0.000000 0.000000 1.000000
0.999081 -0.015157 0.040103 0.000000 0.018071 0.997143 -0.073344 9.635200 -0.038877 0.074001 0.996500 0.000000 0.000000 0.000000 0.000000 1.000000
0.998759 -0.025851 0.042580 0.000000 0.027491 0.998885 -0.038383 9.635200 -0.041541 0.039506 0.998355 0.000000 0.000000 0.000000 0.000000 1.000000
0.997954 -0.033760 0.054294 -0.000000 0.034299 0.999371 -0.009011 9.635200 -0.053956 0.010855 0.998484 0.000000 0.000000 0.000000 0.000000 1.000000
0.996434 -0.038988 0.074825 0.000000 0.037653 0.999107 0.019170 9.635200 -0.075505 -0.016284 0.997012 0.000000 0.000000 0.000000 0.000000 1.000000
0.995278 -0.043517 0.086766 -0.000000 0.040129 0.998377 0.040407 9.635200 -0.088384 -0.036735 0.995409 0.000000 0.000000 0.000000 0.000000 1.000000
0.994467 -0.048226 0.093329 0.000000 0.043353 0.997623 0.053557 9.635200 -0.095690 -0.049214 0.994194 0.000000 0.000000 0.000000 0.000000 1.000000
0.993332 -0.039967 0.108138 0.000000 0.033452 0.997552 0.061403 9.635200 -0.110328 -0.057376 0.992238 0.000000 0.000000 0.000000 0.000000 1.000000
0.990806 -0.019216 0.133920 0.000000 0.009501 0.997301 0.072807 9.635200 -0.134957 -0.070865 0.988314 0.000000 0.000000 0.000000 0.000000 1.000000
0.986515 0.004939 0.163595 0.000000 -0.019683 0.995870 0.088628 9.635200 -0.162481 -0.090653 0.982539 -0.000000 0.000000 0.000000 0.000000 1.000000
0.980719 0.027922 0.193419 0.000000 -0.047206 0.994279 0.095819 9.635200 -0.189637 -0.103102 0.976426 0.000000 0.000000 0.000000 0.000000 1.000000
0.974983 0.040774 0.218508 0.000000 -0.064555 0.992602 0.102826 9.635200 -0.212699 -0.114359 0.970403 0.000000 0.000000 0.000000 0.000000 1.000000
0.972070 0.049353 0.229444 0.000000 -0.076398 0.990933 0.110526 9.635200 -0.221909 -0.124968 0.967026 -0.000000 0.000000 0.000000 0.000000 1.000000
0.971024 0.053343 0.232954 0.000000 -0.082582 0.989619 0.117619 9.635200 -0.224261 -0.133448 0.965349 0.000000 0.000000 0.000000 0.000000 1.000000
0.970912 0.051513 0.233831 0.000000 -0.080301 0.990078 0.115311 9.635200 -0.225571 -0.130734 0.965415 0.000000 0.000000 0.000000 0.000000 1.000000
0.970354 0.048251 0.236824 0.000000 -0.075528 0.991333 0.107487 9.635200 -0.229585 -0.122188 0.965588 0.000000 0.000000 0.000000 0.000000 1.000000
0.968111 0.047501 0.245978 0.000000 -0.073411 0.992548 0.097258 9.635200 -0.239525 -0.112214 0.964384 0.000000 0.000000 0.000000 0.000000 1.000000
0.964113 0.048341 0.261055 0.000000 -0.072184 0.993971 0.082526 9.635200 -0.255492 -0.098408 0.961790 0.000000 0.000000 0.000000 0.000000 1.000000
0.960055 0.052308 0.274880 0.000000 -0.071951 0.995488 0.061861 9.635200 -0.270404 -0.079168 0.959486 -0.000000 0.000000 0.000000 0.000000 1.000000
0.957605 0.054366 0.282908 0.000000 -0.068079 0.996923 0.038862 9.635200 -0.279925 -0.056474 0.958359 0.000000 0.000000 0.000000 0.000000 1.000000
0.958947 0.047956 0.279500 0.000000 -0.053641 0.998479 0.012719 9.635200 -0.278465 -0.027190 0.960062 0.000000 0.000000 0.000000 0.000000 1.000000
0.959453 0.033552 0.279866 -0.000000 -0.030927 0.999426 -0.013793 9.635200 -0.280168 0.004578 0.959940 -0.000000 0.000000 0.000000 0.000000 1.000000
0.959694 0.020354 0.280308 -0.000000 -0.008799 0.999061 -0.042419 9.635200 -0.280909 0.038242 0.958972 0.000000 0.000000 0.000000 0.000000 1.000000
0.960870 0.009373 0.276840 -0.000000 0.023893 0.992898 -0.116545 9.635200 -0.275966 0.118599 0.953822 0.000000 0.000000 0.000000 0.000000 1.000000
0.959125 -0.002834 0.282968 0.000000 0.054396 0.983149 -0.174528 9.635200 -0.277705 0.182786 0.943117 0.000000 0.000000 0.000000 0.000000 1.000000
0.969914 -0.002530 0.243434 0.000000 0.048268 0.982093 -0.182108 9.635200 -0.238614 0.188379 0.952668 0.000000 0.000000 0.000000 0.000000 1.000000
0.977417 -0.066010 0.200743 0.000000 0.096579 0.984482 -0.146520 9.635200 -0.187956 0.162599 0.968625 0.000000 0.000000 0.000000 0.000000 1.000000
0.985183 -0.111658 0.130182 0.000000 0.122759 0.989159 -0.080594 9.635200 -0.119771 0.095381 0.988209 0.000000 0.000000 0.000000 0.000000 1.000000
0.991328 -0.118081 0.057666 -0.000000 0.122980 0.988277 -0.090468 9.635200 -0.046307 0.096775 0.994228 0.000000 0.000000 0.000000 0.000000 1.000000
0.994070 -0.108425 -0.008295 0.000000 0.106662 0.987069 -0.119656 9.635200 0.021162 0.118061 0.992781 -0.000000 0.000000 0.000000 0.000000 1.000000
0.992131 -0.106415 -0.065974 0.000000 0.097987 0.987930 -0.119969 9.635200 0.077944 0.112561 0.990583 0.000000 0.000000 0.000000 0.000000 1.000000
0.986411 -0.108842 -0.123069 0.000000 0.097001 0.990404 -0.098438 9.635200 0.132603 0.085163 0.987504 0.000000 0.000000 0.000000 0.000000 1.000000
0.979946 -0.113438 -0.163820 0.000000 0.099989 0.991075 -0.088156 9.635200 0.172359 0.070008 0.982543 -0.000000 0.000000 0.000000 0.000000 1.000000
0.974626 -0.119329 -0.189378 0.000000 0.103790 0.990520 -0.089986 9.635200 0.198321 0.068047 0.977772 0.000000 0.000000 0.000000 0.000000 1.000000
0.971693 -0.123352 -0.201489 0.000000 0.109400 0.990853 -0.079010 9.635200 0.209392 0.054731 0.976299 0.000000 0.000000 0.000000 0.000000 1.000000
0.971440 -0.127501 -0.200119 0.000000 0.120206 0.991576 -0.048241 9.635200 0.204584 0.022807 0.978583 0.000000 0.000000 0.000000 0.000000 1.000000
0.971721 -0.131769 -0.195945 0.000000 0.132834 0.991108 -0.007755 9.635200 0.195224 -0.018492 0.980584 0.000000 0.000000 0.000000 0.000000 1.000000
0.970673 -0.136586 -0.197833 -0.000000 0.146547 0.988528 0.036549 9.635200 0.190571 -0.064469 0.979554 0.000000 0.000000 0.000000 0.000000 1.000000
0.970443 -0.137789 -0.198128 0.000000 0.154701 0.985297 0.072507 9.635200 0.185224 -0.101015 0.977491 0.000000 0.000000 0.000000 0.000000 1.000000
0.972881 -0.131817 -0.190072 0.000000 0.152991 0.983017 0.101348 9.635200 0.173485 -0.127678 0.976525 0.000000 0.000000 0.000000 0.000000 1.000000
0.977114 -0.122935 -0.173596 0.000000 0.145757 0.981331 0.125473 9.635200 0.154930 -0.147905 0.976791 0.000000 0.000000 0.000000 0.000000 1.000000
0.980030 -0.111948 -0.164341 0.000000 0.136298 0.979962 0.145253 9.635200 0.144787 -0.164751 0.975650 0.000000 0.000000 0.000000 0.000000 1.000000
0.982359 -0.102621 -0.156333 -0.000000 0.128208 0.978172 0.163532 9.635200 0.136139 -0.180690 0.974073 -0.000000 0.000000 0.000000 0.000000 1.000000
0.984843 -0.091494 -0.147351 0.000000 0.117784 0.976414 0.180947 9.635200 0.127320 -0.195560 0.972392 0.000000 0.000000 0.000000 0.000000 1.000000
0.987194 -0.081539 -0.137112 -0.000000 0.108607 0.973078 0.203283 9.635200 0.116845 -0.215571 0.969472 -0.000000 0.000000 0.000000 0.000000 1.000000
0.989393 -0.068865 -0.127900 0.000000 0.096424 0.969876 0.223701 9.635200 0.108643 -0.233661 0.966229 0.000000 0.000000 0.000000 0.000000 1.000000
0.991159 -0.058712 -0.118979 0.000000 0.086011 0.967137 0.239264 9.635200 0.101021 -0.247382 0.963637 0.000000 0.000000 0.000000 0.000000 1.000000
0.993630 -0.051057 -0.100461 0.000000 0.074895 0.965299 0.250176 9.635200 0.084202 -0.256106 0.962974 0.000000 0.000000 0.000000 0.000000 1.000000
0.994233 -0.056943 -0.090875 0.000000 0.079241 0.961060 0.264736 9.635200 0.072261 -0.270410 0.960030 -0.000000 0.000000 0.000000 0.000000 1.000000
0.995585 -0.052062 -0.078097 -0.000000 0.071257 0.960813 0.267884 9.635200 0.061090 -0.272266 0.960281 0.000000 0.000000 0.000000 0.000000 1.000000
0.998365 -0.024556 -0.051621 0.000000 0.037842 0.960742 0.274850 9.635200 0.042845 -0.276354 0.960100 0.000000 0.000000 0.000000 0.000000 1.000000
0.999620 0.003383 -0.027345 0.000000 0.004352 0.960584 0.277956 9.635200 0.027208 -0.277970 0.960204 0.000000 0.000000 0.000000 0.000000 1.000000
0.999518 0.030875 -0.003346 -0.000000 -0.028870 0.963469 0.266258 9.635200 0.011444 -0.266033 0.963896 -0.000000 0.000000 0.000000 0.000000 1.000000
0.997545 0.066913 0.020669 0.000000 -0.069941 0.966958 0.245154 9.635200 -0.003582 -0.245998 0.969264 0.000000 0.000000 0.000000 0.000000 1.000000
0.994421 0.099281 0.035647 0.000000 -0.104691 0.970286 0.218139 9.635200 -0.012931 -0.220654 0.975267 0.000000 0.000000 0.000000 0.000000 1.000000
0.988948 0.135167 0.060922 0.000000 -0.143714 0.974938 0.169829 9.635200 -0.036440 -0.176707 0.983589 0.000000 0.000000 0.000000 0.000000 1.000000
0.982452 0.153200 0.106388 0.000000 -0.163037 0.982426 0.090872 9.635200 -0.090597 -0.106623 0.990164 -0.000000 0.000000 0.000000 0.000000 1.000000
0.969865 0.136736 0.201657 0.000000 -0.143939 0.989354 0.021431 9.635200 -0.196580 -0.049812 0.979222 0.000000 0.000000 0.000000 0.000000 1.000000
0.971628 0.043980 0.232388 0.000000 -0.036457 0.998666 -0.036572 9.635200 -0.233686 0.027062 0.971935 -0.000000 0.000000 0.000000 0.000000 1.000000
0.982023 0.074070 0.173623 0.000000 -0.077125 0.996962 0.010908 9.635200 -0.172287 -0.024103 0.984752 0.000000 0.000000 0.000000 0.000000 1.000000
0.973994 0.177725 0.140530 0.000000 -0.175577 0.984078 -0.027642 9.635200 -0.143205 0.002250 0.989690 0.000000 0.000000 0.000000 0.000000 1.000000
0.960073 0.248244 0.128972 0.000000 -0.238057 0.967127 -0.089407 9.635200 -0.146928 0.055134 0.987609 0.000000 0.000000 0.000000 0.000000 1.000000
0.942316 0.298772 0.150920 0.000000 -0.275504 0.948354 -0.157234 9.635200 -0.190103 0.106585 0.975961 0.000000 0.000000 0.000000 0.000000 1.000000
0.929435 0.356974 0.093387 0.000000 -0.339492 0.926451 -0.162582 9.635200 -0.144556 0.119405 0.982266 0.000000 0.000000 0.000000 0.000000 1.000000
0.915855 0.399558 0.039527 0.000000 -0.392316 0.911485 -0.123624 9.635200 -0.085424 0.097715 0.991542 -0.000000 0.000000 0.000000 0.000000 1.000000
0.907815 0.418989 0.017861 -0.000000 -0.415112 0.903837 -0.103737 9.635200 -0.059608 0.086760 0.994444 0.000000 0.000000 0.000000 0.000000 1.000000
0.906213 0.422710 -0.009722 -0.000000 -0.422316 0.903765 -0.069695 9.635200 -0.020674 0.067265 0.997521 0.000000 0.000000 0.000000 0.000000 1.000000
0.908964 0.413402 -0.053704 0.000000 -0.415862 0.908176 -0.047700 9.635200 0.029054 0.065691 0.997417 0.000000 0.000000 0.000000 0.000000 1.000000
0.916094 0.391435 -0.086892 -0.000000 -0.395577 0.917712 -0.036383 9.635200 0.065500 0.067703 0.995553 0.000000 0.000000 0.000000 0.000000 1.000000
0.931289 0.352611 -0.091471 0.000000 -0.356665 0.933683 -0.032048 9.635200 0.074105 0.062470 0.995292 0.000000 0.000000 0.000000 0.000000 1.000000
0.936587 0.333867 -0.106478 0.000000 -0.340152 0.939189 -0.047130 9.635200 0.084268 0.080360 0.993197 0.000000 0.000000 0.000000 0.000000 1.000000
0.934976 0.328199 -0.134556 0.000000 -0.334275 0.942151 -0.024721 9.635200 0.118659 0.068092 0.990598 0.000000 0.000000 0.000000 0.000000 1.000000
0.938149 0.308943 -0.156305 0.000000 -0.309704 0.950621 0.020085 9.635200 0.154792 0.029566 0.987505 0.000000 0.000000 0.000000 0.000000 1.000000
0.940175 0.288457 -0.181282 -0.000000 -0.280649 0.957405 0.067907 9.635200 0.193149 -0.012968 0.981084 0.000000 0.000000 0.000000 0.000000 1.000000
0.944200 0.268185 -0.191214 0.000000 -0.253215 0.962300 0.099307 9.635200 0.210638 -0.045347 0.976512 0.000000 0.000000 0.000000 0.000000 1.000000
0.950219 0.251830 -0.183479 0.000000 -0.238281 0.966747 0.092852 9.635200 0.200761 -0.044510 0.978629 0.000000 0.000000 0.000000 0.000000 1.000000
0.956858 0.236944 -0.168167 -0.000000 -0.230222 0.971367 0.058692 9.635200 0.177259 -0.017444 0.984010 -0.000000 0.000000 0.000000 0.000000 1.000000
0.961170 0.226693 -0.157361 0.000000 -0.224903 0.973940 0.029324 9.635200 0.159908 0.007205 0.987106 0.000000 0.000000 0.000000 0.000000 1.000000
0.963137 0.222368 -0.151395 0.000000 -0.223062 0.974723 0.012605 9.635200 0.150371 0.021630 0.988393 -0.000000 0.000000 0.000000 0.000000 1.000000
0.965758 0.217324 -0.141711 0.000000 -0.218382 0.975829 0.008233 9.635200 0.140075 0.022996 0.989874 0.000000 0.000000 0.000000 0.000000 1.000000
0.967725 0.216393 -0.129163 0.000000 -0.216799 0.976153 0.011075 9.635200 0.128479 0.017285 0.991562 0.000000 0.000000 0.000000 0.000000 1.000000
0.968081 0.222283 -0.115802 0.000000 -0.221673 0.974950 0.018286 9.635200 0.116966 0.007968 0.993104 0.000000 0.000000 0.000000 0.000000 1.000000
0.967480 0.226860 -0.111881 0.000000 -0.225539 0.973926 0.024492 9.635200 0.114520 0.001538 0.993420 0.000000 0.000000 0.000000 0.000000 1.000000
0.966994 0.229890 -0.109876 0.000000 -0.228611 0.973215 0.024266 9.635200 0.112511 0.001654 0.993649 0.000000 0.000000 0.000000 0.000000 1.000000
0.967618 0.226654 -0.111097 0.000000 -0.226121 0.973941 0.017548 9.635200 0.112179 0.008142 0.993655 0.000000 0.000000 0.000000 0.000000 1.000000
0.968630 0.221140 -0.113371 0.000000 -0.221495 0.975114 0.009617 9.635200 0.112677 0.015796 0.993506 0.000000 0.000000 0.000000 0.000000 1.000000
0.969390 0.217086 -0.114704 0.000000 -0.218068 0.975925 0.004066 9.635200 0.112825 0.021072 0.993391 0.000000 0.000000 0.000000 0.000000 1.000000
0.969648 0.215728 -0.115081 0.000000 -0.216902 0.976190 0.002368 9.635200 0.112851 0.022665 0.993353 -0.000000 0.000000 0.000000 0.000000 1.000000
0.969594 0.216778 -0.113558 0.000000 -0.217569 0.976029 0.005532 9.635200 0.112035 0.019343 0.993516 0.000000 0.000000 0.000000 0.000000 1.000000
0.969598 0.218795 -0.109583 0.000000 -0.219210 0.975641 0.008393 9.635200 0.108750 0.015884 0.993942 0.000000 0.000000 0.000000 0.000000 1.000000
0.969490 0.221665 -0.104657 0.000000 -0.221883 0.975025 0.009701 9.635200 0.104193 0.013816 0.994461 0.000000 0.000000 0.000000 0.000000 1.000000
0.968918 0.226651 -0.099129 0.000000 -0.226676 0.973906 0.011154 9.635200 0.099070 0.011663 0.995012 0.000000 0.000000 0.000000 0.000000 1.000000
0.968416 0.231653 -0.092234 0.000000 -0.231499 0.972755 0.012517 9.635200 0.092621 0.009231 0.995659 0.000000 0.000000 0.000000 0.000000 1.000000</float_array><technique_common><accessor source="#Spine-Matrix-animation-output-transform-array" count="101" stride="16"><param type="float4x4"/></accessor></technique_common></source><source id="Spine-Interpolations"><Name_array id="Spine-Interpolations-array" count="101">
 LINEAR LINEAR LINEAR LINEAR LINEAR LINEAR LINEAR LINEAR LINEAR LINEAR LINEAR
LINEAR LINEAR LINEAR LINEAR LINEAR LINEAR LINEAR LINEAR LINEAR LINEAR LINEAR LINEAR
LINEAR LINEAR LINEAR LINEAR LINEAR LINEAR LINEAR LINEAR LINEAR LINEAR LINEAR LINEAR
LINEAR LINEAR LINEAR LINEAR LINEAR LINEAR LINEAR LINEAR LINEAR LINEAR LINEAR LINEAR
LINEAR LINEAR LINEAR LINEAR LINEAR LINEAR LINEAR LINEAR LINEAR LINEAR LINEAR LINEAR
LINEAR LINEAR LINEAR LINEAR LINEAR LINEAR LINEAR LINEAR LINEAR LINEAR LINEAR LINEAR
LINEAR LINEAR LINEAR LINEAR LINEAR LINEAR LINEAR LINEAR LINEAR LINEAR LINEAR LINEAR
LINEAR LINEAR LINEAR LINEAR LINEAR LINEAR LINEAR LINEAR LINEAR LINEAR LINEAR LINEAR
LINEAR LINEAR LINEAR LINEAR LINEAR LINEAR</Name_array><technique_common><accessor source="#Spine-Interpolations-array" count="101"><param type="name"/></accessor></technique_common></source><sampler id="Spine-Matrix-animation-transform"><input semantic="INPUT" source="#Spine-Matrix-animation-input"/><input semantic="OUTPUT" source="#Spine-Matrix-animation-output-transform"/><input semantic="INTERPOLATION" source="#Spine-Interpolations"/></sampler><channel source="#Spine-Matrix-animation-transform" target="Spine/matrix"/></animation>
    <animation id="Spine1-anim" name="Spine1"><source id="Spine1-Matrix-animation-input"><float_array id="Spine1-Matrix-animation-input-array" count="101">

0.000000 0.033333 0.066667 0.100000 0.133333 0.166667 0.200000 0.233333 0.266667 0.300000 0.333333 0.366667 0.400000 0.433333 0.466667 0.500000
0.533333 0.566667 0.600000 0.633333 0.666667 0.700000 0.733333 0.766667 0.800000 0.833333 0.866667 0.900000 0.933333 0.966667 1.000000 1.033333
1.066667 1.100000 1.133333 1.166667 1.200000 1.233333 1.266667 1.300000 1.333333 1.366667 1.400000 1.433333 1.466667 1.500000 1.533333 1.566667
1.600000 1.633333 1.666667 1.700000 1.733333 1.766667 1.800000 1.833333 1.866667 1.900000 1.933333 1.966667 2.000000 2.033333 2.066667 2.100000
2.133333 2.166667 2.200000 2.233333 2.266667 2.300000 2.333333 2.366667 2.400000 2.433333 2.466667 2.500000 2.533333 2.566667 2.600000 2.633333
2.666667 2.700000 2.733333 2.766667 2.800000 2.833333 2.866667 2.900000 2.933333 2.966667 3.000000 3.033333 3.066667 3.100000 3.133333 3.166667
3.200000 3.233333 3.266667 3.300000 3.333333</float_array><technique_common><accessor source="#Spine1-Matrix-animation-input-array" count="101"><param name="TIME" type="float"/></accessor></technique_common></source><source id="Spine1-Matrix-animation-output-transform"><float_array id="Spine1-Matrix-animation-output-transform-array" count="1616">

0.999491 -0.025009 -0.019785 0.000000 0.022299 0.991652 -0.126998 9.766500 0.022796 0.126492 0.991706 0.000000 0.000000 0.000000 0.000000 1.000000
0.999578 -0.022540 -0.018328 -0.000000 0.020198 0.992662 -0.119224 9.766500 0.020881 0.118803 0.992698 0.000000 0.000000 0.000000 0.000000 1.000000
0.999679 -0.019381 -0.016337 0.000000 0.017461 0.993734 -0.110399 9.766500 0.018374 0.110078 0.993753 0.000000 0.000000 0.000000 0.000000 1.000000
0.999759 -0.016335 -0.014698 -0.000000 0.014758 0.994712 -0.101633 9.766500 0.016280 0.101391 0.994713 -0.000000 0.000000 0.000000 0.000000 1.000000
0.999846 -0.014201 -0.010296 0.000000 0.013186 0.995604 -0.092734 9.766500 0.011568 0.092583 0.995638 0.000000 0.000000 0.000000 0.000000 1.000000
0.999904 -0.009702 -0.009890 0.000000 0.008841 0.996452 -0.083697 9.766500 0.010667 0.083601 0.996442 -0.000000 0.000000 0.000000 0.000000 1.000000
0.999958 -0.007489 -0.005233 0.000000 0.007066 0.997034 -0.076639 9.766500 0.005792 0.076599 0.997045 0.000000 0.000000 0.000000 0.000000 1.000000
0.999970 -0.007650 -0.001179 0.000000 0.007561 0.998008 -0.062626 9.766500 0.001656 0.062615 0.998036 -0.000000 0.000000 0.000000 0.000000 1.000000
0.999930 -0.007722 0.008928 0.000000 0.008119 0.998937 -0.045380 9.766500 -0.008568 0.045450 0.998930 0.000000 0.000000 0.000000 0.000000 1.000000
0.999856 -0.007887 0.015022 0.000000 0.008299 0.999585 -0.027590 9.766500 -0.014798 0.027711 0.999506 0.000000 0.000000 0.000000 0.000000 1.000000
0.999779 -0.011730 0.017421 0.000000 0.011858 0.999903 -0.007258 9.766500 -0.017334 0.007463 0.999822 0.000000 0.000000 0.000000 0.000000 1.000000
0.999624 -0.014040 0.023547 0.000000 0.013851 0.999871 0.008144 9.766500 -0.023658 -0.007815 0.999690 0.000000 0.000000 0.000000 0.000000 1.000000
0.999379 -0.012567 0.032929 -0.000000 0.011949 0.999750 0.018882 9.766500 -0.033158 -0.018477 0.999279 -0.000000 0.000000 0.000000 0.000000 1.000000
0.999177 -0.012626 0.038540 0.000000 0.011622 0.999590 0.026152 9.766500 -0.038854 -0.025682 0.998915 0.000000 0.000000 0.000000 0.000000 1.000000
0.999028 -0.014427 0.041647 -0.000000 0.013162 0.999449 0.030483 9.766500 -0.042064 -0.029905 0.998667 0.000000 0.000000 0.000000 0.000000 1.000000
0.998771 -0.012151 0.048055 0.000000 0.010522 0.999366 0.034006 9.766500 -0.048438 -0.033459 0.998266 0.000000 0.000000 0.000000 0.000000 1.000000
