<?xml version="1.0" encoding="utf-8"?>
<COLLADA xmlns="http://www.collada.org/2005/11/COLLADASchema" version="1.4.1">
  <asset><contributor><author>Mixamo</author><authoring_tool>COLLADA Mixamo exporter</authoring_tool><comments></comments></contributor><created>2019-12-01T03:32:59Z</created><modified>2019-12-01T03:32:59Z</modified><revision></revision><title></title><unit meter="0.010000"/><up_axis>Y_UP</up_axis></asset>
  <library_animations>
    <animation id="Hips-anim" name="Hips"><source id="Hips-Matrix-animation-input"><float_array id="Hips-Matrix-animation-input-array" count="61">

0.000000 0.033333 0.066667 0.100000 0.133333 0.166667 0.200000 0.233333 0.266667 0.300000 0.333333 0.366667 0.400000 0.433333 0.466667 0.500000
0.533333 0.566667 0.600000 0.633333 0.666667 0.700000 0.733333 0.766667 0.800000 0.833333 0.866667 0.900000 0.933333 0.966667 1.000000 1.033333
1.066667 1.100000 1.133333 1.166667 1.200000 1.233333 1.266667 1.300000 1.333333 1.366667 1.400000 1.433333 1.466667 1.500000 1.533333 1.566667
1.600000 1.633333 1.666667 1.700000 1.733333 1.766667 1.800000 1.833333 1.866667 1.900000 1.933333 1.966667 2.000000</float_array><technique_common><accessor source="#Hips-Matrix-animation-input-array" count="61"><param name="TIME" type="float"/></accessor></technique_common></source><source id="Hips-Matrix-animation-output-transform"><float_array id="Hips-Matrix-animation-output-transform-array" count="976">

0.932036 -0.033061 -0.360854 0.132659 -0.047475 0.976105 -0.212051 98.257980 0.359242 0.214770 0.908195 -0.061320 0.000000 0.000000 0.000000 1.000000
0.931278 -0.026498 -0.363345 0.041637 -0.051447 0.977791 -0.203169 98.394455 0.360659 0.207899 0.909232 -0.151462 0.000000 0.000000 0.000000 1.000000
0.930259 -0.020187 -0.366348 -0.002395 -0.055264 0.979385 -0.194296 98.517555 0.362718 0.200992 0.909966 -0.202735 0.000000 0.000000 0.000000 1.000000
0.928769 -0.014408 -0.370378 0.040978 -0.058784 0.980872 -0.185565 98.614624 0.365967 0.194120 0.910157 -0.183056 0.000000 0.000000 0.000000 1.000000
0.927330 -0.009762 -0.374118 0.228002 -0.061401 0.982145 -0.177823 98.685120 0.369174 0.187872 0.910173 -0.104764 0.000000 0.000000 0.000000 1.000000
0.926158 -0.006746 -0.377075 0.497890 -0.063371 0.982840 -0.173233 98.767593 0.371773 0.184337 0.909838 -0.098343 0.000000 0.000000 0.000000 1.000000
0.925612 -0.010733 -0.378321 0.622227 -0.061819 0.981886 -0.179104 98.768051 0.373391 0.189168 0.908182 -0.250637 0.000000 0.000000 0.000000 1.000000
0.926377 -0.015184 -0.376291 0.484413 -0.057645 0.981695 -0.181526 98.817337 0.372159 0.189852 0.908545 -0.420390 0.000000 0.000000 0.000000 1.000000
0.930758 -0.017849 -0.365199 0.002494 -0.045594 0.985346 -0.164361 99.046875 0.362781 0.169631 0.916305 -0.318053 0.000000 0.000000 0.000000 1.000000
0.939128 -0.015017 -0.343240 -0.718470 -0.025202 0.993342 -0.112414 99.631569 0.342643 0.114222 0.932496 0.343822 0.000000 0.000000 0.000000 1.000000
0.949916 -0.006605 -0.312435 -1.573317 -0.002016 0.999626 -0.027261 100.630524 0.312498 0.026525 0.949548 1.603785 0.000000 0.000000 0.000000 1.000000
0.960833 0.001213 -0.277124 -2.550739 0.019058 0.997334 0.070442 101.749329 0.276470 -0.072964 0.958249 3.205587 0.000000 0.000000 0.000000 1.000000
0.968678 0.004066 -0.248287 -3.563645 0.035942 0.987041 0.156391 102.424179 0.245705 -0.160416 0.955979 4.705639 0.000000 0.000000 0.000000 1.000000
0.971342 0.001401 -0.237683 -4.449834 0.051659 0.974834 0.216865 102.414772 0.232006 -0.222928 0.946824 5.666427 0.000000 0.000000 0.000000 1.000000
0.969678 -0.004876 -0.244336 -5.143309 0.067906 0.965805 0.250220 101.925705 0.234761 -0.259224 0.936851 5.954473 0.000000 0.000000 0.000000 1.000000
0.966474 -0.014270 -0.256366 -5.772791 0.084708 0.960276 0.265886 101.276398 0.242388 -0.278688 0.929291 5.745020 0.000000 0.000000 0.000000 1.000000
0.964162 -0.027920 -0.263840 -6.499840 0.103346 0.955425 0.276554 100.651779 0.244358 -0.293910 0.924070 5.248385 0.000000 0.000000 0.000000 1.000000
0.963395 -0.045458 -0.264204 -7.334009 0.123002 0.950615 0.284957 100.053787 0.238202 -0.307024 0.921410 4.560165 0.000000 0.000000 0.000000 1.000000
0.963096 -0.066151 -0.260904 -8.172364 0.142254 0.947987 0.284755 99.361191 0.228497 -0.311361 0.922412 3.731654 0.000000 0.000000 0.000000 1.000000
0.961428 -0.087441 -0.260788 -8.898338 0.160722 0.948015 0.274657 98.500214 0.223215 -0.305977 0.925502 2.827392 0.000000 0.000000 0.000000 1.000000
0.956919 -0.107951 -0.269540 -9.456474 0.179818 0.949200 0.258233 97.469299 0.227971 -0.295576 0.927720 1.861432 0.000000 0.000000 0.000000 1.000000
0.949579 -0.127743 -0.286325 -9.794000 0.199565 0.950609 0.237733 96.401398 0.241814 -0.282887 0.928171 0.836702 0.000000 0.000000 0.000000 1.000000
0.941082 -0.146494 -0.304802 -9.905020 0.217437 0.952418 0.213589 95.447121 0.259009 -0.267280 0.928157 -0.233335 0.000000 0.000000 0.000000 1.000000
0.933670 -0.163077 -0.318852 -9.856814 0.230568 0.954970 0.186735 94.680336 0.274042 -0.247866 0.929227 -1.335609 0.000000 0.000000 0.000000 1.000000
0.928782 -0.176928 -0.325669 -9.745308 0.238345 0.958033 0.159264 94.126762 0.283823 -0.225543 0.931974 -2.444355 0.000000 0.000000 0.000000 1.000000
0.926469 -0.188383 -0.325833 -9.634639 0.242247 0.961032 0.133172 93.798714 0.288048 -0.202311 0.936001 -3.510760 0.000000 0.000000 0.000000 1.000000
0.926049 -0.196715 -0.322081 -9.505299 0.243096 0.963704 0.110355 93.680832 0.288683 -0.180491 0.940258 -4.467197 0.000000 0.000000 0.000000 1.000000
0.926606 -0.199933 -0.318479 -9.267908 0.240338 0.966256 0.092664 93.737160 0.289206 -0.162406 0.943390 -5.261709 0.000000 0.000000 0.000000 1.000000
0.926313 -0.198106 -0.320465 -8.872218 0.234057 0.969134 0.077444 93.938660 0.295232 -0.146745 0.944089 -5.902280 0.000000 0.000000 0.000000 1.000000
0.922702 -0.195092 -0.332507 -8.404737 0.225939 0.972508 0.056379 94.258698 0.312367 -0.127148 0.941414 -6.439915 0.000000 0.000000 0.000000 1.000000
0.915466 -0.194584 -0.352220 -7.985018 0.217029 0.975845 0.024981 94.659782 0.338851 -0.099311 0.935584 -6.898443 0.000000 0.000000 0.000000 1.000000
0.907999 -0.195833 -0.370388 -7.605423 0.206288 0.978422 -0.011603 95.082100 0.364668 -0.065871 0.928805 -7.248041 0.000000 0.000000 0.000000 1.000000
0.903756 -0.195467 -0.380811 -7.179392 0.193079 0.980156 -0.044881 95.443542 0.382027 -0.032966 0.923563 -7.445940 0.000000 0.000000 0.000000 1.000000
0.902667 -0.191945 -0.385161 -6.683125 0.178859 0.981389 -0.069899 95.714142 0.391409 -0.005794 0.920199 -7.485826 0.000000 0.000000 0.000000 1.000000
0.902476 -0.186472 -0.388284 -6.155617 0.164870 0.982331 -0.088560 95.918777 0.397938 0.015907 0.917274 -7.381732 0.000000 0.000000 0.000000 1.000000
0.901870 -0.181018 -0.392254 -5.626228 0.150926 0.982788 -0.106530 96.084518 0.404787 0.036875 0.913667 -7.153997 0.000000 0.000000 0.000000 1.000000
0.901604 -0.176317 -0.394998 -5.091362 0.136793 0.982511 -0.126329 96.208519 0.410364 0.059866 0.909955 -6.829409 0.000000 0.000000 0.000000 1.000000
0.903075 -0.171650 -0.393690 -4.554275 0.123238 0.981679 -0.145321 96.294968 0.411421 0.082718 0.907684 -6.431185 0.000000 0.000000 0.000000 1.000000
0.906285 -0.165724 -0.388822 -4.027255 0.110964 0.980948 -0.159460 96.371719 0.407841 0.101371 0.907408 -5.962629 0.000000 0.000000 0.000000 1.000000
0.909799 -0.158149 -0.383737 -3.487907 0.099798 0.980791 -0.167602 96.474731 0.402871 0.114188 0.908106 -5.426394 0.000000 0.000000 0.000000 1.000000
0.912551 -0.149609 -0.380616 -2.905633 0.088937 0.981008 -0.172375 96.625595 0.399176 0.123450 0.908526 -4.847870 0.000000 0.000000 0.000000 1.000000
0.914900 -0.140846 -0.378313 -2.332591 0.077358 0.980961 -0.178134 96.790764 0.396200 0.133710 0.908376 -4.253736 0.000000 0.000000 0.000000 1.000000
0.917602 -0.131927 -0.374969 -1.864038 0.064362 0.980181 -0.187359 96.908310 0.392256 0.147787 0.907907 -3.647087 0.000000 0.000000 0.000000 1.000000
0.920373 -0.122890 -0.371231 -1.494383 0.050660 0.978807 -0.198420 96.971481 0.387747 0.163814 0.907093 -3.027240 0.000000 0.000000 0.000000 1.000000
0.922413 -0.114906 -0.368715 -1.130614 0.038446 0.977291 -0.208383 97.020897 0.384286 0.178039 0.905884 -2.415241 0.000000 0.000000 0.000000 1.000000
0.923911 -0.109139 -0.366710 -0.718901 0.028967 0.975655 -0.217391 97.073158 0.381508 0.190228 0.904580 -1.831982 0.000000 0.000000 0.000000 1.000000
0.925596 -0.105063 -0.363641 -0.284999 0.021460 0.973727 -0.226706 97.119553 0.377905 0.202034 0.903532 -1.284167 0.000000 0.000000 0.000000 1.000000
0.927254 -0.101400 -0.360442 0.118975 0.014825 0.971820 -0.235256 97.160614 0.374140 0.212799 0.902627 -0.789490 0.000000 0.000000 0.000000 1.000000
0.928112 -0.097940 -0.359189 0.464262 0.008733 0.970239 -0.241992 97.204468 0.372200 0.221459 0.901345 -0.369047 0.000000 0.000000 0.000000 1.000000
0.928120 -0.094858 -0.359993 0.742653 0.002950 0.968837 -0.247683 97.258377 0.372269 0.228817 0.899477 -0.022741 0.000000 0.000000 0.000000 1.000000
0.927928 -0.091672 -0.361312 0.950619 -0.002806 0.967543 -0.252692 97.324371 0.372750 0.235493 0.897553 0.255508 0.000000 0.000000 0.000000 1.000000
0.928017 -0.087750 -0.362056 1.093781 -0.008510 0.966616 -0.256087 97.381851 0.372441 0.240734 0.896290 0.468205 0.000000 0.000000 0.000000 1.000000
0.928268 -0.083137 -0.362500 1.181261 -0.014030 0.966173 -0.257513 97.404053 0.371646 0.244127 0.895701 0.620703 0.000000 0.000000 0.000000 1.000000
0.928357 -0.078545 -0.363296 1.211109 -0.019136 0.966021 -0.257756 97.399353 0.371197 0.246242 0.895309 0.714288 0.000000 0.000000 0.000000 1.000000
0.928387 -0.074127 -0.364146 1.156531 -0.023506 0.966228 -0.256616 97.419228 0.370870 0.246799 0.895291 0.724318 0.000000 0.000000 0.000000 1.000000
0.928980 -0.068750 -0.363689 1.026428 -0.027618 0.966983 -0.253339 97.491867 0.369099 0.245391 0.896409 0.661071 0.000000 0.000000 0.000000 1.000000
0.930168 -0.062142 -0.361837 0.835610 -0.031613 0.968354 -0.247572 97.615463 0.365771 0.241723 0.898767 0.534022 0.000000 0.000000 0.000000 1.000000
0.931542 -0.054589 -0.359514 0.616720 -0.035557 0.970256 -0.239457 97.777161 0.361892 0.235847 0.901893 0.366202 0.000000 0.000000 0.000000 1.000000
0.932401 -0.046978 -0.358359 0.417723 -0.039499 0.972333 -0.230236 97.947517 0.359260 0.228827 0.904749 0.199462 0.000000 0.000000 0.000000 1.000000
0.932490 -0.039825 -0.358995 0.258412 -0.043478 0.974300 -0.221018 98.108147 0.358570 0.221705 0.906793 0.056858 0.000000 0.000000 0.000000 1.000000
0.932036 -0.033061 -0.360854 0.132659 -0.047475 0.976105 -0.212051 98.257980 0.359242 0.214770 0.908195 -0.061320 0.000000 0.000000 0.000000 1.000000</float_array><technique_common><accessor source="#Hips-Matrix-animation-output-transform-array" count="61" stride="16"><param type="float4x4"/></accessor></technique_common></source><source id="Hips-Interpolations"><Name_array id="Hips-Interpolations-array" count="61">
 LINEAR LINEAR LINEAR LINEAR LINEAR LINEAR LINEAR LINEAR LINEAR LINEAR LINEAR
LINEAR LINEAR LINEAR LINEAR LINEAR LINEAR LINEAR LINEAR LINEAR LINEAR LINEAR LINEAR
LINEAR LINEAR LINEAR LINEAR LINEAR LINEAR LINEAR LINEAR LINEAR LINEAR LINEAR LINEAR
LINEAR LINEAR LINEAR LINEAR LINEAR LINEAR LINEAR LINEAR LINEAR LINEAR LINEAR LINEAR
LINEAR LINEAR LINEAR LINEAR LINEAR LINEAR LINEAR LINEAR LINEAR LINEAR LINEAR LINEAR
LINEAR LINEAR</Name_array><technique_common><accessor source="#Hips-Interpolations-array" count="61"><param type="name"/></accessor></technique_common></source><sampler id="Hips-Matrix-animation-transform"><input semantic="INPUT" source="#Hips-Matrix-animation-input"/><input semantic="OUTPUT" source="#Hips-Matrix-animation-output-transform"/><input semantic="INTERPOLATION" source="#Hips-Interpolations"/></sampler><channel source="#Hips-Matrix-animation-transform" target="Hips/matrix"/></animation>
    <animation id="Spine-anim" name="Spine"><source id="Spine-Matrix-animation-input"><float_array id="Spine-Matrix-animation-input-array" count="61">

0.000000 0.033333 0.066667 0.100000 0.133333 0.166667 0.200000 0.233333 0.266667 0.300000 0.333333 0.366667 0.400000 0.433333 0.466667 0.500000
0.533333 0.566667 0.600000 0.633333 0.666667 0.700000 0.733333 0.766667 0.800000 0.833333 0.866667 0.900000 0.933333 0.966667 1.000000 1.033333
1.066667 1.100000 1.133333 1.166667 1.200000 1.233333 1.266667 1.300000 1.333333 1.366667 1.400000 1.433333 1.466667 1.500000 1.533333 1.566667
1.600000 1.633333 1.666667 1.700000 1.733333 1.766667 1.800000 1.833333 1.866667 1.900000 1.933333 1.966667 2.000000</float_array><technique_common><accessor source="#Spine-Matrix-animation-input-array" count="61"><param name="TIME" type="float"/></accessor></technique_common></source><source id="Spine-Matrix-animation-output-transform"><float_array id="Spine-Matrix-animation-output-transform-array" count="976">

0.999504 0.029140 0.011956 -0.000000 -0.026544 0.983626 -0.178259 9.635200 -0.016954 0.177853 0.983911 0.000000 0.000000 0.000000 0.000000 1.000000
0.999504 0.029406 0.011275 -0.000000 -0.026912 0.983445 -0.179199 9.635200 -0.016357 0.178806 0.983748 0.000000 0.000000 0.000000 0.000000 1.000000
0.999545 0.028441 0.010039 0.000000 -0.026190 0.983539 -0.178790 9.635200 -0.014959 0.178446 0.983836 0.000000 0.000000 0.000000 0.000000 1.000000
0.999625 0.026226 0.007853 0.000000 -0.024414 0.983784 -0.177688 9.635200 -0.012385 0.177430 0.984056 0.000000 0.000000 0.000000 0.000000 1.000000
0.999719 0.023309 0.004322 0.000000 -0.022177 0.983967 -0.176966 9.635200 -0.008377 0.176820 0.984208 0.000000 0.000000 0.000000 0.000000 1.000000
0.999771 0.021382 -0.000674 0.000000 -0.021161 0.983821 -0.177902 9.635200 -0.003140 0.177875 0.984048 0.000000 0.000000 0.000000 0.000000 1.000000
0.999733 0.022076 -0.006828 0.000000 -0.022945 0.983332 -0.180366 9.635200 0.002732 0.180475 0.983576 0.000000 0.000000 0.000000 0.000000 1.000000
0.999599 0.025019 -0.013226 -0.000000 -0.027005 0.983028 -0.181458 9.635200 0.008462 0.181743 0.983310 0.000000 0.000000 0.000000 0.000000 1.000000
0.999462 0.027184 -0.018327 0.000000 -0.029995 0.983851 -0.176458 9.635200 0.013234 0.176912 0.984138 -0.000000 0.000000 0.000000 0.000000 1.000000
0.999530 0.023573 -0.019592 0.000000 -0.026435 0.986485 -0.161707 9.635200 0.015515 0.162149 0.986644 0.000000 0.000000 0.000000 0.000000 1.000000
0.999827 0.010862 -0.015079 0.000000 -0.012829 0.990459 -0.137206 9.635200 0.013445 0.137376 0.990428 0.000000 0.000000 0.000000 0.000000 1.000000
0.999944 -0.009291 -0.005078 0.000000 0.008697 0.994269 -0.106548 9.635200 0.006039 0.106498 0.994295 0.000000 0.000000 0.000000 0.000000 1.000000
0.999440 -0.032295 0.008776 0.000000 0.032860 0.996679 -0.074509 9.635200 -0.006340 0.074756 0.997182 0.000000 0.000000 0.000000 0.000000 1.000000
0.998290 -0.053163 0.024314 0.000000 0.054216 0.997518 -0.044937 9.635200 -0.021865 0.046178 0.998694 0.000000 0.000000 0.000000 0.000000 1.000000
0.996840 -0.069094 0.039189 0.000000 0.069940 0.997338 -0.020626 9.635200 -0.037660 0.023302 0.999019 0.000000 0.000000 0.000000 0.000000 1.000000
0.995539 -0.079545 0.050740 -0.000000 0.079828 0.996802 -0.003569 9.635200 -0.050294 0.007603 0.998706 0.000000 0.000000 0.000000 0.000000 1.000000
0.994736 -0.085515 0.056459 -0.000000 0.085318 0.996336 0.005909 9.635200 -0.056757 -0.001061 0.998387 0.000000 0.000000 0.000000 0.000000 1.000000
0.994523 -0.088640 0.055380 -0.000000 0.088237 0.996053 0.009675 9.635200 -0.056019 -0.004736 0.998418 0.000000 0.000000 0.000000 0.000000 1.000000
0.994675 -0.090544 0.049220 0.000000 0.090132 0.995874 0.010538 9.635200 -0.049971 -0.006046 0.998732 0.000000 0.000000 0.000000 0.000000 1.000000
0.994843 -0.092410 0.041815 0.000000 0.092059 0.995701 0.010243 9.635200 -0.042582 -0.006341 0.999073 0.000000 0.000000 0.000000 0.000000 1.000000
0.994809 -0.094872 0.036812 0.000000 0.094614 0.995476 0.008708 9.635200 -0.037472 -0.005179 0.999284 -0.000000 0.000000 0.000000 0.000000 1.000000
0.994538 -0.098178 0.035425 0.000000 0.098062 0.995168 0.004981 9.635200 -0.035743 -0.001480 0.999360 0.000000 0.000000 0.000000 0.000000 1.000000
0.994088 -0.102405 0.036080 0.000000 0.102523 0.994730 -0.001416 9.635200 -0.035745 0.005107 0.999348 0.000000 0.000000 0.000000 0.000000 1.000000
0.993557 -0.107471 0.035992 0.000000 0.107897 0.994111 -0.010107 9.635200 -0.034694 0.013925 0.999301 0.000000 0.000000 0.000000 0.000000 1.000000
0.993036 -0.113026 0.033226 0.000000 0.113741 0.993299 -0.020474 9.635200 -0.030689 0.024110 0.999238 -0.000000 0.000000 0.000000 0.000000 1.000000
0.992553 -0.118585 0.027846 0.000000 0.119464 0.992311 -0.032369 9.635200 -0.023794 0.035454 0.999088 0.000000 0.000000 0.000000 0.000000 1.000000
0.992072 -0.123762 0.021824 -0.000000 0.124658 0.991130 -0.046061 9.635200 -0.015930 0.048416 0.998700 0.000000 0.000000 0.000000 0.000000 1.000000
0.991573 -0.128297 0.017979 0.000000 0.129170 0.989718 -0.061429 9.635200 -0.009913 0.063234 0.997950 0.000000 0.000000 0.000000 0.000000 1.000000
0.991100 -0.131834 0.018437 -0.000000 0.132874 0.988119 -0.077237 9.635200 -0.008036 0.078999 0.996842 -0.000000 0.000000 0.000000 0.000000 1.000000
0.990722 -0.133889 0.023308 -0.000000 0.135477 0.986556 -0.091399 9.635200 -0.010757 0.093709 0.995542 0.000000 0.000000 0.000000 0.000000 1.000000
0.990478 -0.134256 0.030469 0.000000 0.136702 0.985322 -0.102236 9.635200 -0.016296 0.105428 0.994293 0.000000 0.000000 0.000000 0.000000 1.000000
0.990393 -0.133284 0.036832 0.000000 0.136575 0.984539 -0.109685 9.635200 -0.021644 0.113662 0.993284 0.000000 0.000000 0.000000 0.000000 1.000000
0.990489 -0.131575 0.040233 0.000000 0.135403 0.984063 -0.115262 9.635200 -0.024426 0.119613 0.992520 0.000000 0.000000 0.000000 0.000000 1.000000
0.990772 -0.129358 0.040462 -0.000000 0.133362 0.983688 -0.120714 9.635200 -0.024186 0.124996 0.991862 0.000000 0.000000 0.000000 0.000000 1.000000
0.991220 -0.126409 0.038784 -0.000000 0.130361 0.983341 -0.126674 9.635200 -0.022125 0.130618 0.991186 0.000000 0.000000 0.000000 0.000000 1.000000
0.991812 -0.122351 0.036585 0.000000 0.126167 0.983113 -0.132553 9.635200 -0.019749 0.136083 0.990501 0.000000 0.000000 0.000000 0.000000 1.000000
0.992534 -0.116993 0.034485 0.000000 0.120663 0.983114 -0.137574 9.635200 -0.017807 0.140708 0.989891 0.000000 0.000000 0.000000 0.000000 1.000000
0.993346 -0.110497 0.032464 0.000000 0.114014 0.983316 -0.141743 9.635200 -0.016260 0.144501 0.989371 -0.000000 0.000000 0.000000 0.000000 1.000000
0.994170 -0.103418 0.030522 0.000000 0.106788 0.983536 -0.145787 9.635200 -0.014943 0.148196 0.988845 0.000000 0.000000 0.000000 0.000000 1.000000
0.994914 -0.096462 0.028993 -0.000000 0.099744 0.983594 -0.150314 9.635200 -0.014018 0.152441 0.988213 0.000000 0.000000 0.000000 0.000000 1.000000
0.995541 -0.089993 0.028279 -0.000000 0.093309 0.983473 -0.155160 9.635200 -0.013848 0.157106 0.987485 0.000000 0.000000 0.000000 0.000000 1.000000
0.996087 -0.083674 0.028441 0.000000 0.087158 0.983333 -0.159560 9.635200 -0.014616 0.161414 0.986779 0.000000 0.000000 0.000000 0.000000 1.000000
0.996634 -0.076657 0.029071 -0.000000 0.080388 0.983364 -0.162891 9.635200 -0.016101 0.164679 0.986216 0.000000 0.000000 0.000000 0.000000 1.000000
0.997231 -0.068251 0.029537 0.000000 0.072211 0.983622 -0.165145 9.635200 -0.017782 0.166821 0.985827 -0.000000 0.000000 0.000000 0.000000 1.000000
0.997854 -0.058517 0.029383 0.000000 0.062615 0.984012 -0.166733 9.635200 -0.019157 0.168215 0.985564 -0.000000 0.000000 0.000000 0.000000 1.000000
0.998426 -0.048244 0.028602 0.000000 0.052379 0.984398 -0.167978 9.635200 -0.020052 0.169212 0.985376 0.000000 0.000000 0.000000 0.000000 1.000000
0.998884 -0.038365 0.027539 -0.000000 0.042478 0.984713 -0.168928 9.635200 -0.020637 0.169909 0.985244 0.000000 0.000000 0.000000 0.000000 1.000000
0.999216 -0.029383 0.026516 -0.000000 0.033463 0.984950 -0.169572 9.635200 -0.021134 0.170326 0.985161 0.000000 0.000000 0.000000 0.000000 1.000000
0.999449 -0.021215 0.025539 0.000000 0.025255 0.985114 -0.170036 9.635200 -0.021552 0.170587 0.985107 -0.000000 0.000000 0.000000 0.000000 1.000000
0.999612 -0.013419 0.024403 -0.000000 0.017388 0.985203 -0.170507 9.635200 -0.021754 0.170865 0.985054 -0.000000 0.000000 0.000000 0.000000 1.000000
0.999719 -0.005551 0.023049 0.000000 0.009414 0.985215 -0.171066 9.635200 -0.021759 0.171235 0.984990 0.000000 0.000000 0.000000 0.000000 1.000000
0.999760 0.002511 0.021768 0.000000 0.001264 0.985148 -0.171700 9.635200 -0.021876 0.171686 0.984909 0.000000 0.000000 0.000000 0.000000 1.000000
0.999726 0.010451 0.020940 0.000000 -0.006686 0.985004 -0.172400 9.635200 -0.022428 0.172213 0.984804 0.000000 0.000000 0.000000 0.000000 1.000000
0.999633 0.017649 0.020571 0.000000 -0.013823 0.984794 -0.173174 9.635200 -0.023315 0.172826 0.984676 0.000000 0.000000 0.000000 0.000000 1.000000
0.999521 0.023414 0.020230 0.000000 -0.019542 0.984556 -0.173976 9.635200 -0.023991 0.173498 0.984542 -0.000000 0.000000 0.000000 0.000000 1.000000
0.999439 0.027303 0.019395 0.000000 -0.023500 0.984335 -0.174735 9.635200 -0.023862 0.174181 0.984424 0.000000 0.000000 0.000000 0.000000 1.000000
0.999410 0.029344 0.017876 0.000000 -0.025758 0.984158 -0.175415 9.635200 -0.022740 0.174851 0.984332 0.000000 0.000000 0.000000 0.000000 1.000000
0.999423 0.029975 0.015949 0.000000 -0.026704 0.984019 -0.176050 9.635200 -0.020972 0.175523 0.984252 0.000000 0.000000 0.000000 0.000000 1.000000
0.999456 0.029815 0.014118 0.000000 -0.026855 0.983896 -0.176711 9.635200 -0.019159 0.176236 0.984162 -0.000000 0.000000 0.000000 0.000000 1.000000
0.999486 0.029409 0.012724 0.000000 -0.026687 0.983769 -0.177441 9.635200 -0.017736 0.177011 0.984049 0.000000 0.000000 0.000000 0.000000 1.000000
0.999504 0.029140 0.011956 -0.000000 -0.026544 0.983626 -0.178259 9.635200 -0.016954 0.177853 0.983911 0.000000 0.000000 0.000000 0.000000 1.000000</float_array><technique_common><accessor source="#Spine-Matrix-animation-output-transform-array" count="61" stride="16"><param type="float4x4"/></accessor></technique_common></source><source id="Spine-Interpolations"><Name_array id="Spine-Interpolations-array" count="61">
 LINEAR LINEAR LINEAR LINEAR LINEAR LINEAR LINEAR LINEAR LINEAR LINEAR LINEAR
LINEAR LINEAR LINEAR LINEAR LINEAR LINEAR LINEAR LINEAR LINEAR LINEAR LINEAR LINEAR
LINEAR LINEAR LINEAR LINEAR LINEAR LINEAR LINEAR LINEAR LINEAR LINEAR LINEAR LINEAR
LINEAR LINEAR LINEAR LINEAR LINEAR LINEAR LINEAR LINEAR LINEAR LINEAR LINEAR LINEAR
LINEAR LINEAR LINEAR LINEAR LINEAR LINEAR LINEAR LINEAR LINEAR LINEAR LINEAR LINEAR
LINEAR LINEAR</Name_array><technique_common><accessor source="#Spine-Interpolations-array" count="61"><param type="name"/></accessor></technique_common></source><sampler id="Spine-Matrix-animation-transform"><input semantic="INPUT" source="#Spine-Matrix-animation-input"/><input semantic="OUTPUT" source="#Spine-Matrix-animation-output-transform"/><input semantic="INTERPOLATION" source="#Spine-Interpolations"/></sampler><channel source="#Spine-Matrix-animation-transform" target="Spine/matrix"/></animation>
    <animation id="Spine1-anim" name="Spine1"><source id="Spine1-Matrix-animation-input"><float_array id="Spine1-Matrix-animation-input-array" count="61">

0.000000 0.033333 0.066667 0.100000 0.133333 0.166667 0.200000 0.233333 0.266667 0.300000 0.333333 0.366667 0.400000 0.433333 0.466667 0.500000
0.533333 0.566667 0.600000 0.633333 0.666667 0.700000 0.733333 0.766667 0.800000 0.833333 0.866667 0.900000 0.933333 0.966667 1.000000 1.033333
1.066667 1.100000 1.133333 1.166667 1.200000 1.233333 1.266667 1.300000 1.333333 1.366667 1.400000 1.433333 1.466667 1.500000 1.533333 1.566667
1.600000 1.633333 1.666667 1.700000 1.733333 1.766667 1.800000 1.833333 1.866667 1.900000 1.933333 1.966667 2.000000</float_array><technique_common><accessor source="#Spine1-Matrix-animation-input-array" count="61"><param name="TIME" type="float"/></accessor></technique_common></source><source id="Spine1-Matrix-animation-output-transform"><float_array id="Spine1-Matrix-animation-output-transform-array" count="976">

0.999633 0.026236 0.006727 0.000000 -0.025150 0.991319 -0.129054 9.766500 -0.010054 0.128838 0.991615 0.000000 0.000000 0.000000 0.000000 1.000000
0.999640 0.026042 0.006421 -0.000000 -0.024997 0.991327 -0.129021 9.766500 -0.009725 0.128814 0.991621 -0.000000 0.000000 0.000000 0.000000 1.000000
0.999671 0.025023 0.005675 0.000000 -0.024090 0.991456 -0.128200 9.766500 -0.008835 0.128021 0.991732 0.000000 0.000000 0.000000 0.000000 1.000000
0.999721 0.023249 0.004145 0.000000 -0.022533 0.991620 -0.127208 9.766500 -0.007067 0.127079 0.991867 -0.000000 0.000000 0.000000 0.000000 1.000000
0.999774 0.021186 0.001464 0.000000 -0.020829 0.991706 -0.126831 9.766500 -0.004139 0.126772 0.991923 0.000000 0.000000 0.000000 0.000000 1.000000
0.999797 0.019976 -0.002486 0.000000 -0.020130 0.991617 -0.127637 9.766500 -0.000084 0.127661 0.991818 -0.000000 0.000000 0.000000 0.000000 1.000000
0.999759 0.020624 -0.007462 -0.000000 -0.021415 0.991424 -0.128919 9.766500 0.004739 0.129048 0.991627 0.000000 0.000000 0.000000 0.000000 1.000000
0.999658 0.022858 -0.012701 0.000000 -0.024299 0.991450 -0.128205 9.766500 0.009662 0.128470 0.991666 -0.000000 0.000000 0.000000 0.000000 1.000000
0.999559 0.024556 -0.016724 0.000000 -0.026424 0.992109 -0.122560 9.766500 0.013583 0.122947 0.992320 -0.000000 0.000000 0.000000 0.000000 1.000000
0.999586 0.022828 -0.017511 0.000000 -0.024629 0.993553 -0.110661 9.766500 0.014872 0.111047 0.993704 0.000000 0.000000 0.000000 0.000000 1.000000
0.999784 0.015904 -0.013403 -0.000000 -0.017092 0.995446 -0.093781 9.766500 0.011850 0.093990 0.995503 0.000000 0.000000 0.000000 0.000000 1.000000
0.999982 0.004345 -0.004171 0.000000 -0.004644 0.997205 -0.074574 9.766500 0.003835 0.074592 0.997207 0.000000 0.000000 0.000000 0.000000 1.000000
0.999917 -0.009393 0.008781 -0.000000 0.009862 0.998437 -0.055016 9.766500 -0.008251 0.055098 0.998447 0.000000 0.000000 0.000000 0.000000 1.000000
0.999478 -0.022503 0.023162 0.000000 0.023330 0.999078 -0.036041 9.766500 -0.022330 0.036563 0.999082 0.000000 0.000000 0.000000 0.000000 1.000000
0.998781 -0.033244 0.036501 0.000000 0.033953 0.999243 -0.018976 9.766500 -0.035843 0.020192 0.999153 -0.000000 0.000000 0.000000 0.000000 1.000000
0.998074 -0.041175 0.046392 0.000000 0.041497 0.999121 -0.006012 9.766500 -0.046104 0.007925 0.998905 0.000000 0.000000 0.000000 0.000000 1.000000
0.997611 -0.046681 0.050915 -0.000000 0.046668 0.998909 0.001438 9.766500 -0.050927 0.000941 0.998702 0.000000 0.000000 0.000000 0.000000 1.000000
0.997499 -0.050347 0.049603 0.000000 0.050205 0.998730 0.004116 9.766500 -0.049747 -0.001616 0.998761 -0.000000 0.000000 0.000000 0.000000 1.000000
0.997632 -0.052731 0.044148 0.000000 0.052598 0.998607 0.004151 9.766500 -0.044306 -0.001819 0.999016 0.000000 0.000000 0.000000 0.000000 1.000000
0.997803 -0.054433 0.037768 0.000000 0.054352 0.998517 0.003151 9.766500 -0.037883 -0.001092 0.999282 0.000000 0.000000 0.000000 0.000000 1.000000
0.997866 -0.056152 0.033335 -0.000000 0.056140 0.998422 0.001280 9.766500 -0.033354 0.000595 0.999443 0.000000 0.000000 0.000000 0.000000 1.000000
0.997783 -0.058518 0.031702 0.000000 0.058614 0.998278 -0.002122 9.766500 -0.031523 0.003975 0.999495 -0.000000 0.000000 0.000000 0.000000 1.000000
0.997589 -0.061818 0.031536 -0.000000 0.062081 0.998043 -0.007430 9.766500 -0.031015 0.009370 0.999475 0.000000 0.000000 0.000000 0.000000 1.000000
0.997359 -0.065856 0.030620 -0.000000 0.066320 0.997695 -0.014383 9.766500 -0.029603 0.016376 0.999428 0.000000 0.000000 0.000000 0.000000 1.000000
0.997159 -0.070126 0.027490 -0.000000 0.070753 0.997239 -0.022544 9.766500 -0.025833 0.024425 0.999368 -0.000000 0.000000 0.000000 0.000000 1.000000
0.996994 -0.074195 0.022317 -0.000000 0.074885 0.996683 -0.031850 9.766500 -0.019879 0.033425 0.999244 0.000000 0.000000 0.000000 0.000000 1.000000
0.996814 -0.077981 0.016759 0.000000 0.078632 0.995995 -0.042549 9.766500 -0.013374 0.043731 0.998954 0.000000 0.000000 0.000000 0.000000 1.000000
0.996577 -0.081636 0.013042 -0.000000 0.082230 0.995120 -0.054530 9.766500 -0.008527 0.055416 0.998427 -0.000000 0.000000 0.000000 0.000000 1.000000
0.996285 -0.085170 0.012757 0.000000 0.085836 0.994071 -0.066741 9.766500 -0.006997 0.067588 0.997689 0.000000 0.000000 0.000000 0.000000 1.000000
0.995973 -0.088232 0.015914 0.000000 0.089206 0.992997 -0.077454 9.766500 -0.008968 0.078562 0.996869 0.000000 0.000000 0.000000 0.000000 1.000000
0.995695 -0.090313 0.020836 -0.000000 0.091774 0.992116 -0.085342 9.766500 -0.012965 0.086887 0.996134 0.000000 0.000000 0.000000 0.000000 1.000000
0.995524 -0.091104 0.025139 -0.000000 0.093025 0.991545 -0.090471 9.766500 -0.016684 0.092404 0.995582 -0.000000 0.000000 0.000000 0.000000 1.000000
0.995515 -0.090620 0.027159 0.000000 0.092799 0.991220 -0.094193 9.766500 -0.018385 0.096291 0.995183 0.000000 0.000000 0.000000 0.000000 1.000000
0.995671 -0.089009 0.026758 -0.000000 0.091224 0.991002 -0.097944 9.766500 -0.017800 0.099961 0.994832 0.000000 0.000000 0.000000 0.000000 1.000000
0.995952 -0.086362 0.024926 -0.000000 0.088474 0.990828 -0.102142 9.766500 -0.015876 0.103934 0.994458 -0.000000 0.000000 0.000000 0.000000 1.000000
0.996311 -0.082746 0.022745 0.000000 0.084706 0.990732 -0.106186 9.766500 -0.013748 0.107721 0.994086 0.000000 0.000000 0.000000 0.000000 1.000000
0.996714 -0.078311 0.020723 0.000000 0.080119 0.990762 -0.109418 9.766500 -0.011963 0.110718 0.993780 0.000000 0.000000 0.000000 0.000000 1.000000
0.997129 -0.073327 0.018891 0.000000 0.074989 0.990882 -0.111935 9.766500 -0.010511 0.113030 0.993536 0.000000 0.000000 0.000000 0.000000 1.000000
0.997529 -0.068104 0.017241 0.000000 0.069635 0.990982 -0.114481 9.766500 -0.009289 0.115399 0.993276 0.000000 0.000000 0.000000 0.000000 1.000000
0.997892 -0.062906 0.015953 0.000000 0.064350 0.990969 -0.117643 9.766500 -0.008408 0.118422 0.992928 -0.000000 0.000000 0.000000 0.000000 1.000000
0.998208 -0.057860 0.015268 0.000000 0.059287 0.990852 -0.121233 9.766500 -0.008114 0.121921 0.992507 0.000000 0.000000 0.000000 0.000000 1.000000
0.998486 -0.052851 0.015264 -0.000000 0.054344 0.990735 -0.124463 9.766500 -0.008545 0.125104 0.992107 -0.000000 0.000000 0.000000 0.000000 1.000000
0.998745 -0.047548 0.015739 0.000000 0.049163 0.990727 -0.126659 9.766500 -0.009571 0.127274 0.991821 0.000000 0.000000 0.000000 0.000000 1.000000
0.999000 -0.041631 0.016296 0.000000 0.043376 0.990857 -0.127756 9.766500 -0.010829 0.128335 0.991672 0.000000 0.000000 0.000000 0.000000 1.000000
0.999247 -0.035081 0.016570 0.000000 0.036919 0.991067 -0.128156 9.766500 -0.011926 0.128672 0.991616 0.000000 0.000000 0.000000 0.000000 1.000000
0.999466 -0.028232 0.016430 0.000000 0.030109 0.991282 -0.128269 9.766500 -0.012665 0.128695 0.991603 0.000000 0.000000 0.000000 0.000000 1.000000
0.999640 -0.021523 0.016002 0.000000 0.023400 0.991464 -0.128264 9.766500 -0.013105 0.128592 0.991611 -0.000000 0.000000 0.000000 0.000000 1.000000
0.999765 -0.015212 0.015475 -0.000000 0.017071 0.991604 -0.128182 9.766500 -0.013395 0.128416 0.991630 0.000000 0.000000 0.000000 0.000000 1.000000
0.999846 -0.009303 0.014896 -0.000000 0.011136 0.991699 -0.128099 9.766500 -0.013581 0.128245 0.991649 0.000000 0.000000 0.000000 0.000000 1.000000
0.999892 -0.003664 0.014218 0.000000 0.005456 0.991743 -0.128123 9.766500 -0.013631 0.128187 0.991656 -0.000000 0.000000 0.000000 0.000000 1.000000
0.999907 0.001834 0.013498 0.000000 -0.000087 0.991734 -0.128307 9.766500 -0.013621 0.128294 0.991643 0.000000 0.000000 0.000000 0.000000 1.000000
0.999890 0.007224 0.012972 -0.000000 -0.005496 0.991676 -0.128641 9.766500 -0.013794 0.128556 0.991606 0.000000 0.000000 0.000000 0.000000 1.000000
0.999840 0.012415 0.012842 0.000000 -0.010654 0.991578 -0.129074 9.766500 -0.014336 0.128917 0.991552 0.000000 0.000000 0.000000 0.000000 1.000000
0.999768 0.017179 0.012990 0.000000 -0.015353 0.991459 -0.129512 9.766500 -0.015104 0.129283 0.991493 -0.000000 0.000000 0.000000 0.000000 1.000000
0.999691 0.021208 0.012984 -0.000000 -0.019345 0.991349 -0.129822 9.766500 -0.015625 0.129531 0.991452 0.000000 0.000000 0.000000 0.000000 1.000000
0.999630 0.024233 0.012393 0.000000 -0.022420 0.991273 -0.129905 9.766500 -0.015433 0.129579 0.991449 0.000000 0.000000 0.000000 0.000000 1.000000
0.999597 0.026129 0.011141 0.000000 -0.024464 0.991243 -0.129761 9.766500 -0.014433 0.129436 0.991483 0.000000 0.000000 0.000000 0.000000 1.000000
0.999590 0.026981 0.009557 -0.000000 -0.025518 0.991252 -0.129493 9.766500 -0.012967 0.129196 0.991534 0.000000 0.000000 0.000000 0.000000 1.000000
0.999601 0.027063 0.008121 -0.000000 -0.025788 0.991278 -0.129238 9.766500 -0.011547 0.128977 0.991580 0.000000 0.000000 0.000000 0.000000 1.000000
0.999618 0.026722 0.007126 0.000000 -0.025579 0.991304 -0.129079 9.766500 -0.010513 0.128847 0.991609 0.000000 0.000000 0.000000 0.000000 1.000000
0.999633 0.026236 0.006727 0.000000 -0.025150 0.991319 -0.129054 9.766500 -0.010054 0.128838 0.991615 0.000000 0.000000 0.000000 0.000000 1.000000</float_array><technique_common><accessor source="#Spine1-Matrix-animation-output-transform-array" count="61" stride="16"><param type="float4x4"/></accessor></technique_common></source><source id="Spine1-Interpolations"><Name_array id="Spine1-Interpolations-array" count="61">
 LINEAR LINEAR LINEAR LINEAR LINEAR LINEAR LINEAR LINEAR LINEAR LINEAR LINEAR
LINEAR LINEAR LINEAR LINEAR LINEAR LINEAR LINEAR LINEAR LINEAR LINEAR LINEAR LINEAR
LINEAR LINEAR LINEAR LINEAR LINEAR LINEAR LINEAR LINEAR LINEAR LINEAR LINEAR LINEAR
LINEAR LINEAR LINEAR LINEAR LINEAR LINEAR LINEAR LINEAR LINEAR LINEAR LINEAR LINEAR
LINEAR LINEAR LINEAR LINEAR LINEAR LINEAR LINEAR LINEAR LINEAR LINEAR LINEAR LINEAR
LINEAR LINEAR</Name_array><technique_common><accessor source="#Spine1-Interpolations-array" count="61"><param type="name"/></accessor></technique_common></source><sampler id="Spine1-Matrix-animation-transform"><input semantic="INPUT" source="#Spine1-Matrix-animation-input"/><input semantic="OUTPUT" source="#Spine1-Matrix-animation-output-transform"/><input semantic="INTERPOLATION" source="#Spine1-Interpolations"/></sampler><channel source="#Spine1-Matrix-animation-transform" target="Spine1/matrix"/></animation>
    <animation id="Spine2-anim" name="Spine2"><source id="Spine2-Matrix-animation-input"><float_array id="Spine2-Matrix-animation-input-array" count="61">

0.000000 0.033333 0.066667 0.100000 0.133333 0.166667 0.200000 0.233333 0.266667 0.300000 0.333333 0.366667 0.400000 0.433333 0.466667 0.500000
0.533333 0.566667 0.600000 0.633333 0.666667 0.700000 0.733333 0.766667 0.800000 0.833333 0.866667 0.900000 0.933333 0.966667 1.000000 1.033333
1.066667 1.100000 1.133333 1.166667 1.200000 1.233333 1.266667 1.300000 1.333333 1.366667 1.400000 1.433333 1.466667 1.500000 1.533333 1.566667
1.600000 1.633333 1.666667 1.700000 1.733333 1.766667 1.800000 1.833333 1.866667 1.900000 1.933333 1.966667 2.000000</float_array><technique_common><accessor source="#Spine2-Matrix-animation-input-array" count="61"><param name="TIME" type="float"/></accessor></technique_common></source><source id="Spine2-Matrix-animation-output-transform"><float_array id="Spine2-Matrix-animation-output-transform-array" count="976">

0.999606 0.026789 0.008358 -0.000000 -0.025490 0.991333 -0.128875 9.815200 -0.011738 0.128611 0.991626 0.000000 0.000000 0.000000 0.000000 1.000000
0.999615 0.026586 0.007977 0.000000 -0.025338 0.991341 -0.128848 9.815200 -0.011333 0.128597 0.991632 0.000000 0.000000 0.000000 0.000000 1.000000
0.999647 0.025553 0.007234 0.000000 -0.024418 0.991468 -0.128045 9.815200 -0.010444 0.127823 0.991742 0.000000 0.000000 0.000000 0.000000 1.000000
0.999702 0.023740 0.005749 0.000000 -0.022817 0.991629 -0.127086 9.815200 -0.008718 0.126916 0.991875 0.000000 0.000000 0.000000 0.000000 1.000000
0.999762 0.021585 0.003086 0.000000 -0.021020 0.991710 -0.126762 9.815200 -0.005796 0.126667 0.991928 0.000000 0.000000 0.000000 0.000000 1.000000
0.999795 0.020204 -0.000993 -0.000000 -0.020165 0.991616 -0.127633 9.815200 -0.001594 0.127627 0.991821 0.000000 0.000000 0.000000 0.000000 1.000000
0.999768 0.020596 -0.006310 0.000000 -0.021238 0.991419 -0.128982 9.815200 0.003599 0.129086 0.991627 0.000000 0.000000 0.000000 0.000000 1.000000
0.999673 0.022538 -0.012039 0.000000 -0.023898 0.991444 -0.128326 9.815200 0.009044 0.128571 0.991659 0.000000 0.000000 0.000000 0.000000 1.000000
0.999576 0.024013 -0.016484 0.000000 -0.025857 0.992104 -0.122726 9.815200 0.013407 0.123100 0.992304 0.000000 0.000000 0.000000 0.000000 1.000000
0.999601 0.022242 -0.017398 -0.000000 -0.024037 0.993547 -0.110844 9.815200 0.014820 0.111218 0.993686 0.000000 0.000000 0.000000 0.000000 1.000000
0.999795 0.015485 -0.013068 -0.000000 -0.016645 0.995440 -0.093926 9.815200 0.011554 0.094124 0.995493 -0.000000 0.000000 0.000000 0.000000 1.000000
0.999985 0.004202 -0.003454 -0.000000 -0.004449 0.997204 -0.074601 9.815200 0.003131 0.074615 0.997207 0.000000 0.000000 0.000000 0.000000 1.000000
0.999909 -0.009314 0.009743 0.000000 0.009835 0.998446 -0.054845 9.815200 -0.009217 0.054936 0.998447 0.000000 0.000000 0.000000 0.000000 1.000000
0.999461 -0.022362 0.024052 0.000000 0.023212 0.999096 -0.035626 9.815200 -0.023234 0.036165 0.999076 -0.000000 0.000000 0.000000 0.000000 1.000000
0.998762 -0.033182 0.037055 0.000000 0.033878 0.999258 -0.018324 9.815200 -0.036420 0.019557 0.999145 0.000000 0.000000 0.000000 0.000000 1.000000
0.998064 -0.041253 0.046541 0.000000 0.041538 0.999123 -0.005183 9.815200 -0.046286 0.007106 0.998903 0.000000 0.000000 0.000000 0.000000 1.000000
0.997610 -0.046886 0.050754 -0.000000 0.046828 0.998900 0.002343 9.815200 -0.050808 0.000039 0.998708 0.000000 0.000000 0.000000 0.000000 1.000000
0.997501 -0.050632 0.049269 -0.000000 0.050447 0.998714 0.004987 9.815200 -0.049458 -0.002489 0.998773 0.000000 0.000000 0.000000 0.000000 1.000000
0.997634 -0.053050 0.043732 0.000000 0.052886 0.998589 0.004901 9.815200 -0.043930 -0.002576 0.999031 0.000000 0.000000 0.000000 0.000000 1.000000
0.997802 -0.054760 0.037304 0.000000 0.054658 0.998498 0.003756 9.815200 -0.037454 -0.001709 0.999297 0.000000 0.000000 0.000000 0.000000 1.000000
0.997863 -0.056482 0.032844 0.000000 0.056454 0.998404 0.001777 9.815200 -0.032892 0.000081 0.999459 -0.000000 0.000000 0.000000 0.000000 1.000000
0.997778 -0.058854 0.031220 -0.000000 0.058934 0.998260 -0.001667 9.815200 -0.031068 0.003503 0.999511 -0.000000 0.000000 0.000000 0.000000 1.000000
0.997582 -0.062154 0.031103 0.000000 0.062399 0.998027 -0.006975 9.815200 -0.030608 0.008899 0.999492 -0.000000 0.000000 0.000000 0.000000 1.000000
0.997349 -0.066174 0.030258 -0.000000 0.066619 0.997681 -0.013938 9.815200 -0.029265 0.015917 0.999445 0.000000 0.000000 0.000000 0.000000 1.000000
0.997148 -0.070400 0.027199 -0.000000 0.071010 0.997229 -0.022159 9.815200 -0.025563 0.024027 0.999384 0.000000 0.000000 0.000000 0.000000 1.000000
0.996983 -0.074402 0.022107 0.000000 0.075079 0.996678 -0.031569 9.815200 -0.019685 0.033133 0.999257 -0.000000 0.000000 0.000000 0.000000 1.000000
0.996805 -0.078111 0.016684 0.000000 0.078757 0.995993 -0.042377 9.815200 -0.013307 0.043556 0.998962 -0.000000 0.000000 0.000000 0.000000 1.000000
0.996570 -0.081696 0.013198 -0.000000 0.082297 0.995121 -0.054424 9.815200 -0.008687 0.055323 0.998431 0.000000 0.000000 0.000000 0.000000 1.000000
0.996278 -0.085179 0.013228 -0.000000 0.085875 0.994075 -0.066630 9.815200 -0.007474 0.067518 0.997690 0.000000 0.000000 0.000000 0.000000 1.000000
0.995962 -0.088212 0.016706 -0.000000 0.089247 0.993007 -0.077279 9.815200 -0.009773 0.078458 0.996870 0.000000 0.000000 0.000000 0.000000 1.000000
0.995676 -0.090282 0.021870 0.000000 0.091830 0.992133 -0.085083 9.815200 -0.014016 0.086723 0.996134 0.000000 0.000000 0.000000 0.000000 1.000000
0.995497 -0.091066 0.026302 0.000000 0.093088 0.991568 -0.090152 9.815200 -0.017871 0.092194 0.995581 0.000000 0.000000 0.000000 0.000000 1.000000
