<?xml version="1.0" encoding="utf-8"?>
<COLLADA xmlns="http://www.collada.org/2005/11/COLLADASchema" version="1.4.1">
  <asset><contributor><author>Mixamo</author><authoring_tool>COLLADA Mixamo exporter</authoring_tool><comments></comments></contributor><created>2019-12-01T03:28:27Z</created><modified>2019-12-01T03:28:27Z</modified><revision></revision><title></title><unit meter="0.010000"/><up_axis>Y_UP</up_axis></asset>
  <library_animations>
    <animation id="Hips-anim" name="Hips"><source id="Hips-Matrix-animation-input"><float_array id="Hips-Matrix-animation-input-array" count="121">

0.000000 0.033333 0.066667 0.100000 0.133333 0.166667 0.200000 0.233333 0.266667 0.300000 0.333333 0.366667 0.400000 0.433333 0.466667 0.500000
0.533333 0.566667 0.600000 0.633333 0.666667 0.700000 0.733333 0.766667 0.800000 0.833333 0.866667 0.900000 0.933333 0.966667 1.000000 1.033333
1.066667 1.100000 1.133333 1.166667 1.200000 1.233333 1.266667 1.300000 1.333333 1.366667 1.400000 1.433333 1.466667 1.500000 1.533333 1.566667
1.600000 1.633333 1.666667 1.700000 1.733333 1.766667 1.800000 1.833333 1.866667 1.900000 1.933333 1.966667 2.000000 2.033333 2.066667 2.100000
2.133333 2.166667 2.200000 2.233333 2.266667 2.300000 2.333333 2.366667 2.400000 2.433333 2.466667 2.500000 2.533333 2.566667 2.600000 2.633333
2.666667 2.700000 2.733333 2.766667 2.800000 2.833333 2.866667 2.900000 2.933333 2.966667 3.000000 3.033333 3.066667 3.100000 3.133333 3.166667
3.200000 3.233333 3.266667 3.300000 3.333333 3.366667 3.400000 3.433333 3.466667 3.500000 3.533333 3.566667 3.600000 3.633333 3.666667 3.700000
3.733333 3.766667 3.800000 3.833333 3.866667 3.900000 3.933333 3.966667 4.000000</float_array><technique_common><accessor source="#Hips-Matrix-animation-input-array" count="121"><param name="TIME" type="float"/></accessor></technique_common></source><source id="Hips-Matrix-animation-output-transform"><float_array id="Hips-Matrix-animation-output-transform-array" count="1936">

0.728472 0.052375 -0.683071 0.030305 0.000997 0.996991 0.077508 101.060287 0.685075 -0.057144 0.726227 -0.004348 0.000000 0.000000 0.000000 1.000000
0.726802 0.051467 -0.684917 0.036573 0.001585 0.997060 0.076605 101.062485 0.686846 -0.056763 0.724583 0.002423 0.000000 0.000000 0.000000 1.000000
0.725237 0.050186 -0.686668 0.043672 0.002228 0.997164 0.075232 101.066734 0.688496 -0.056090 0.723068 0.004246 0.000000 0.000000 0.000000 1.000000
0.724436 0.049389 -0.687571 0.050454 0.002480 0.997237 0.074245 101.056221 0.689338 -0.055491 0.722312 0.006737 0.000000 0.000000 0.000000 1.000000
0.724051 0.048567 -0.688035 0.055092 0.002475 0.997329 0.073004 101.039108 0.689742 -0.054562 0.721996 0.013412 0.000000 0.000000 0.000000 1.000000
0.724026 0.047560 -0.688131 0.053305 0.002743 0.997414 0.071822 101.032104 0.689767 -0.053888 0.722023 0.015908 0.000000 0.000000 0.000000 1.000000
0.724076 0.046268 -0.688167 0.056377 0.003058 0.997522 0.070285 101.031746 0.689713 -0.052996 0.722140 0.015401 0.000000 0.000000 0.000000 1.000000
0.724473 0.044673 -0.687854 0.056247 0.003725 0.997629 0.068714 101.051224 0.689293 -0.052344 0.722589 0.013832 0.000000 0.000000 0.000000 1.000000
0.724503 0.042523 -0.687958 0.064193 0.004390 0.997790 0.066297 101.050331 0.689257 -0.051052 0.722716 0.026356 0.000000 0.000000 0.000000 1.000000
0.724035 0.039835 -0.688612 0.050488 0.006197 0.997915 0.064243 101.068115 0.689735 -0.050782 0.722279 0.048564 0.000000 0.000000 0.000000 1.000000
0.724643 0.037773 -0.688088 0.046138 0.006974 0.998044 0.062132 101.083473 0.689089 -0.049823 0.722962 0.067993 0.000000 0.000000 0.000000 1.000000
0.726258 0.036295 -0.686463 0.032263 0.006816 0.998176 0.059988 101.090790 0.687388 -0.048246 0.724686 0.091886 0.000000 0.000000 0.000000 1.000000
0.727706 0.035328 -0.684979 0.015157 0.006400 0.998279 0.058285 101.092056 0.685859 -0.046798 0.726228 0.114508 0.000000 0.000000 0.000000 1.000000
0.729601 0.034914 -0.682981 -0.000451 0.005931 0.998335 0.057371 101.079773 0.683848 -0.045909 0.728179 0.126958 0.000000 0.000000 0.000000 1.000000
0.734279 0.035319 -0.677928 -0.005330 0.004216 0.998389 0.056581 101.030853 0.678834 -0.044404 0.732948 0.145652 0.000000 0.000000 0.000000 1.000000
0.742640 0.036500 -0.668695 -0.011601 0.001961 0.998391 0.056674 100.938644 0.669688 -0.043399 0.741374 0.172314 0.000000 0.000000 0.000000 1.000000
0.754763 0.036961 -0.654955 -0.055629 0.000448 0.998382 0.056859 100.852715 0.655997 -0.043209 0.753526 0.194241 0.000000 0.000000 0.000000 1.000000
0.769769 0.037247 -0.637235 -0.149572 -0.001062 0.998369 0.057072 100.795753 0.638322 -0.043256 0.768553 0.214509 0.000000 0.000000 0.000000 1.000000
0.787604 0.037849 -0.615018 -0.275996 -0.002964 0.998333 0.057643 100.762756 0.616174 -0.043577 0.786403 0.245217 0.000000 0.000000 0.000000 1.000000
0.805944 0.037053 -0.590831 -0.365970 -0.004138 0.998368 0.056967 100.725296 0.591977 -0.043467 0.804782 0.290718 0.000000 0.000000 0.000000 1.000000
0.825083 0.035605 -0.563888 -0.443584 -0.004403 0.998387 0.056598 100.684868 0.564994 -0.044215 0.823910 0.344753 0.000000 0.000000 0.000000 1.000000
0.844816 0.033021 -0.534037 -0.498149 -0.003976 0.998454 0.055447 100.626114 0.535042 -0.044720 0.843641 0.414503 0.000000 0.000000 0.000000 1.000000
0.864266 0.030188 -0.502128 -0.532633 -0.003778 0.998559 0.053531 100.552933 0.503020 -0.044368 0.863135 0.505589 0.000000 0.000000 0.000000 1.000000
0.885122 0.027132 -0.464567 -0.551051 -0.003216 0.998632 0.052195 100.467125 0.465347 -0.044705 0.883998 0.592968 0.000000 0.000000 0.000000 1.000000
0.906811 0.023033 -0.420907 -0.550158 -0.002139 0.998745 0.050043 100.358727 0.421532 -0.044479 0.905722 0.703072 0.000000 0.000000 0.000000 1.000000
0.928129 0.018367 -0.371806 -0.532993 -0.000284 0.998817 0.048632 100.237968 0.372260 -0.045031 0.927036 0.851260 0.000000 0.000000 0.000000 1.000000
0.948449 0.012797 -0.316673 -0.511539 0.002524 0.998848 0.047924 100.098946 0.316921 -0.046253 0.947323 1.011199 0.000000 0.000000 0.000000 1.000000
0.967528 0.005060 -0.252715 -0.485894 0.007007 0.998878 0.046828 99.922745 0.252668 -0.047078 0.966407 1.193113 0.000000 0.000000 0.000000 1.000000
0.982776 -0.003034 -0.184776 -0.484028 0.011882 0.998834 0.046795 99.745575 0.184419 -0.048184 0.981666 1.374668 0.000000 0.000000 0.000000 1.000000
0.993956 -0.010720 -0.109250 -0.470726 0.016038 0.998723 0.047913 99.543510 0.108597 -0.049375 0.992859 1.542460 0.000000 0.000000 0.000000 1.000000
0.999237 -0.018203 -0.034554 -0.473932 0.019876 0.998614 0.048730 99.358124 0.033619 -0.049380 0.998214 1.661399 0.000000 0.000000 0.000000 1.000000
0.999088 -0.024270 0.035121 -0.472223 0.022522 0.998528 0.049333 99.188339 -0.036266 -0.048497 0.998165 1.727965 0.000000 0.000000 0.000000 1.000000
0.994487 -0.029665 0.100579 -0.487636 0.024642 0.998404 0.050817 99.015671 -0.101926 -0.048059 0.993630 1.771866 0.000000 0.000000 0.000000 1.000000
0.987449 -0.034235 0.154180 -0.509610 0.026359 0.998255 0.052838 98.896523 -0.155720 -0.048111 0.986629 1.773773 0.000000 0.000000 0.000000 1.000000
0.981437 -0.037284 0.188125 -0.520502 0.027520 0.998148 0.054247 98.832703 -0.189799 -0.048062 0.980646 1.761183 0.000000 0.000000 0.000000 1.000000
0.978285 -0.038701 0.203617 -0.554218 0.027934 0.998068 0.055489 98.809608 -0.205371 -0.048596 0.977477 1.728697 0.000000 0.000000 0.000000 1.000000
0.978133 -0.037847 0.204507 -0.626737 0.026946 0.998077 0.055829 98.801498 -0.206227 -0.049098 0.977272 1.679315 0.000000 0.000000 0.000000 1.000000
0.979620 -0.036386 0.197535 -0.743229 0.025559 0.998042 0.057086 98.825706 -0.199226 -0.050874 0.978632 1.630218 0.000000 0.000000 0.000000 1.000000
0.981994 -0.034990 0.185645 -0.883032 0.024487 0.997983 0.058570 98.868416 -0.187320 -0.052970 0.980870 1.572318 0.000000 0.000000 0.000000 1.000000
0.984961 -0.033572 0.169482 -1.024840 0.023629 0.997898 0.060350 98.907120 -0.171152 -0.055438 0.983684 1.507530 0.000000 0.000000 0.000000 1.000000
0.988260 -0.031870 0.149420 -1.144143 0.022661 0.997761 0.062931 98.907547 -0.151091 -0.058806 0.986769 1.449232 0.000000 0.000000 0.000000 1.000000
0.991448 -0.029331 0.127165 -1.273105 0.020872 0.997511 0.067353 98.873344 -0.128824 -0.064123 0.989592 1.396588 0.000000 0.000000 0.000000 1.000000
0.994351 -0.026274 0.102839 -1.394609 0.018803 0.997158 0.072950 98.855698 -0.104463 -0.070604 0.992019 1.325570 0.000000 0.000000 0.000000 1.000000
0.996762 -0.022745 0.077118 -1.508562 0.016585 0.996689 0.079600 98.879692 -0.078673 -0.078063 0.993839 1.209171 0.000000 0.000000 0.000000 1.000000
0.998721 -0.018408 0.047088 -1.595447 0.014346 0.996261 0.085194 98.925476 -0.048480 -0.084410 0.995251 1.053848 0.000000 0.000000 0.000000 1.000000
0.999837 -0.013572 0.011869 -1.643448 0.012468 0.995987 0.088622 98.988068 -0.013024 -0.088460 0.995995 0.876792 0.000000 0.000000 0.000000 1.000000
0.999592 -0.008347 -0.027301 -1.650242 0.010766 0.995911 0.089701 99.042931 0.026441 -0.089959 0.995594 0.704124 0.000000 0.000000 0.000000 1.000000
0.997546 -0.003537 -0.069931 -1.615301 0.009847 0.995883 0.090107 99.102921 0.069324 -0.090575 0.993474 0.552963 0.000000 0.000000 0.000000 1.000000
0.993034 0.001017 -0.117826 -1.532941 0.009519 0.996002 0.088822 99.200775 0.117445 -0.089325 0.989054 0.408832 0.000000 0.000000 0.000000 1.000000
0.986384 0.005037 -0.164380 -1.450957 0.009518 0.996107 0.087638 99.307304 0.164182 -0.088009 0.982496 0.287501 0.000000 0.000000 0.000000 1.000000
0.977528 0.007926 -0.210656 -1.365552 0.010471 0.996234 0.086074 99.415627 0.210545 -0.086345 0.973763 0.185104 0.000000 0.000000 0.000000 1.000000
0.966775 0.010090 -0.255428 -1.321341 0.011613 0.996455 0.083317 99.513954 0.255363 -0.083515 0.963231 0.081280 0.000000 0.000000 0.000000 1.000000
0.955143 0.011370 -0.295927 -1.308696 0.013344 0.996595 0.081360 99.627632 0.295845 -0.081659 0.951739 -0.012726 0.000000 0.000000 0.000000 1.000000
0.942105 0.012685 -0.335077 -1.278180 0.015180 0.996646 0.080410 99.731293 0.334973 -0.080841 0.938753 -0.071865 0.000000 0.000000 0.000000 1.000000
0.926410 0.015152 -0.376212 -1.226020 0.016372 0.996624 0.080453 99.832954 0.376161 -0.080692 0.923034 -0.101354 0.000000 0.000000 0.000000 1.000000
0.906994 0.018129 -0.420753 -1.180060 0.017385 0.996610 0.080417 99.966888 0.420785 -0.080252 0.903604 -0.120400 0.000000 0.000000 0.000000 1.000000
0.883097 0.022194 -0.468665 -1.173932 0.017640 0.996604 0.080434 100.110687 0.468858 -0.079298 0.879707 -0.121612 0.000000 0.000000 0.000000 1.000000
0.854074 0.026878 -0.519456 -1.187421 0.017002 0.996688 0.079525 100.263252 0.519873 -0.076752 0.850789 -0.116515 0.000000 0.000000 0.000000 1.000000
0.819481 0.030302 -0.572304 -1.187228 0.017533 0.996808 0.077885 100.414169 0.572837 -0.073859 0.816335 -0.131017 0.000000 0.000000 0.000000 1.000000
0.780380 0.032807 -0.624445 -1.194802 0.018762 0.996945 0.075824 100.564819 0.625024 -0.070887 0.777380 -0.141460 0.000000 0.000000 0.000000 1.000000
0.736017 0.034331 -0.676092 -1.214522 0.020352 0.997140 0.072788 100.746307 0.676657 -0.067333 0.733213 -0.148320 0.000000 0.000000 0.000000 1.000000
0.689185 0.035451 -0.723718 -1.253478 0.022967 0.997232 0.070721 100.929428 0.724222 -0.065361 0.686463 -0.146052 0.000000 0.000000 0.000000 1.000000
0.639437 0.035863 -0.768007 -1.294519 0.026333 0.997304 0.068495 101.093246 0.768393 -0.064022 0.636768 -0.147068 0.000000 0.000000 0.000000 1.000000
0.587780 0.035089 -0.808259 -1.328901 0.031271 0.997327 0.066038 101.237045 0.808416 -0.064091 0.585112 -0.116460 0.000000 0.000000 0.000000 1.000000
0.536647 0.036345 -0.843023 -1.392344 0.035861 0.997187 0.065820 101.371109 0.843044 -0.065553 0.533834 -0.078007 0.000000 0.000000 0.000000 1.000000
0.483077 0.036737 -0.874807 -1.441595 0.041297 0.997052 0.064675 101.503441 0.874604 -0.067370 0.480135 -0.019873 0.000000 0.000000 0.000000 1.000000
0.428767 0.038032 -0.902614 -1.500182 0.046092 0.996891 0.063899 101.640808 0.902239 -0.069001 0.425681 0.074353 0.000000 0.000000 0.000000 1.000000
0.377392 0.040055 -0.925187 -1.545271 0.050220 0.996709 0.063637 101.762329 0.924691 -0.070479 0.374139 0.177092 0.000000 0.000000 0.000000 1.000000
0.328917 0.042168 -0.943417 -1.574617 0.053490 0.996567 0.063192 101.885292 0.942843 -0.071248 0.325532 0.306501 0.000000 0.000000 0.000000 1.000000
0.284877 0.044212 -0.957544 -1.589893 0.057100 0.996379 0.062993 101.976578 0.956862 -0.072621 0.281321 0.463305 0.000000 0.000000 0.000000 1.000000
0.248603 0.046301 -0.967498 -1.598269 0.060569 0.996159 0.063236 102.038406 0.966710 -0.074321 0.244844 0.616624 0.000000 0.000000 0.000000 1.000000
0.219046 0.047658 -0.974550 -1.598784 0.064541 0.995911 0.063209 102.104301 0.973578 -0.076744 0.215075 0.754000 0.000000 0.000000 0.000000 1.000000
0.195523 0.047950 -0.979526 -1.591419 0.068408 0.995704 0.062396 102.171593 0.978310 -0.079207 0.191402 0.900111 0.000000 0.000000 0.000000 1.000000
0.178257 0.047911 -0.982817 -1.575984 0.071225 0.995566 0.061451 102.224586 0.981403 -0.080955 0.174054 1.035348 0.000000 0.000000 0.000000 1.000000
0.166210 0.048884 -0.984878 -1.569180 0.073367 0.995389 0.061787 102.254135 0.983357 -0.082528 0.161857 1.165113 0.000000 0.000000 0.000000 1.000000
0.158279 0.049966 -0.986129 -1.572764 0.075547 0.995178 0.062550 102.266205 0.984500 -0.084400 0.153741 1.275330 0.000000 0.000000 0.000000 1.000000
0.154046 0.050798 -0.986757 -1.579006 0.077226 0.995003 0.063279 102.257385 0.985041 -0.085952 0.149354 1.370616 0.000000 0.000000 0.000000 1.000000
0.153569 0.052062 -0.986765 -1.602582 0.078095 0.994848 0.064643 102.237389 0.985047 -0.086989 0.148712 1.449188 0.000000 0.000000 0.000000 1.000000
0.158203 0.054335 -0.985910 -1.647312 0.077872 0.994688 0.067314 102.211731 0.984331 -0.087424 0.153132 1.513678 0.000000 0.000000 0.000000 1.000000
0.167818 0.057095 -0.984163 -1.716208 0.076936 0.994518 0.070814 102.192825 0.982811 -0.087601 0.162506 1.559354 0.000000 0.000000 0.000000 1.000000
0.181599 0.059966 -0.981543 -1.804510 0.076088 0.994290 0.074822 102.182968 0.980425 -0.088271 0.175999 1.597324 0.000000 0.000000 0.000000 1.000000
0.199344 0.063441 -0.977874 -1.910540 0.074771 0.994008 0.079730 102.174225 0.977073 -0.089011 0.193406 1.622110 0.000000 0.000000 0.000000 1.000000
0.221758 0.066696 -0.972818 -2.029709 0.072720 0.993749 0.084707 102.166817 0.972386 -0.089528 0.215522 1.630437 0.000000 0.000000 0.000000 1.000000
0.250222 0.069547 -0.965687 -2.148249 0.068310 0.993663 0.089262 102.144608 0.965776 -0.088302 0.243886 1.615181 0.000000 0.000000 0.000000 1.000000
0.285307 0.072264 -0.955708 -2.265523 0.062176 0.993658 0.093695 102.115753 0.956417 -0.086154 0.279004 1.553753 0.000000 0.000000 0.000000 1.000000
0.324488 0.073744 -0.943011 -2.363289 0.056237 0.993689 0.097058 102.086121 0.944217 -0.084527 0.318293 1.444035 0.000000 0.000000 0.000000 1.000000
0.365077 0.073426 -0.928077 -2.433488 0.051716 0.993746 0.098964 102.045837 0.929540 -0.084126 0.358996 1.300662 0.000000 0.000000 0.000000 1.000000
0.404308 0.072224 -0.911767 -2.485985 0.048603 0.993772 0.100272 102.020264 0.913331 -0.084855 0.398280 1.143345 0.000000 0.000000 0.000000 1.000000
0.439042 0.069395 -0.895782 -2.510297 0.047087 0.993865 0.100072 102.018806 0.897232 -0.086116 0.433082 0.991368 0.000000 0.000000 0.000000 1.000000
0.471611 0.065938 -0.879338 -2.495341 0.045824 0.994020 0.099115 101.995468 0.880615 -0.087038 0.465770 0.861162 0.000000 0.000000 0.000000 1.000000
0.503879 0.061827 -0.861559 -2.456809 0.044884 0.994213 0.097597 101.940460 0.862607 -0.087847 0.498188 0.734440 0.000000 0.000000 0.000000 1.000000
0.536161 0.058001 -0.842121 -2.434149 0.044013 0.994359 0.096508 101.885338 0.842967 -0.088808 0.530584 0.621954 0.000000 0.000000 0.000000 1.000000
0.570947 0.054485 -0.819177 -2.407442 0.042156 0.994533 0.095530 101.805389 0.819904 -0.089076 0.565529 0.537860 0.000000 0.000000 0.000000 1.000000
0.605536 0.050268 -0.794229 -2.372681 0.041066 0.994700 0.094266 101.765900 0.794758 -0.089698 0.600262 0.454248 0.000000 0.000000 0.000000 1.000000
0.636057 0.045462 -0.770302 -2.314970 0.039557 0.995029 0.091389 101.741409 0.770628 -0.088599 0.631097 0.376447 0.000000 0.000000 0.000000 1.000000
0.662346 0.041024 -0.748074 -2.233252 0.037138 0.995474 0.087473 101.719231 0.748277 -0.085719 0.657825 0.328458 0.000000 0.000000 0.000000 1.000000
0.683610 0.037601 -0.728878 -2.144820 0.034493 0.995892 0.083726 101.678452 0.729032 -0.082377 0.679505 0.332672 0.000000 0.000000 0.000000 1.000000
0.699786 0.036363 -0.713426 -2.060681 0.030885 0.996230 0.081072 101.625198 0.713684 -0.078767 0.696025 0.365024 0.000000 0.000000 0.000000 1.000000
0.713208 0.035154 -0.700070 -1.955534 0.026805 0.996643 0.077354 101.556488 0.700439 -0.073935 0.709872 0.392787 0.000000 0.000000 0.000000 1.000000
0.724807 0.033587 -0.688133 -1.850128 0.024428 0.996930 0.074388 101.505905 0.688519 -0.070727 0.721761 0.398364 0.000000 0.000000 0.000000 1.000000
0.735205 0.031744 -0.677101 -1.763207 0.022940 0.997165 0.071659 101.459259 0.677456 -0.068217 0.732393 0.367136 0.000000 0.000000 0.000000 1.000000
0.744472 0.032137 -0.666879 -1.673707 0.020478 0.997272 0.070919 101.407379 0.667339 -0.066454 0.741783 0.319694 0.000000 0.000000 0.000000 1.000000
0.752159 0.033657 -0.658121 -1.571949 0.017313 0.997341 0.070791 101.361549 0.658754 -0.064640 0.749576 0.273757 0.000000 0.000000 0.000000 1.000000
0.757664 0.035875 -0.651658 -1.462094 0.014285 0.997337 0.071514 101.331619 0.652489 -0.063492 0.755134 0.235116 0.000000 0.000000 0.000000 1.000000
0.761028 0.038618 -0.647568 -1.346031 0.011753 0.997242 0.073284 101.304466 0.648612 -0.063382 0.758475 0.204389 0.000000 0.000000 0.000000 1.000000
0.762393 0.041253 -0.645798 -1.229029 0.009492 0.997146 0.074903 101.282555 0.647045 -0.063236 0.759825 0.185663 0.000000 0.000000 0.000000 1.000000
0.762019 0.043530 -0.646090 -1.113724 0.007984 0.997031 0.076591 101.268013 0.647506 -0.063522 0.759408 0.182811 0.000000 0.000000 0.000000 1.000000
0.760727 0.045372 -0.647484 -1.001179 0.006910 0.996931 0.077978 101.251503 0.649035 -0.063795 0.758079 0.185681 0.000000 0.000000 0.000000 1.000000
0.758644 0.046834 -0.649820 -0.891763 0.006408 0.996828 0.079324 101.233521 0.651474 -0.064343 0.755938 0.192107 0.000000 0.000000 0.000000 1.000000
0.755599 0.047450 -0.653313 -0.789645 0.006175 0.996813 0.079540 101.214180 0.655005 -0.064134 0.752898 0.192091 0.000000 0.000000 0.000000 1.000000
0.751780 0.047802 -0.657680 -0.691367 0.006203 0.996812 0.079542 101.193283 0.659385 -0.063878 0.749086 0.180346 0.000000 0.000000 0.000000 1.000000
0.748274 0.047899 -0.661658 -0.597425 0.005952 0.996865 0.078896 101.173851 0.663363 -0.062974 0.745643 0.167328 0.000000 0.000000 0.000000 1.000000
0.745379 0.048235 -0.664893 -0.504942 0.005511 0.996899 0.078500 101.155846 0.666618 -0.062177 0.742802 0.160307 0.000000 0.000000 0.000000 1.000000
0.742584 0.048684 -0.667982 -0.415789 0.004971 0.996927 0.078184 101.138733 0.669735 -0.061379 0.740059 0.159562 0.000000 0.000000 0.000000 1.000000
0.739918 0.049202 -0.670896 -0.331024 0.004377 0.996948 0.077941 101.122887 0.672683 -0.060606 0.737444 0.150759 0.000000 0.000000 0.000000 1.000000
0.737414 0.049759 -0.673606 -0.251692 0.003759 0.996965 0.077762 101.108353 0.675431 -0.059875 0.734989 0.129756 0.000000 0.000000 0.000000 1.000000
0.735103 0.050313 -0.676086 -0.178755 0.003168 0.996977 0.077638 101.093544 0.677948 -0.059213 0.732721 0.102636 0.000000 0.000000 0.000000 1.000000
0.733021 0.050880 -0.678300 -0.113140 0.002568 0.996984 0.077560 101.081223 0.680201 -0.058595 0.730680 0.075735 0.000000 0.000000 0.000000 1.000000
0.731200 0.051428 -0.680221 -0.055799 0.001991 0.996989 0.077518 101.071602 0.682160 -0.058036 0.728896 0.043856 0.000000 0.000000 0.000000 1.000000
0.729673 0.051947 -0.681820 -0.007610 0.001444 0.996991 0.077504 101.065002 0.683795 -0.057537 0.727403 0.018981 0.000000 0.000000 0.000000 1.000000
0.728472 0.052375 -0.683071 0.030303 0.000997 0.996991 0.077508 101.060249 0.685075 -0.057144 0.726228 -0.004358 0.000000 0.000000 0.000000 1.000000</float_array><technique_common><accessor source="#Hips-Matrix-animation-output-transform-array" count="121" stride="16"><param type="float4x4"/></accessor></technique_common></source><source id="Hips-Interpolations"><Name_array id="Hips-Interpolations-array" count="121">
 LINEAR LINEAR LINEAR LINEAR LINEAR LINEAR LINEAR LINEAR LINEAR LINEAR LINEAR
LINEAR LINEAR LINEAR LINEAR LINEAR LINEAR LINEAR LINEAR LINEAR LINEAR LINEAR LINEAR
LINEAR LINEAR LINEAR LINEAR LINEAR LINEAR LINEAR LINEAR LINEAR LINEAR LINEAR LINEAR
LINEAR LINEAR LINEAR LINEAR LINEAR LINEAR LINEAR LINEAR LINEAR LINEAR LINEAR LINEAR
LINEAR LINEAR LINEAR LINEAR LINEAR LINEAR LINEAR LINEAR LINEAR LINEAR LINEAR LINEAR
LINEAR LINEAR LINEAR LINEAR LINEAR LINEAR LINEAR LINEAR LINEAR LINEAR LINEAR LINEAR
LINEAR LINEAR LINEAR LINEAR LINEAR LINEAR LINEAR LINEAR LINEAR LINEAR LINEAR LINEAR
LINEAR LINEAR LINEAR LINEAR LINEAR LINEAR LINEAR LINEAR LINEAR LINEAR LINEAR LINEAR
LINEAR LINEAR LINEAR LINEAR LINEAR LINEAR LINEAR LINEAR LINEAR LINEAR LINEAR LINEAR
LINEAR LINEAR LINEAR LINEAR LINEAR LINEAR LINEAR LINEAR LINEAR LINEAR LINEAR LINEAR
LINEAR LINEAR</Name_array><technique_common><accessor source="#Hips-Interpolations-array" count="121"><param type="name"/></accessor></technique_common></source><sampler id="Hips-Matrix-animation-transform"><input semantic="INPUT" source="#Hips-Matrix-animation-input"/><input semantic="OUTPUT" source="#Hips-Matrix-animation-output-transform"/><input semantic="INTERPOLATION" source="#Hips-Interpolations"/></sampler><channel source="#Hips-Matrix-animation-transform" target="Hips/matrix"/></animation>
    <animation id="Spine-anim" name="Spine"><source id="Spine-Matrix-animation-input"><float_array id="Spine-Matrix-animation-input-array" count="121">

0.000000 0.033333 0.066667 0.100000 0.133333 0.166667 0.200000 0.233333 0.266667 0.300000 0.333333 0.366667 0.400000 0.433333 0.466667 0.500000
0.533333 0.566667 0.600000 0.633333 0.666667 0.700000 0.733333 0.766667 0.800000 0.833333 0.866667 0.900000 0.933333 0.966667 1.000000 1.033333
1.066667 1.100000 1.133333 1.166667 1.200000 1.233333 1.266667 1.300000 1.333333 1.366667 1.400000 1.433333 1.466667 1.500000 1.533333 1.566667
1.600000 1.633333 1.666667 1.700000 1.733333 1.766667 1.800000 1.833333 1.866667 1.900000 1.933333 1.966667 2.000000 2.033333 2.066667 2.100000
2.133333 2.166667 2.200000 2.233333 2.266667 2.300000 2.333333 2.366667 2.400000 2.433333 2.466667 2.500000 2.533333 2.566667 2.600000 2.633333
2.666667 2.700000 2.733333 2.766667 2.800000 2.833333 2.866667 2.900000 2.933333 2.966667 3.000000 3.033333 3.066667 3.100000 3.133333 3.166667
3.200000 3.233333 3.266667 3.300000 3.333333 3.366667 3.400000 3.433333 3.466667 3.500000 3.533333 3.566667 3.600000 3.633333 3.666667 3.700000
3.733333 3.766667 3.800000 3.833333 3.866667 3.900000 3.933333 3.966667 4.000000</float_array><technique_common><accessor source="#Spine-Matrix-animation-input-array" count="121"><param name="TIME" type="float"/></accessor></technique_common></source><source id="Spine-Matrix-animation-output-transform"><float_array id="Spine-Matrix-animation-output-transform-array" count="1936">

0.996429 0.020127 0.082005 0.000000 -0.011768 0.994799 -0.101172 9.635200 -0.083614 0.099846 0.991483 0.000000 0.000000 0.000000 0.000000 1.000000
0.996418 0.020502 0.082046 0.000000 -0.012150 0.994810 -0.101027 9.635200 -0.083691 0.099668 0.991495 -0.000000 0.000000 0.000000 0.000000 1.000000
0.996443 0.020769 0.081675 0.000000 -0.012465 0.994819 -0.100897 9.635200 -0.083348 0.099520 0.991539 -0.000000 0.000000 0.000000 0.000000 1.000000
0.996515 0.020845 0.080769 0.000000 -0.012629 0.994813 -0.100933 9.635200 -0.082454 0.099561 0.991609 -0.000000 0.000000 0.000000 0.000000 1.000000
0.996620 0.020686 0.079508 0.000000 -0.012595 0.994812 -0.100948 9.635200 -0.081184 0.099605 0.991710 -0.000000 0.000000 0.000000 0.000000 1.000000
0.996745 0.020656 0.077925 -0.000000 -0.012715 0.994799 -0.101059 9.635200 -0.079608 0.099739 0.991824 -0.000000 0.000000 0.000000 0.000000 1.000000
0.996878 0.020622 0.076213 -0.000000 -0.012843 0.994785 -0.101184 9.635200 -0.077902 0.099889 0.991944 0.000000 0.000000 0.000000 0.000000 1.000000
0.997019 0.020701 0.074330 0.000000 -0.013101 0.994769 -0.101310 9.635200 -0.076038 0.100034 0.992074 -0.000000 0.000000 0.000000 0.000000 1.000000
0.997144 0.020815 0.072593 0.000000 -0.013405 0.994785 -0.101114 9.635200 -0.074319 0.099852 0.992223 0.000000 0.000000 0.000000 0.000000 1.000000
0.997245 0.021332 0.071049 -0.000000 -0.014080 0.994782 -0.101049 9.635200 -0.072834 0.099771 0.992341 0.000000 0.000000 0.000000 0.000000 1.000000
0.997355 0.021425 0.069456 -0.000000 -0.014332 0.994778 -0.101048 9.635200 -0.071258 0.099785 0.992454 0.000000 0.000000 0.000000 0.000000 1.000000
0.997467 0.021205 0.067892 0.000000 -0.014264 0.994771 -0.101130 9.635200 -0.069682 0.099905 0.992554 0.000000 0.000000 0.000000 0.000000 1.000000
0.997550 0.020960 0.066739 -0.000000 -0.014116 0.994744 -0.101415 9.635200 -0.068514 0.100224 0.992603 0.000000 0.000000 0.000000 0.000000 1.000000
0.997613 0.020653 0.065899 -0.000000 -0.013864 0.994702 -0.101862 9.635200 -0.067654 0.100705 0.992613 0.000000 0.000000 0.000000 0.000000 1.000000
0.997698 0.019904 0.064822 0.000000 -0.013194 0.994663 -0.102335 9.635200 -0.066513 0.101244 0.992636 0.000000 0.000000 0.000000 0.000000 1.000000
0.997819 0.018827 0.063275 -0.000000 -0.012236 0.994608 -0.102986 9.635200 -0.064873 0.101987 0.992668 0.000000 0.000000 0.000000 0.000000 1.000000
0.997963 0.018279 0.061126 0.000000 -0.011889 0.994577 -0.103321 9.635200 -0.062683 0.102384 0.992768 -0.000000 0.000000 0.000000 0.000000 1.000000
0.997978 0.018031 0.060942 0.000000 -0.011660 0.994581 -0.103312 9.635200 -0.062475 0.102393 0.992780 0.000000 0.000000 0.000000 0.000000 1.000000
0.997984 0.017764 0.060934 -0.000000 -0.011397 0.994585 -0.103296 9.635200 -0.062439 0.102393 0.992782 -0.000000 0.000000 0.000000 0.000000 1.000000
0.997968 0.017429 0.061290 0.000000 -0.011046 0.994622 -0.102983 9.635200 -0.062755 0.102097 0.992793 0.000000 0.000000 0.000000 0.000000 1.000000
0.997894 0.017451 0.062473 0.000000 -0.010961 0.994646 -0.102760 9.635200 -0.063932 0.101859 0.992742 0.000000 0.000000 0.000000 0.000000 1.000000
0.997783 0.017599 0.064177 0.000000 -0.010968 0.994698 -0.102248 9.635200 -0.065637 0.101318 0.992687 0.000000 0.000000 0.000000 0.000000 1.000000
0.997671 0.017643 0.065886 -0.000000 -0.010892 0.994781 -0.101455 9.635200 -0.067332 0.100501 0.992656 -0.000000 0.000000 0.000000 0.000000 1.000000
0.997470 0.017822 0.068823 0.000000 -0.010824 0.994854 -0.100736 9.635200 -0.070264 0.099736 0.992530 0.000000 0.000000 0.000000 0.000000 1.000000
0.997254 0.017942 0.071856 -0.000000 -0.010721 0.994965 -0.099653 9.635200 -0.073282 0.098609 0.992424 -0.000000 0.000000 0.000000 0.000000 1.000000
0.997035 0.018067 0.074793 0.000000 -0.010628 0.995061 -0.098693 9.635200 -0.076206 0.097606 0.992303 0.000000 0.000000 0.000000 0.000000 1.000000
0.996770 0.018528 0.078139 -0.000000 -0.010839 0.995156 -0.097705 9.635200 -0.079571 0.096542 0.992143 0.000000 0.000000 0.000000 0.000000 1.000000
0.996512 0.019317 0.081182 0.000000 -0.011446 0.995285 -0.096320 9.635200 -0.082660 0.095055 0.992034 0.000000 0.000000 0.000000 0.000000 1.000000
0.996274 0.020511 0.083776 0.000000 -0.012483 0.995374 -0.095257 9.635200 -0.085342 0.093856 0.991921 0.000000 0.000000 0.000000 0.000000 1.000000
0.995992 0.022253 0.086633 0.000000 -0.014047 0.995453 -0.094213 9.635200 -0.088336 0.092618 0.991775 0.000000 0.000000 0.000000 0.000000 1.000000
0.995654 0.024482 0.089856 0.000000 -0.016066 0.995516 -0.093223 9.635200 -0.091735 0.091374 0.991582 -0.000000 0.000000 0.000000 0.000000 1.000000
0.995297 0.026455 0.093184 -0.000000 -0.017807 0.995559 -0.092444 9.635200 -0.095216 0.090350 0.991348 0.000000 0.000000 0.000000 0.000000 1.000000
0.994901 0.028622 0.096705 0.000000 -0.019695 0.995560 -0.092040 9.635200 -0.098910 0.089666 0.991048 0.000000 0.000000 0.000000 0.000000 1.000000
0.994335 0.031288 0.101584 0.000000 -0.021973 0.995558 -0.091552 9.635200 -0.103998 0.088801 0.990605 0.000000 0.000000 0.000000 0.000000 1.000000
0.993748 0.033676 0.106444 0.000000 -0.024015 0.995582 -0.090777 9.635200 -0.109030 0.087654 0.990166 -0.000000 0.000000 0.000000 0.000000 1.000000
0.993128 0.036072 0.111333 -0.000000 -0.026077 0.995604 -0.089955 9.635200 -0.114088 0.086433 0.989704 0.000000 0.000000 0.000000 0.000000 1.000000
0.992741 0.037487 0.114282 -0.000000 -0.027315 0.995630 -0.089305 9.635200 -0.117130 0.085535 0.989426 0.000000 0.000000 0.000000 0.000000 1.000000
0.992653 0.037896 0.114908 0.000000 -0.027706 0.995645 -0.089016 9.635200 -0.117781 0.085179 0.989380 0.000000 0.000000 0.000000 0.000000 1.000000
0.992853 0.037651 0.113248 0.000000 -0.027615 0.995655 -0.088925 9.635200 -0.116104 0.085163 0.989579 0.000000 0.000000 0.000000 0.000000 1.000000
0.993144 0.037071 0.110863 0.000000 -0.027258 0.995680 -0.088758 9.635200 -0.113674 0.085128 0.989864 0.000000 0.000000 0.000000 0.000000 1.000000
0.993539 0.035745 0.107715 -0.000000 -0.026226 0.995728 -0.088531 9.635200 -0.110420 0.085134 0.990232 -0.000000 0.000000 0.000000 0.000000 1.000000
0.993951 0.034192 0.104366 0.000000 -0.024963 0.995764 -0.088490 9.635200 -0.106950 0.085349 0.990594 -0.000000 0.000000 0.000000 0.000000 1.000000
0.994365 0.033050 0.100724 0.000000 -0.024127 0.995779 -0.088553 9.635200 -0.103225 0.085624 0.990966 0.000000 0.000000 0.000000 0.000000 1.000000
0.994777 0.032259 0.096842 0.000000 -0.023638 0.995761 -0.088886 9.635200 -0.099299 0.086132 0.991323 0.000000 0.000000 0.000000 0.000000 1.000000
0.995291 0.030991 0.091846 -0.000000 -0.022729 0.995712 -0.089676 9.635200 -0.094231 0.087166 0.991727 0.000000 0.000000 0.000000 0.000000 1.000000
0.995769 0.029377 0.087069 -0.000000 -0.021456 0.995660 -0.090560 9.635200 -0.089351 0.088309 0.992078 0.000000 0.000000 0.000000 0.000000 1.000000
0.996152 0.027620 0.083170 0.000000 -0.019980 0.995620 -0.091331 9.635200 -0.085329 0.089318 0.992341 0.000000 0.000000 0.000000 0.000000 1.000000
0.996391 0.026113 0.080762 0.000000 -0.018631 0.995581 -0.092042 9.635200 -0.082809 0.090205 0.992475 -0.000000 0.000000 0.000000 0.000000 1.000000
0.996626 0.024160 0.078447 0.000000 -0.016830 0.995543 -0.092793 9.635200 -0.080339 0.091159 0.992590 0.000000 0.000000 0.000000 0.000000 1.000000
0.996780 0.021970 0.077117 -0.000000 -0.014698 0.995500 -0.093619 9.635200 -0.078826 0.092184 0.992617 0.000000 0.000000 0.000000 0.000000 1.000000
0.996908 0.020130 0.075953 -0.000000 -0.012937 0.995484 -0.094039 9.635200 -0.077503 0.092765 0.992667 0.000000 0.000000 0.000000 0.000000 1.000000
0.997098 0.018266 0.073902 0.000000 -0.011243 0.995476 -0.094350 9.635200 -0.075291 0.093245 0.992792 0.000000 0.000000 0.000000 0.000000 1.000000
0.997287 0.016886 0.071642 0.000000 -0.010060 0.995466 -0.094587 9.635200 -0.072914 0.093610 0.992935 -0.000000 0.000000 0.000000 0.000000 1.000000
0.997557 0.015313 0.068154 -0.000000 -0.008795 0.995445 -0.094928 9.635200 -0.069297 0.094097 0.993148 0.000000 0.000000 0.000000 0.000000 1.000000
0.997916 0.013244 0.063160 0.000000 -0.007167 0.995404 -0.095492 9.635200 -0.064134 0.094840 0.993424 -0.000000 0.000000 0.000000 0.000000 1.000000
0.998326 0.011255 0.056735 -0.000000 -0.005736 0.995315 -0.096511 9.635200 -0.057555 0.096024 0.993714 0.000000 0.000000 0.000000 0.000000 1.000000
0.998774 0.009097 0.048666 0.000000 -0.004305 0.995209 -0.097674 9.635200 -0.049321 0.097344 0.994028 0.000000 0.000000 0.000000 0.000000 1.000000
0.999205 0.006812 0.039289 -0.000000 -0.002903 0.995112 -0.098715 9.635200 -0.039769 0.098522 0.994340 0.000000 0.000000 0.000000 0.000000 1.000000
0.999539 0.004962 0.029951 0.000000 -0.001943 0.994983 -0.100021 9.635200 -0.030297 0.099917 0.994534 0.000000 0.000000 0.000000 0.000000 1.000000
0.999783 0.003308 0.020566 0.000000 -0.001205 0.994842 -0.101433 9.635200 -0.020795 0.101387 0.994630 0.000000 0.000000 0.000000 0.000000 1.000000
0.999938 0.001556 0.011036 0.000000 -0.000413 0.994702 -0.102804 9.635200 -0.011138 0.102793 0.994640 -0.000000 0.000000 0.000000 0.000000 1.000000
0.999999 0.000319 0.001496 -0.000000 -0.000161 0.994532 -0.104435 9.635200 -0.001521 0.104435 0.994531 0.000000 0.000000 0.000000 0.000000 1.000000
0.999968 -0.000561 -0.007955 -0.000000 -0.000282 0.994404 -0.105642 9.635200 0.007970 0.105641 0.994372 -0.000000 0.000000 0.000000 0.000000 1.000000
0.999883 -0.000469 -0.015306 0.000000 -0.001164 0.994309 -0.106532 9.635200 0.015269 0.106538 0.994191 -0.000000 0.000000 0.000000 0.000000 1.000000
0.999780 0.000595 -0.020947 -0.000000 -0.002836 0.994241 -0.107128 9.635200 0.020762 0.107164 0.994025 -0.000000 0.000000 0.000000 0.000000 1.000000
0.999663 0.001761 -0.025882 0.000000 -0.004526 0.994230 -0.107171 9.635200 0.025544 0.107252 0.993904 0.000000 0.000000 0.000000 0.000000 1.000000
0.999521 0.002393 -0.030860 -0.000000 -0.005683 0.994246 -0.106967 9.635200 0.030427 0.107092 0.993783 0.000000 0.000000 0.000000 0.000000 1.000000
0.999383 0.002979 -0.034988 0.000000 -0.006698 0.994273 -0.106659 9.635200 0.034470 0.106827 0.993680 0.000000 0.000000 0.000000 0.000000 1.000000
0.999266 0.003130 -0.038181 0.000000 -0.007181 0.994294 -0.106429 9.635200 0.037630 0.106626 0.993587 0.000000 0.000000 0.000000 0.000000 1.000000
0.999173 0.003294 -0.040526 0.000000 -0.007594 0.994293 -0.106412 9.635200 0.039944 0.106632 0.993496 -0.000000 0.000000 0.000000 0.000000 1.000000
0.999096 0.003469 -0.042358 -0.000000 -0.007966 0.994283 -0.106476 9.635200 0.041747 0.106717 0.993413 0.000000 0.000000 0.000000 0.000000 1.000000
0.999036 0.003742 -0.043736 -0.000000 -0.008388 0.994274 -0.106531 9.635200 0.043087 0.106795 0.993347 0.000000 0.000000 0.000000 0.000000 1.000000
0.998982 0.003935 -0.044937 0.000000 -0.008708 0.994274 -0.106509 9.635200 0.044261 0.106792 0.993296 0.000000 0.000000 0.000000 0.000000 1.000000
0.998949 0.003933 -0.045664 -0.000000 -0.008785 0.994268 -0.106555 9.635200 0.044983 0.106844 0.993258 0.000000 0.000000 0.000000 0.000000 1.000000
0.998935 0.004009 -0.045958 0.000000 -0.008900 0.994250 -0.106716 9.635200 0.045266 0.107011 0.993227 0.000000 0.000000 0.000000 0.000000 1.000000
0.998950 0.004431 -0.045589 0.000000 -0.009285 0.994234 -0.106829 9.635200 0.044853 0.107141 0.993232 0.000000 0.000000 0.000000 0.000000 1.000000
0.998999 0.004973 -0.044464 0.000000 -0.009704 0.994231 -0.106818 9.635200 0.043676 0.107143 0.993284 0.000000 0.000000 0.000000 0.000000 1.000000
0.999069 0.005508 -0.042797 0.000000 -0.010056 0.994229 -0.106807 9.635200 0.041962 0.107138 0.993358 0.000000 0.000000 0.000000 0.000000 1.000000
0.999148 0.005959 -0.040832 0.000000 -0.010289 0.994242 -0.106659 9.635200 0.039961 0.106988 0.993457 -0.000000 0.000000 0.000000 0.000000 1.000000
0.999236 0.006401 -0.038566 0.000000 -0.010470 0.994285 -0.106242 9.635200 0.037665 0.106564 0.993592 0.000000 0.000000 0.000000 0.000000 1.000000
0.999336 0.007024 -0.035751 0.000000 -0.010768 0.994345 -0.105652 9.635200 0.034807 0.105966 0.993760 0.000000 0.000000 0.000000 0.000000 1.000000
0.999451 0.007690 -0.032217 0.000000 -0.011032 0.994421 -0.104902 9.635200 0.031230 0.105199 0.993961 0.000000 0.000000 0.000000 0.000000 1.000000
0.999587 0.008267 -0.027526 -0.000000 -0.011087 0.994522 -0.103933 9.635200 0.026516 0.104196 0.994203 0.000000 0.000000 0.000000 0.000000 1.000000
0.999717 0.008212 -0.022313 0.000000 -0.010468 0.994631 -0.102959 9.635200 0.021348 0.103163 0.994435 0.000000 0.000000 0.000000 0.000000 1.000000
0.999820 0.007732 -0.017301 0.000000 -0.009461 0.994720 -0.102184 9.635200 0.016419 0.102330 0.994615 0.000000 0.000000 0.000000 0.000000 1.000000
0.999894 0.007596 -0.012392 0.000000 -0.008817 0.994782 -0.101638 9.635200 0.011555 0.101737 0.994744 0.000000 0.000000 0.000000 0.000000 1.000000
0.999937 0.008017 -0.007799 0.000000 -0.008764 0.994856 -0.100917 9.635200 0.006950 0.100979 0.994864 -0.000000 0.000000 0.000000 0.000000 1.000000
0.999955 0.009039 -0.002794 0.000000 -0.009274 0.994904 -0.100397 9.635200 0.001872 0.100418 0.994944 0.000000 0.000000 0.000000 0.000000 1.000000
0.999936 0.010875 0.003169 0.000000 -0.010504 0.994950 -0.099823 9.635200 -0.004239 0.099783 0.995000 0.000000 0.000000 0.000000 0.000000 1.000000
0.999877 0.012692 0.009167 0.000000 -0.011718 0.994981 -0.099373 9.635200 -0.010382 0.099253 0.995008 0.000000 0.000000 0.000000 0.000000 1.000000
0.999772 0.014602 0.015588 0.000000 -0.012988 0.994999 -0.099037 9.635200 -0.016956 0.098812 0.994962 0.000000 0.000000 0.000000 0.000000 1.000000
0.999630 0.016384 0.021705 0.000000 -0.014162 0.995003 -0.098840 9.635200 -0.023216 0.098496 0.994867 0.000000 0.000000 0.000000 0.000000 1.000000
0.999506 0.017405 0.026187 0.000000 -0.014742 0.995012 -0.098663 9.635200 -0.027774 0.098228 0.994776 0.000000 0.000000 0.000000 0.000000 1.000000
0.999353 0.018623 0.030754 0.000000 -0.015508 0.995005 -0.098611 9.635200 -0.032437 0.098070 0.994651 0.000000 0.000000 0.000000 0.000000 1.000000
0.999169 0.019691 0.035688 0.000000 -0.016098 0.995027 -0.098297 9.635200 -0.037446 0.097640 0.994517 0.000000 0.000000 0.000000 0.000000 1.000000
0.998955 0.020171 0.041024 0.000000 -0.016077 0.995077 -0.097791 9.635200 -0.042795 0.097030 0.994361 0.000000 0.000000 0.000000 0.000000 1.000000
0.998685 0.020482 0.047008 0.000000 -0.015833 0.995138 -0.097214 9.635200 -0.048770 0.096342 0.994153 -0.000000 0.000000 0.000000 0.000000 1.000000
0.998379 0.020358 0.053153 -0.000000 -0.015135 0.995181 -0.096881 9.635200 -0.054869 0.095920 0.993876 0.000000 0.000000 0.000000 0.000000 1.000000
0.998114 0.019906 0.058068 -0.000000 -0.014246 0.995250 -0.096300 9.635200 -0.059709 0.095291 0.993657 -0.000000 0.000000 0.000000 0.000000 1.000000
0.997863 0.020054 0.062187 0.000000 -0.014016 0.995277 -0.096060 9.635200 -0.063819 0.094983 0.993431 0.000000 0.000000 0.000000 0.000000 1.000000
0.997603 0.020800 0.065990 -0.000000 -0.014398 0.995273 -0.096043 9.635200 -0.067676 0.094863 0.993187 0.000000 0.000000 0.000000 0.000000 1.000000
0.997466 0.020846 0.068023 0.000000 -0.014217 0.995230 -0.096518 9.635200 -0.069710 0.095307 0.993004 0.000000 0.000000 0.000000 0.000000 1.000000
0.997418 0.020339 0.068877 0.000000 -0.013600 0.995197 -0.096944 9.635200 -0.070518 0.095757 0.992904 -0.000000 0.000000 0.000000 0.000000 1.000000
0.997372 0.019781 0.069703 -0.000000 -0.012924 0.995152 -0.097494 9.635200 -0.071293 0.096337 0.992792 0.000000 0.000000 0.000000 0.000000 1.000000
0.997314 0.019331 0.070650 0.000000 -0.012325 0.995081 -0.098296 9.635200 -0.072203 0.097161 0.992646 0.000000 0.000000 0.000000 0.000000 1.000000
0.997247 0.018955 0.071692 -0.000000 -0.011797 0.995019 -0.098985 9.635200 -0.073211 0.097867 0.992503 -0.000000 0.000000 0.000000 0.000000 1.000000
0.997188 0.018750 0.072558 -0.000000 -0.011457 0.994957 -0.099648 9.635200 -0.074061 0.098536 0.992374 0.000000 0.000000 0.000000 0.000000 1.000000
0.997125 0.018691 0.073434 -0.000000 -0.011270 0.994902 -0.100210 9.635200 -0.074933 0.099095 0.992253 -0.000000 0.000000 0.000000 0.000000 1.000000
0.997048 0.018902 0.074420 0.000000 -0.011342 0.994849 -0.100727 9.635200 -0.075941 0.099585 0.992127 0.000000 0.000000 0.000000 0.000000 1.000000
0.996959 0.019239 0.075514 0.000000 -0.011562 0.994838 -0.100812 9.635200 -0.077064 0.099633 0.992036 0.000000 0.000000 0.000000 0.000000 1.000000
0.996858 0.019780 0.076694 0.000000 -0.011977 0.994825 -0.100892 9.635200 -0.078293 0.099657 0.991937 0.000000 0.000000 0.000000 0.000000 1.000000
0.996771 0.020247 0.077698 0.000000 -0.012354 0.994835 -0.100748 9.635200 -0.079337 0.099463 0.991873 0.000000 0.000000 0.000000 0.000000 1.000000
0.996705 0.020547 0.078466 0.000000 -0.012585 0.994842 -0.100649 9.635200 -0.080129 0.099330 0.991823 0.000000 0.000000 0.000000 0.000000 1.000000
0.996649 0.020731 0.079123 0.000000 -0.012713 0.994852 -0.100536 9.635200 -0.080800 0.099193 0.991782 0.000000 0.000000 0.000000 0.000000 1.000000
