<?xml version="1.0" encoding="utf-8"?>
<COLLADA xmlns="http://www.collada.org/2005/11/COLLADASchema" version="1.4.1">
  <asset><contributor><author>Mixamo</author><authoring_tool>COLLADA Mixamo exporter</authoring_tool><comments></comments></contributor><created>2019-12-01T03:29:22Z</created><modified>2019-12-01T03:29:22Z</modified><revision></revision><title></title><unit meter="0.010000"/><up_axis>Y_UP</up_axis></asset>
  <library_animations>
    <animation id="Hips-anim" name="Hips"><source id="Hips-Matrix-animation-input"><float_array id="Hips-Matrix-animation-input-array" count="36">

0.000000 0.033333 0.066667 0.100000 0.133333 0.166667 0.200000 0.233333 0.266667 0.300000 0.333333 0.366667 0.400000 0.433333 0.466667 0.500000
0.533333 0.566667 0.600000 0.633333 0.666667 0.700000 0.733333 0.766667 0.800000 0.833333 0.866667 0.900000 0.933333 0.966667 1.000000 1.033333
1.066667 1.100000 1.133333 1.166667</float_array><technique_common><accessor source="#Hips-Matrix-animation-input-array" count="36"><param name="TIME" type="float"/></accessor></technique_common></source><source id="Hips-Matrix-animation-output-transform"><float_array id="Hips-Matrix-animation-output-transform-array" count="576">

0.907360 0.048324 -0.417567 1.276405 -0.108532 0.986621 -0.121658 101.782654 0.406101 0.155707 0.900465 23.020388 0.000000 0.000000 0.000000 1.000000
0.904045 0.038114 -0.425735 1.295189 -0.101820 0.986547 -0.127894 100.932465 0.415133 0.158970 0.895764 22.670280 0.000000 0.000000 0.000000 1.000000
0.901115 0.023424 -0.432946 1.361660 -0.092649 0.985879 -0.139496 99.671722 0.423565 0.165813 0.890561 22.227484 0.000000 0.000000 0.000000 1.000000
0.899650 0.011120 -0.436470 1.494337 -0.087239 0.984095 -0.154743 98.033134 0.427807 0.177292 0.886312 22.057726 0.000000 0.000000 0.000000 1.000000
0.901504 -0.001393 -0.432768 1.752181 -0.080726 0.981902 -0.171322 96.569321 0.425175 0.189383 0.885077 22.491619 0.000000 0.000000 0.000000 1.000000
0.902795 -0.020464 -0.429583 2.061604 -0.067689 0.979657 -0.188920 95.400726 0.424710 0.199634 0.883044 23.326324 0.000000 0.000000 0.000000 1.000000
0.897378 -0.037327 -0.439681 2.335473 -0.056375 0.978553 -0.198133 94.098297 0.437646 0.202587 0.876027 24.658489 0.000000 0.000000 0.000000 1.000000
0.880360 -0.040652 -0.472560 2.770056 -0.058038 0.979600 -0.192392 92.567932 0.470741 0.196801 0.860042 26.630613 0.000000 0.000000 0.000000 1.000000
0.858535 -0.028623 -0.511956 3.192902 -0.073017 0.981441 -0.177317 90.748238 0.507530 0.189614 0.840512 29.232643 0.000000 0.000000 0.000000 1.000000
0.850379 -0.015279 -0.525948 3.377852 -0.083274 0.983072 -0.163200 89.118416 0.519539 0.182580 0.834712 31.458735 0.000000 0.000000 0.000000 1.000000
0.850934 -0.008467 -0.525204 3.409205 -0.086075 0.984106 -0.155325 88.194763 0.518172 0.177378 0.836681 32.536461 0.000000 0.000000 0.000000 1.000000
0.856370 0.000479 -0.516363 3.385877 -0.092595 0.983933 -0.152653 87.924431 0.507993 0.178540 0.842654 33.335255 0.000000 0.000000 0.000000 1.000000
0.860086 0.005505 -0.510120 3.360908 -0.098527 0.982908 -0.155514 87.981087 0.500544 0.184016 0.845928 33.749313 0.000000 0.000000 0.000000 1.000000
0.860237 0.007261 -0.509843 3.433884 -0.102452 0.981968 -0.158878 88.397919 0.499496 0.188907 0.845469 33.726723 0.000000 0.000000 0.000000 1.000000
0.858677 0.013799 -0.512331 3.522975 -0.112591 0.980297 -0.162301 89.073921 0.499997 0.197047 0.843312 33.561169 0.000000 0.000000 0.000000 1.000000
0.856757 0.017892 -0.515410 3.580185 -0.118439 0.979512 -0.162875 89.865677 0.501936 0.200589 0.841323 33.234047 0.000000 0.000000 0.000000 1.000000
0.857970 0.021591 -0.513246 3.558788 -0.121664 0.979231 -0.162186 90.725189 0.499085 0.201594 0.842778 32.742466 0.000000 0.000000 0.000000 1.000000
0.860602 0.024146 -0.508705 3.520982 -0.122917 0.979194 -0.161466 91.654007 0.494222 0.201486 0.845664 32.183830 0.000000 0.000000 0.000000 1.000000
0.864493 0.027306 -0.501903 3.431917 -0.124408 0.979079 -0.161018 92.502304 0.487006 0.201639 0.849804 31.579241 0.000000 0.000000 0.000000 1.000000
0.869873 0.029942 -0.492366 3.299712 -0.124136 0.979320 -0.159759 93.342873 0.477401 0.200090 0.855601 31.013287 0.000000 0.000000 0.000000 1.000000
0.874131 0.033606 -0.484526 3.135156 -0.124672 0.979703 -0.156969 94.109077 0.469416 0.197619 0.860578 30.423370 0.000000 0.000000 0.000000 1.000000
0.876369 0.037972 -0.480141 2.961262 -0.126350 0.980099 -0.153107 94.902931 0.464772 0.194844 0.863726 29.792015 0.000000 0.000000 0.000000 1.000000
0.878377 0.041119 -0.476197 2.816682 -0.126305 0.980846 -0.148283 95.685776 0.460979 0.190394 0.866746 29.135599 0.000000 0.000000 0.000000 1.000000
0.879627 0.044587 -0.473571 2.677341 -0.126581 0.981639 -0.142696 96.437210 0.458513 0.185464 0.869120 28.409918 0.000000 0.000000 0.000000 1.000000
0.879261 0.046683 -0.474046 2.545549 -0.126120 0.982485 -0.137174 97.243797 0.459340 0.180399 0.869749 27.700497 0.000000 0.000000 0.000000 1.000000
0.879900 0.046507 -0.472878 2.474212 -0.123935 0.983213 -0.133913 98.044289 0.458712 0.176436 0.870893 27.007774 0.000000 0.000000 0.000000 1.000000
0.881676 0.045042 -0.469701 2.423798 -0.120292 0.983999 -0.131439 98.809517 0.456265 0.172388 0.872986 26.356812 0.000000 0.000000 0.000000 1.000000
0.883928 0.044800 -0.465473 2.393114 -0.117874 0.984604 -0.129078 99.566757 0.452523 0.168963 0.875599 25.719284 0.000000 0.000000 0.000000 1.000000
0.886580 0.045424 -0.460340 2.319401 -0.116765 0.984916 -0.127693 100.248657 0.447597 0.166962 0.878511 25.090843 0.000000 0.000000 0.000000 1.000000
0.889278 0.046281 -0.455019 2.215346 -0.115671 0.985283 -0.125850 100.836243 0.442498 0.164548 0.881544 24.543753 0.000000 0.000000 0.000000 1.000000
0.891894 0.047674 -0.449725 2.051135 -0.115026 0.985639 -0.123634 101.337296 0.437372 0.161998 0.884569 24.148991 0.000000 0.000000 0.000000 1.000000
0.895400 0.048726 -0.442589 1.853898 -0.113839 0.986010 -0.121754 101.685837 0.430464 0.159403 0.888421 23.823267 0.000000 0.000000 0.000000 1.000000
0.900377 0.048994 -0.432343 1.644582 -0.111691 0.986371 -0.120823 101.976593 0.420531 0.157075 0.893578 23.606592 0.000000 0.000000 0.000000 1.000000
0.904982 0.048465 -0.422680 1.453074 -0.110248 0.986269 -0.122961 102.190727 0.410916 0.157877 0.897899 23.426531 0.000000 0.000000 0.000000 1.000000
0.908122 0.049356 -0.415787 1.340704 -0.110335 0.986139 -0.123923 102.195717 0.403907 0.158413 0.900980 23.273355 0.000000 0.000000 0.000000 1.000000
0.907360 0.048325 -0.417567 1.276406 -0.108533 0.986620 -0.121658 101.782654 0.406101 0.155707 0.900465 23.020391 0.000000 0.000000 0.000000 1.000000</float_array><technique_common><accessor source="#Hips-Matrix-animation-output-transform-array" count="36" stride="16"><param type="float4x4"/></accessor></technique_common></source><source id="Hips-Interpolations"><Name_array id="Hips-Interpolations-array" count="36">
 LINEAR LINEAR LINEAR LINEAR LINEAR LINEAR LINEAR LINEAR LINEAR LINEAR LINEAR
LINEAR LINEAR LINEAR LINEAR LINEAR LINEAR LINEAR LINEAR LINEAR LINEAR LINEAR LINEAR
LINEAR LINEAR LINEAR LINEAR LINEAR LINEAR LINEAR LINEAR LINEAR LINEAR LINEAR LINEAR
LINEAR</Name_array><technique_common><accessor source="#Hips-Interpolations-array" count="36"><param type="name"/></accessor></technique_common></source><sampler id="Hips-Matrix-animation-transform"><input semantic="INPUT" source="#Hips-Matrix-animation-input"/><input semantic="OUTPUT" source="#Hips-Matrix-animation-output-transform"/><input semantic="INTERPOLATION" source="#Hips-Interpolations"/></sampler><channel source="#Hips-Matrix-animation-transform" target="Hips/matrix"/></animation>
    <animation id="Spine-anim" name="Spine"><source id="Spine-Matrix-animation-input"><float_array id="Spine-Matrix-animation-input-array" count="36">

0.000000 0.033333 0.066667 0.100000 0.133333 0.166667 0.200000 0.233333 0.266667 0.300000 0.333333 0.366667 0.400000 0.433333 0.466667 0.500000
0.533333 0.566667 0.600000 0.633333 0.666667 0.700000 0.733333 0.766667 0.800000 0.833333 0.866667 0.900000 0.933333 0.966667 1.000000 1.033333
1.066667 1.100000 1.133333 1.166667</float_array><technique_common><accessor source="#Spine-Matrix-animation-input-array" count="36"><param name="TIME" type="float"/></accessor></technique_common></source><source id="Spine-Matrix-animation-output-transform"><float_array id="Spine-Matrix-animation-output-transform-array" count="576">

0.995435 -0.009041 0.095017 0.000000 0.022139 0.990225 -0.137714 9.635200 -0.092843 0.139189 0.985904 0.000000 0.000000 0.000000 0.000000 1.000000
0.996655 0.001955 0.081702 0.000000 0.010814 0.987768 -0.155554 9.635200 -0.081007 0.155917 0.984443 0.000000 0.000000 0.000000 0.000000 1.000000
0.997293 0.010713 0.072740 0.000000 0.002191 0.984557 -0.175048 9.635200 -0.073492 0.174734 0.981869 0.000000 0.000000 0.000000 0.000000 1.000000
0.997382 0.006000 0.072057 0.000000 0.007841 0.981701 -0.190265 9.635200 -0.071880 0.190332 0.979085 -0.000000 0.000000 0.000000 0.000000 1.000000
0.997159 -0.005244 0.075144 0.000000 0.019958 0.980314 -0.196431 9.635200 -0.072634 0.197373 0.977634 0.000000 0.000000 0.000000 0.000000 1.000000
0.996849 -0.009394 0.078762 -0.000000 0.024491 0.980897 -0.192978 9.635200 -0.075445 0.194299 0.978037 0.000000 0.000000 0.000000 0.000000 1.000000
0.996164 -0.001587 0.087495 0.000000 0.017954 0.982271 -0.186606 9.635200 -0.085648 0.187461 0.978531 -0.000000 0.000000 0.000000 0.000000 1.000000
0.994957 0.009633 0.099844 -0.000000 0.009307 0.982218 -0.187511 9.635200 -0.099875 0.187495 0.977175 -0.000000 0.000000 0.000000 0.000000 1.000000
0.993988 0.016053 0.108310 0.000000 0.005939 0.979832 -0.199734 9.635200 -0.109332 0.199177 0.973846 0.000000 0.000000 0.000000 0.000000 1.000000
0.993797 0.020616 0.109279 -0.000000 0.003182 0.976993 -0.213250 9.635200 -0.111161 0.212275 0.970867 0.000000 0.000000 0.000000 0.000000 1.000000
0.993679 0.021405 0.110199 0.000000 0.002974 0.976289 -0.216450 9.635200 -0.112219 0.215409 0.970055 0.000000 0.000000 0.000000 0.000000 1.000000
0.993080 0.016204 0.116314 0.000000 0.009141 0.976764 -0.214121 9.635200 -0.117081 0.213703 0.969857 0.000000 0.000000 0.000000 0.000000 1.000000
0.992045 0.011056 0.125400 0.000000 0.015555 0.977737 -0.209257 9.635200 -0.124922 0.209543 0.969787 0.000000 0.000000 0.000000 0.000000 1.000000
0.991135 0.008107 0.132610 0.000000 0.019430 0.978560 -0.205043 9.635200 -0.131429 0.205801 0.969728 0.000000 0.000000 0.000000 0.000000 1.000000
0.990238 0.005719 0.139270 -0.000000 0.022667 0.979250 -0.201384 9.635200 -0.137532 0.202575 0.969561 -0.000000 0.000000 0.000000 0.000000 1.000000
0.989514 0.005701 0.144325 -0.000000 0.023273 0.979872 -0.198266 9.635200 -0.142551 0.199546 0.969464 0.000000 0.000000 0.000000 0.000000 1.000000
0.989280 0.009008 0.145755 0.000000 0.019995 0.980341 -0.196294 9.635200 -0.144657 0.197104 0.969652 0.000000 0.000000 0.000000 0.000000 1.000000
0.989098 0.013272 0.146659 -0.000000 0.015464 0.981062 -0.193074 9.635200 -0.146444 0.193237 0.970162 -0.000000 0.000000 0.000000 0.000000 1.000000
0.988910 0.016872 0.147555 -0.000000 0.011249 0.982163 -0.187696 9.635200 -0.148089 0.187274 0.971081 -0.000000 0.000000 0.000000 0.000000 1.000000
0.988774 0.020506 0.148006 -0.000000 0.006518 0.983676 -0.179829 9.635200 -0.149278 0.178775 0.972500 -0.000000 0.000000 0.000000 0.000000 1.000000
0.988392 0.024236 0.149978 0.000000 0.001891 0.985154 -0.171664 9.635200 -0.151912 0.169955 0.973672 0.000000 0.000000 0.000000 0.000000 1.000000
0.987809 0.027782 0.153171 0.000000 -0.002021 0.986151 -0.165835 9.635200 -0.155657 0.163504 0.974185 0.000000 0.000000 0.000000 0.000000 1.000000
0.987247 0.031330 0.156083 0.000000 -0.005570 0.986640 -0.162818 9.635200 -0.159099 0.159872 0.974232 0.000000 0.000000 0.000000 0.000000 1.000000
0.986677 0.034303 0.159034 0.000000 -0.008195 0.986757 -0.161996 9.635200 -0.162484 0.158534 0.973892 0.000000 0.000000 0.000000 0.000000 1.000000
0.986275 0.036261 0.161079 -0.000000 -0.009960 0.986876 -0.161174 9.635200 -0.164809 0.157358 0.973692 0.000000 0.000000 0.000000 0.000000 1.000000
0.986328 0.036189 0.160773 -0.000000 -0.010289 0.987211 -0.159090 9.635200 -0.164474 0.155260 0.974085 0.000000 0.000000 0.000000 0.000000 1.000000
0.986702 0.033028 0.159151 -0.000000 -0.007734 0.987569 -0.156995 9.635200 -0.162358 0.153676 0.974691 -0.000000 0.000000 0.000000 0.000000 1.000000
0.987263 0.026737 0.156835 -0.000000 -0.002167 0.987947 -0.154780 9.635200 -0.159083 0.152469 0.975421 0.000000 0.000000 0.000000 0.000000 1.000000
0.987917 0.019764 0.153720 0.000000 0.003755 0.988493 -0.151222 9.635200 -0.154940 0.149972 0.976474 -0.000000 0.000000 0.000000 0.000000 1.000000
0.988550 0.013258 0.150312 0.000000 0.008950 0.989227 -0.146115 9.635200 -0.150630 0.145787 0.977781 -0.000000 0.000000 0.000000 0.000000 1.000000
0.989283 0.006871 0.145851 0.000000 0.013731 0.990088 -0.139778 9.635200 -0.145366 0.140283 0.979382 0.000000 0.000000 0.000000 0.000000 1.000000
0.990254 0.002022 0.139260 -0.000000 0.016824 0.990836 -0.134016 9.635200 -0.138254 0.135053 0.981146 0.000000 0.000000 0.000000 0.000000 1.000000
0.991343 -0.001209 0.131289 -0.000000 0.018381 0.991387 -0.129665 9.635200 -0.130001 0.130956 0.982828 -0.000000 0.000000 0.000000 0.000000 1.000000
0.992660 -0.006899 0.120744 0.000000 0.022100 0.991909 -0.125013 9.635200 -0.118904 0.126764 0.984781 -0.000000 0.000000 0.000000 0.000000 1.000000
0.994261 -0.012745 0.106218 0.000000 0.026186 0.991669 -0.126120 9.635200 -0.103726 0.128178 0.986312 0.000000 0.000000 0.000000 0.000000 1.000000
0.995435 -0.009041 0.095017 0.000000 0.022139 0.990225 -0.137714 9.635200 -0.092843 0.139189 0.985904 -0.000000 0.000000 0.000000 0.000000 1.000000</float_array><technique_common><accessor source="#Spine-Matrix-animation-output-transform-array" count="36" stride="16"><param type="float4x4"/></accessor></technique_common></source><source id="Spine-Interpolations"><Name_array id="Spine-Interpolations-array" count="36">
 LINEAR LINEAR LINEAR LINEAR LINEAR LINEAR LINEAR LINEAR LINEAR LINEAR LINEAR
LINEAR LINEAR LINEAR LINEAR LINEAR LINEAR LINEAR LINEAR LINEAR LINEAR LINEAR LINEAR
LINEAR LINEAR LINEAR LINEAR LINEAR LINEAR LINEAR LINEAR LINEAR LINEAR LINEAR LINEAR
LINEAR</Name_array><technique_common><accessor source="#Spine-Interpolations-array" count="36"><param type="name"/></accessor></technique_common></source><sampler id="Spine-Matrix-animation-transform"><input semantic="INPUT" source="#Spine-Matrix-animation-input"/><input semantic="OUTPUT" source="#Spine-Matrix-animation-output-transform"/><input semantic="INTERPOLATION" source="#Spine-Interpolations"/></sampler><channel source="#Spine-Matrix-animation-transform" target="Spine/matrix"/></animation>
    <animation id="Spine1-anim" name="Spine1"><source id="Spine1-Matrix-animation-input"><float_array id="Spine1-Matrix-animation-input-array" count="36">

0.000000 0.033333 0.066667 0.100000 0.133333 0.166667 0.200000 0.233333 0.266667 0.300000 0.333333 0.366667 0.400000 0.433333 0.466667 0.500000
0.533333 0.566667 0.600000 0.633333 0.666667 0.700000 0.733333 0.766667 0.800000 0.833333 0.866667 0.900000 0.933333 0.966667 1.000000 1.033333
1.066667 1.100000 1.133333 1.166667</float_array><technique_common><accessor source="#Spine1-Matrix-animation-input-array" count="36"><param name="TIME" type="float"/></accessor></technique_common></source><source id="Spine1-Matrix-animation-output-transform"><float_array id="Spine1-Matrix-animation-output-transform-array" count="576">

0.999792 0.015767 0.012949 -0.000000 -0.015587 0.999782 -0.013909 9.766500 -0.013166 0.013705 0.999819 0.000000 0.000000 0.000000 0.000000 1.000000
0.999848 0.013329 0.011229 -0.000000 -0.013300 0.999908 -0.002592 9.766500 -0.011263 0.002442 0.999934 0.000000 0.000000 0.000000 0.000000 1.000000
0.999852 0.013908 0.010141 -0.000000 -0.013945 0.999897 0.003531 9.766500 -0.010091 -0.003672 0.999942 0.000000 0.000000 0.000000 0.000000 1.000000
0.999767 0.019120 0.010010 0.000000 -0.019160 0.999809 0.003927 9.766500 -0.009933 -0.004118 0.999942 0.000000 0.000000 0.000000 0.000000 1.000000
0.999597 0.026449 0.010315 -0.000000 -0.026417 0.999646 -0.003250 9.766500 -0.010397 0.002976 0.999942 -0.000000 0.000000 0.000000 0.000000 1.000000
0.999398 0.032981 0.010736 0.000000 -0.032750 0.999244 -0.020943 9.766500 -0.011419 0.020579 0.999723 -0.000000 0.000000 0.000000 0.000000 1.000000
0.999202 0.038091 0.012042 0.000000 -0.037505 0.998257 -0.045569 9.766500 -0.013757 0.045081 0.998889 0.000000 0.000000 0.000000 0.000000 1.000000
0.999104 0.039965 0.013914 0.000000 -0.038949 0.996998 -0.066924 9.766500 -0.016547 0.066322 0.997661 0.000000 0.000000 0.000000 0.000000 1.000000
0.999153 0.038302 0.015068 -0.000000 -0.037006 0.996228 -0.078483 9.766500 -0.018017 0.077859 0.996802 -0.000000 0.000000 0.000000 0.000000 1.000000
0.999186 0.037377 0.015204 0.000000 -0.035957 0.995747 -0.084823 9.766500 -0.018310 0.084208 0.996280 0.000000 0.000000 0.000000 0.000000 1.000000
0.999105 0.039485 0.015171 0.000000 -0.037923 0.995013 -0.092258 9.766500 -0.018738 0.091600 0.995620 0.000000 0.000000 0.000000 0.000000 1.000000
0.998994 0.042003 0.015729 0.000000 -0.040392 0.994977 -0.091592 9.766500 -0.019497 0.090864 0.995672 0.000000 0.000000 0.000000 0.000000 1.000000
0.998915 0.043502 0.016606 0.000000 -0.041869 0.995199 -0.088464 9.766500 -0.020375 0.087673 0.995941 -0.000000 0.000000 0.000000 0.000000 1.000000
0.998859 0.044506 0.017324 0.000000 -0.042872 0.995423 -0.085407 9.766500 -0.021045 0.084567 0.996195 0.000000 0.000000 0.000000 0.000000 1.000000
0.998856 0.044265 0.018074 0.000000 -0.042645 0.995729 -0.081883 9.766500 -0.021621 0.081018 0.996478 -0.000000 0.000000 0.000000 0.000000 1.000000
0.998898 0.043057 0.018703 -0.000000 -0.041458 0.996029 -0.078782 9.766500 -0.022021 0.077919 0.996716 -0.000000 0.000000 0.000000 0.000000 1.000000
0.998932 0.042138 0.018953 0.000000 -0.040593 0.996313 -0.075580 9.766500 -0.022068 0.074730 0.996960 -0.000000 0.000000 0.000000 0.000000 1.000000
0.998938 0.041911 0.019158 0.000000 -0.040408 0.996510 -0.073038 9.766500 -0.022152 0.072187 0.997145 -0.000000 0.000000 0.000000 0.000000 1.000000
0.998935 0.041889 0.019324 0.000000 -0.040409 0.996624 -0.071474 9.766500 -0.022253 0.070617 0.997255 -0.000000 0.000000 0.000000 0.000000 1.000000
0.998929 0.042024 0.019382 -0.000000 -0.040556 0.996669 -0.070748 9.766500 -0.022290 0.069886 0.997306 -0.000000 0.000000 0.000000 0.000000 1.000000
0.998928 0.041937 0.019614 0.000000 -0.040449 0.996660 -0.070942 9.766500 -0.022523 0.070073 0.997288 0.000000 0.000000 0.000000 0.000000 1.000000
0.998942 0.041383 0.020043 -0.000000 -0.039838 0.996595 -0.072187 9.766500 -0.022962 0.071312 0.997190 -0.000000 0.000000 0.000000 0.000000 1.000000
0.998961 0.040700 0.020499 0.000000 -0.039064 0.996441 -0.074690 9.766500 -0.023465 0.073811 0.996996 0.000000 0.000000 0.000000 0.000000 1.000000
0.998993 0.039638 0.021014 -0.000000 -0.037895 0.996257 -0.077693 9.766500 -0.024015 0.076819 0.996756 -0.000000 0.000000 0.000000 0.000000 1.000000
0.999016 0.038822 0.021457 0.000000 -0.036998 0.996129 -0.079735 9.766500 -0.024470 0.078862 0.996585 -0.000000 0.000000 0.000000 0.000000 1.000000
0.999007 0.038968 0.021584 0.000000 -0.037109 0.996047 -0.080711 9.766500 -0.024644 0.079830 0.996504 0.000000 0.000000 0.000000 0.000000 1.000000
0.998983 0.039630 0.021505 0.000000 -0.037759 0.995971 -0.081344 9.766500 -0.024642 0.080450 0.996454 0.000000 0.000000 0.000000 0.000000 1.000000
0.998983 0.039768 0.021270 -0.000000 -0.037916 0.995964 -0.081351 9.766500 -0.024420 0.080462 0.996459 0.000000 0.000000 0.000000 0.000000 1.000000
0.999035 0.038659 0.020850 0.000000 -0.036865 0.996075 -0.080469 9.766500 -0.023879 0.079623 0.996539 -0.000000 0.000000 0.000000 0.000000 1.000000
0.999110 0.036919 0.020387 0.000000 -0.035195 0.996231 -0.079285 9.766500 -0.023237 0.078497 0.996644 0.000000 0.000000 0.000000 0.000000 1.000000
0.999217 0.034256 0.019780 0.000000 -0.032648 0.996530 -0.076569 9.766500 -0.022334 0.075864 0.996868 0.000000 0.000000 0.000000 0.000000 1.000000
0.999377 0.029820 0.018854 0.000000 -0.028428 0.997126 -0.070223 9.766500 -0.020894 0.069643 0.997353 0.000000 0.000000 0.000000 0.000000 1.000000
0.999545 0.024390 0.017761 -0.000000 -0.023262 0.997859 -0.061130 9.766500 -0.019214 0.060689 0.997972 0.000000 0.000000 0.000000 0.000000 1.000000
0.999655 0.020520 0.016370 -0.000000 -0.019704 0.998627 -0.048541 9.766500 -0.017344 0.048202 0.998687 -0.000000 0.000000 0.000000 0.000000 1.000000
0.999728 0.018337 0.014425 0.000000 -0.017880 0.999351 -0.031259 9.766500 -0.014989 0.030992 0.999407 0.000000 0.000000 0.000000 0.000000 1.000000
0.999792 0.015767 0.012949 0.000000 -0.015587 0.999782 -0.013909 9.766500 -0.013166 0.013705 0.999819 0.000000 0.000000 0.000000 0.000000 1.000000</float_array><technique_common><accessor source="#Spine1-Matrix-animation-output-transform-array" count="36" stride="16"><param type="float4x4"/></accessor></technique_common></source><source id="Spine1-Interpolations"><Name_array id="Spine1-Interpolations-array" count="36">
 LINEAR LINEAR LINEAR LINEAR LINEAR LINEAR LINEAR LINEAR LINEAR LINEAR LINEAR
LINEAR LINEAR LINEAR LINEAR LINEAR LINEAR LINEAR LINEAR LINEAR LINEAR LINEAR LINEAR
LINEAR LINEAR LINEAR LINEAR LINEAR LINEAR LINEAR LINEAR LINEAR LINEAR LINEAR LINEAR
LINEAR</Name_array><technique_common><accessor source="#Spine1-Interpolations-array" count="36"><param type="name"/></accessor></technique_common></source><sampler id="Spine1-Matrix-animation-transform"><input semantic="INPUT" source="#Spine1-Matrix-animation-input"/><input semantic="OUTPUT" source="#Spine1-Matrix-animation-output-transform"/><input semantic="INTERPOLATION" source="#Spine1-Interpolations"/></sampler><channel source="#Spine1-Matrix-animation-transform" target="Spine1/matrix"/></animation>
    <animation id="Spine2-anim" name="Spine2"><source id="Spine2-Matrix-animation-input"><float_array id="Spine2-Matrix-animation-input-array" count="36">

0.000000 0.033333 0.066667 0.100000 0.133333 0.166667 0.200000 0.233333 0.266667 0.300000 0.333333 0.366667 0.400000 0.433333 0.466667 0.500000
0.533333 0.566667 0.600000 0.633333 0.666667 0.700000 0.733333 0.766667 0.800000 0.833333 0.866667 0.900000 0.933333 0.966667 1.000000 1.033333
1.066667 1.100000 1.133333 1.166667</float_array><technique_common><accessor source="#Spine2-Matrix-animation-input-array" count="36"><param name="TIME" type="float"/></accessor></technique_common></source><source id="Spine2-Matrix-animation-output-transform"><float_array id="Spine2-Matrix-animation-output-transform-array" count="576">

0.999795 0.015671 0.012787 -0.000000 -0.015462 0.999748 -0.016253 9.815200 -0.013038 0.016052 0.999786 0.000000 0.000000 0.000000 0.000000 1.000000
0.999850 0.013273 0.011123 0.000000 -0.013219 0.999900 -0.004937 9.815200 -0.011188 0.004789 0.999926 0.000000 0.000000 0.000000 0.000000 1.000000
0.999853 0.013909 0.010008 0.000000 -0.013921 0.999902 0.001183 9.815200 -0.009991 -0.001322 0.999949 -0.000000 0.000000 0.000000 0.000000 1.000000
0.999769 0.019168 0.009720 0.000000 -0.019184 0.999815 0.001576 9.815200 -0.009688 -0.001762 0.999952 -0.000000 0.000000 0.000000 0.000000 1.000000
0.999601 0.026506 0.009803 -0.000000 -0.026452 0.999634 -0.005601 9.815200 -0.009947 0.005340 0.999936 0.000000 0.000000 0.000000 0.000000 1.000000
0.999406 0.032956 0.010061 0.000000 -0.032715 0.999193 -0.023292 9.815200 -0.010820 0.022949 0.999678 0.000000 0.000000 0.000000 0.000000 1.000000
0.999218 0.037884 0.011288 -0.000000 -0.037302 0.998154 -0.047919 9.815200 -0.013083 0.047460 0.998787 0.000000 0.000000 0.000000 0.000000 1.000000
0.999129 0.039605 0.013135 0.000000 -0.038604 0.996850 -0.069275 9.815200 -0.015837 0.068708 0.997511 0.000000 0.000000 0.000000 0.000000 1.000000
0.999178 0.037953 0.014271 0.000000 -0.036680 0.996052 -0.080839 9.815200 -0.017283 0.080249 0.996625 -0.000000 0.000000 0.000000 0.000000 1.000000
0.999208 0.037104 0.014355 -0.000000 -0.035716 0.995552 -0.087186 9.815200 -0.017526 0.086605 0.996089 -0.000000 0.000000 0.000000 0.000000 1.000000
0.999130 0.039182 0.014260 0.000000 -0.037661 0.994801 -0.094623 9.815200 -0.017893 0.094003 0.995411 0.000000 0.000000 0.000000 0.000000 1.000000
0.999024 0.041620 0.014792 0.000000 -0.040052 0.994770 -0.093956 9.815200 -0.018625 0.093272 0.995466 0.000000 0.000000 0.000000 0.000000 1.000000
0.998951 0.043004 0.015709 0.000000 -0.041406 0.995006 -0.090825 9.815200 -0.019537 0.090079 0.995743 0.000000 0.000000 0.000000 0.000000 1.000000
0.998897 0.043958 0.016480 -0.000000 -0.042349 0.995241 -0.087762 9.815200 -0.020259 0.086967 0.996005 -0.000000 0.000000 0.000000 0.000000 1.000000
0.998895 0.043715 0.017283 -0.000000 -0.042111 0.995556 -0.084232 9.815200 -0.020888 0.083411 0.996296 -0.000000 0.000000 0.000000 0.000000 1.000000
0.998935 0.042507 0.017972 0.000000 -0.040917 0.995864 -0.081127 9.815200 -0.021346 0.080305 0.996542 -0.000000 0.000000 0.000000 0.000000 1.000000
0.998967 0.041610 0.018265 -0.000000 -0.040068 0.996154 -0.077924 9.815200 -0.021437 0.077112 0.996792 0.000000 0.000000 0.000000 0.000000 1.000000
0.998972 0.041392 0.018497 0.000000 -0.039888 0.996357 -0.075382 9.815200 -0.021550 0.074566 0.996983 -0.000000 0.000000 0.000000 0.000000 1.000000
0.998970 0.041359 0.018690 0.000000 -0.039874 0.996474 -0.073817 9.815200 -0.021677 0.072996 0.997097 0.000000 0.000000 0.000000 0.000000 1.000000
0.998963 0.041460 0.018790 -0.000000 -0.039984 0.996523 -0.073091 9.815200 -0.021755 0.072264 0.997148 0.000000 0.000000 0.000000 0.000000 1.000000
0.998963 0.041333 0.019077 -0.000000 -0.039833 0.996515 -0.073286 9.815200 -0.022040 0.072450 0.997129 -0.000000 0.000000 0.000000 0.000000 1.000000
0.998977 0.040762 0.019562 0.000000 -0.039199 0.996448 -0.074530 9.815200 -0.022531 0.073687 0.997027 -0.000000 0.000000 0.000000 0.000000 1.000000
0.998995 0.040082 0.020064 0.000000 -0.038426 0.996288 -0.077032 9.815200 -0.023077 0.076184 0.996827 0.000000 0.000000 0.000000 0.000000 1.000000
0.999025 0.039048 0.020613 -0.000000 -0.037282 0.996095 -0.080035 9.815200 -0.023658 0.079189 0.996579 -0.000000 0.000000 0.000000 0.000000 1.000000
0.999045 0.038282 0.021070 0.000000 -0.036433 0.995960 -0.082075 9.815200 -0.024127 0.081229 0.996403 0.000000 0.000000 0.000000 0.000000 1.000000
0.999035 0.038485 0.021187 -0.000000 -0.036602 0.995873 -0.083051 9.815200 -0.024296 0.082196 0.996320 -0.000000 0.000000 0.000000 0.000000 1.000000
0.999009 0.039206 0.021075 0.000000 -0.037315 0.995793 -0.083684 9.815200 -0.024267 0.082814 0.996269 -0.000000 0.000000 0.000000 0.000000 1.000000
0.999007 0.039402 0.020801 0.000000 -0.037532 0.995785 -0.083690 9.815200 -0.024011 0.082827 0.996275 -0.000000 0.000000 0.000000 0.000000 1.000000
0.999057 0.038334 0.020368 0.000000 -0.036525 0.995896 -0.082808 9.815200 -0.023459 0.081986 0.996357 0.000000 0.000000 0.000000 0.000000 1.000000
0.999131 0.036620 0.019913 0.000000 -0.034880 0.996053 -0.081624 9.815200 -0.022823 0.080858 0.996464 -0.000000 0.000000 0.000000 0.000000 1.000000
0.999236 0.033979 0.019333 0.000000 -0.032355 0.996357 -0.078908 9.815200 -0.021944 0.078222 0.996694 -0.000000 0.000000 0.000000 0.000000 1.000000
0.999392 0.029570 0.018462 0.000000 -0.028158 0.996966 -0.072562 9.815200 -0.020551 0.071998 0.997193 0.000000 0.000000 0.000000 0.000000 1.000000
0.999556 0.024171 0.017443 0.000000 -0.023019 0.997718 -0.063470 9.815200 -0.018937 0.063040 0.997831 -0.000000 0.000000 0.000000 0.000000 1.000000
0.999663 0.020339 0.016114 0.000000 -0.019495 0.998514 -0.050882 9.815200 -0.017125 0.050551 0.998575 -0.000000 0.000000 0.000000 0.000000 1.000000
0.999733 0.018196 0.014210 0.000000 -0.017711 0.999278 -0.033601 9.815200 -0.014811 0.033340 0.999334 -0.000000 0.000000 0.000000 0.000000 1.000000
0.999795 0.015671 0.012787 -0.000000 -0.015462 0.999748 -0.016253 9.815200 -0.013038 0.016052 0.999786 0.000000 0.000000 0.000000 0.000000 1.000000</float_array><technique_common><accessor source="#Spine2-Matrix-animation-output-transform-array" count="36" stride="16"><param type="float4x4"/></accessor></technique_common></source><source id="Spine2-Interpolations"><Name_array id="Spine2-Interpolations-array" count="36">
 LINEAR LINEAR LINEAR LINEAR LINEAR LINEAR LINEAR LINEAR LINEAR LINEAR LINEAR
LINEAR LINEAR LINEAR LINEAR LINEAR LINEAR LINEAR LINEAR LINEAR LINEAR LINEAR LINEAR
LINEAR LINEAR LINEAR LINEAR LINEAR LINEAR LINEAR LINEAR LINEAR LINEAR LINEAR LINEAR
LINEAR</Name_array><technique_common><accessor source="#Spine2-Interpolations-array" count="36"><param type="name"/></accessor></technique_common></source><sampler id="Spine2-Matrix-animation-transform"><input semantic="INPUT" source="#Spine2-Matrix-animation-input"/><input semantic="OUTPUT" source="#Spine2-Matrix-animation-output-transform"/><input semantic="INTERPOLATION" source="#Spine2-Interpolations"/></sampler><channel source="#Spine2-Matrix-animation-transform" target="Spine2/matrix"/></animation>
    <animation id="Neck-anim" name="Neck"><source id="Neck-Matrix-animation-input"><float_array id="Neck-Matrix-animation-input-array" count="36">

0.000000 0.033333 0.066667 0.100000 0.133333 0.166667 0.200000 0.233333 0.266667 0.300000 0.333333 0.366667 0.400000 0.433333 0.466667 0.500000
0.533333 0.566667 0.600000 0.633333 0.666667 0.700000 0.733333 0.766667 0.800000 0.833333 0.866667 0.900000 0.933333 0.966667 1.000000 1.033333
1.066667 1.100000 1.133333 1.166667</float_array><technique_common><accessor source="#Neck-Matrix-animation-input-array" count="36"><param name="TIME" type="float"/></accessor></technique_common></source><source id="Neck-Matrix-animation-output-transform"><float_array id="Neck-Matrix-animation-output-transform-array" count="576">

0.992302 0.114519 0.047141 0.000000 -0.110227 0.990237 -0.085324 31.180201 -0.056452 0.079471 0.995237 -6.470500 0.000000 0.000000 0.000000 1.000000
0.992512 0.113056 0.046235 0.000000 -0.109699 0.991521 -0.069651 31.180201 -0.053717 0.064058 0.996499 -6.470500 0.000000 0.000000 0.000000 1.000000
0.993002 0.109999 0.042981 0.000000 -0.107509 0.992598 -0.056488 31.180201 -0.048877 0.051472 0.997478 -6.470500 0.000000 0.000000 0.000000 1.000000
0.994080 0.102103 0.037134 0.000000 -0.100271 0.993790 -0.048249 31.180201 -0.041829 0.044240 0.998145 -6.470500 0.000000 0.000000 0.000000 1.000000
0.995620 0.088229 0.030919 0.000000 -0.086773 0.995182 -0.045653 31.180201 -0.034798 0.042770 0.998479 -6.470500 0.000000 0.000000 0.000000 1.000000
0.997170 0.070379 0.026418 -0.000000 -0.069077 0.996487 -0.047341 31.180201 -0.029657 0.045382 0.998529 -6.470500 0.000000 0.000000 0.000000 1.000000
0.998081 0.056654 0.024994 -0.000000 -0.055033 0.996597 -0.061365 31.180201 -0.028386 0.059872 0.997802 -6.470500 0.000000 0.000000 0.000000 1.000000
0.998205 0.052514 0.028792 0.000000 -0.049848 0.994997 -0.086580 31.180201 -0.033195 0.084989 0.995829 -6.470500 0.000000 0.000000 0.000000 1.000000
0.997654 0.056954 0.037993 0.000000 -0.052404 0.992373 -0.111578 31.180201 -0.044058 0.109325 0.993029 -6.470500 0.000000 0.000000 0.000000 1.000000
0.996865 0.063847 0.046738 0.000000 -0.057415 0.990116 -0.127962 31.180201 -0.054446 0.124878 0.990677 -6.470500 0.000000 0.000000 0.000000 1.000000
0.996238 0.070062 0.051001 0.000000 -0.062195 0.987885 -0.142183 31.180201 -0.060344 0.138476 0.988526 -6.470500 0.000000 0.000000 0.000000 1.000000
0.995936 0.073647 0.051841 -0.000000 -0.065107 0.986450 -0.150590 31.180201 -0.062229 0.146603 0.987236 -6.470500 0.000000 0.000000 0.000000 1.000000
0.995725 0.076760 0.051370 0.000000 -0.068327 0.986395 -0.149518 31.180201 -0.062148 0.145369 0.987424 -6.470500 0.000000 0.000000 0.000000 1.000000
0.995341 0.081586 0.051378 -0.000000 -0.073295 0.986485 -0.146547 31.180201 -0.062640 0.142099 0.987869 -6.470500 0.000000 0.000000 0.000000 1.000000
0.994783 0.087887 0.051793 0.000000 -0.079718 0.986523 -0.142889 31.180201 -0.063653 0.138015 0.988383 -6.470500 0.000000 0.000000 0.000000 1.000000
0.994192 0.094146 0.052139 -0.000000 -0.086103 0.986480 -0.139436 31.180201 -0.064561 0.134137 0.988857 -6.470500 0.000000 0.000000 0.000000 1.000000
0.993652 0.099560 0.052375 -0.000000 -0.091610 0.986337 -0.136919 31.180201 -0.065291 0.131252 0.989197 -6.470500 0.000000 0.000000 0.000000 1.000000
0.993143 0.104430 0.052544 0.000000 -0.096624 0.986276 -0.133882 31.180201 -0.065804 0.127887 0.989603 -6.470500 0.000000 0.000000 0.000000 1.000000
0.992640 0.108966 0.052836 -0.000000 -0.101271 0.986169 -0.131207 31.180201 -0.066402 0.124891 0.989946 -6.470500 0.000000 0.000000 0.000000 1.000000
0.992272 0.112212 0.052951 0.000000 -0.104603 0.986058 -0.129417 31.180201 -0.066735 0.122878 0.990175 -6.470500 0.000000 0.000000 0.000000 1.000000
0.991812 0.116034 0.053333 0.000000 -0.108434 0.985797 -0.128243 31.180201 -0.067456 0.121410 0.990308 -6.470500 0.000000 0.000000 0.000000 1.000000
0.991144 0.121203 0.054244 0.000000 -0.113481 0.985264 -0.127970 31.180201 -0.068955 0.120681 0.990294 -6.470500 0.000000 0.000000 0.000000 1.000000
0.990569 0.125618 0.054705 0.000000 -0.117743 0.984635 -0.128962 31.180201 -0.070065 0.121305 0.990139 -6.470500 0.000000 0.000000 0.000000 1.000000
0.990012 0.129795 0.055038 0.000000 -0.121670 0.983815 -0.131543 31.180201 -0.071221 0.123533 0.989781 -6.470500 0.000000 0.000000 0.000000 1.000000
0.989346 0.134455 0.055818 0.000000 -0.125972 0.982846 -0.134701 31.180201 -0.072972 0.126235 0.989313 -6.470500 0.000000 0.000000 0.000000 1.000000
0.988799 0.138225 0.056311 -0.000000 -0.129493 0.982089 -0.136869 31.180201 -0.074221 0.128044 0.988987 -6.470500 0.000000 0.000000 0.000000 1.000000
0.988480 0.140616 0.055987 -0.000000 -0.131803 0.981585 -0.138270 31.180201 -0.074399 0.129298 0.988811 -6.470500 0.000000 0.000000 0.000000 1.000000
0.988238 0.142616 0.055198 -0.000000 -0.133795 0.981131 -0.139571 31.180201 -0.074061 0.130544 0.988672 -6.470500 0.000000 0.000000 0.000000 1.000000
0.988101 0.143885 0.054345 0.000000 -0.135137 0.980891 -0.139968 31.180201 -0.073446 0.130958 0.988664 -6.470500 0.000000 0.000000 0.000000 1.000000
0.988364 0.142468 0.053293 0.000000 -0.133923 0.981162 -0.139233 31.180201 -0.072125 0.130476 0.988825 -6.470500 0.000000 0.000000 0.000000 1.000000
0.988855 0.139614 0.051702 -0.000000 -0.131364 0.981639 -0.138303 31.180201 -0.070062 0.129969 0.989040 -6.470500 0.000000 0.000000 0.000000 1.000000
0.989177 0.137994 0.049870 -0.000000 -0.130173 0.982161 -0.135703 31.180201 -0.067707 0.127743 0.989494 -6.470500 0.000000 0.000000 0.000000 1.000000
0.989597 0.135597 0.048067 0.000000 -0.128433 0.983225 -0.129513 31.180201 -0.064822 0.121992 0.990412 -6.470500 0.000000 0.000000 0.000000 1.000000
0.990612 0.128509 0.046612 0.000000 -0.122176 0.985250 -0.119817 31.180201 -0.061322 0.112998 0.991701 -6.470500 0.000000 0.000000 0.000000 1.000000
0.991877 0.118566 0.046057 0.000000 -0.113209 0.987975 -0.105306 31.180201 -0.057989 0.099236 0.993373 -6.470500 0.000000 0.000000 0.000000 1.000000
0.992302 0.114519 0.047141 0.000000 -0.110227 0.990237 -0.085324 31.180201 -0.056452 0.079471 0.995237 -6.470500 0.000000 0.000000 0.000000 1.000000</float_array><technique_common><accessor source="#Neck-Matrix-animation-output-transform-array" count="36" stride="16"><param type="float4x4"/></accessor></technique_common></source><source id="Neck-Interpolations"><Name_array id="Neck-Interpolations-array" count="36">
 LINEAR LINEAR LINEAR LINEAR LINEAR LINEAR LINEAR LINEAR LINEAR LINEAR LINEAR
LINEAR LINEAR LINEAR LINEAR LINEAR LINEAR LINEAR LINEAR LINEAR LINEAR LINEAR LINEAR
LINEAR LINEAR LINEAR LINEAR LINEAR LINEAR LINEAR LINEAR LINEAR LINEAR LINEAR LINEAR
LINEAR</Name_array><technique_common><accessor source="#Neck-Interpolations-array" count="36"><param type="name"/></accessor></technique_common></source><sampler id="Neck-Matrix-animation-transform"><input semantic="INPUT" source="#Neck-Matrix-animation-input"/><input semantic="OUTPUT" source="#Neck-Matrix-animation-output-transform"/><input semantic="INTERPOLATION" source="#Neck-Interpolations"/></sampler><channel source="#Neck-Matrix-animation-transform" target="Neck/matrix"/></animation>
    <animation id="Head-anim" name="Head"><source id="Head-Matrix-animation-input"><float_array id="Head-Matrix-animation-input-array" count="36">

0.000000 0.033333 0.066667 0.100000 0.133333 0.166667 0.200000 0.233333 0.266667 0.300000 0.333333 0.366667 0.400000 0.433333 0.466667 0.500000
0.533333 0.566667 0.600000 0.633333 0.666667 0.700000 0.733333 0.766667 0.800000 0.833333 0.866667 0.900000 0.933333 0.966667 1.000000 1.033333
1.066667 1.100000 1.133333 1.166667</float_array><technique_common><accessor source="#Head-Matrix-animation-input-array" count="36"><param name="TIME" type="float"/></accessor></technique_common></source><source id="Head-Matrix-animation-output-transform"><float_array id="Head-Matrix-animation-output-transform-array" count="576">

0.989236 -0.125570 0.075128 0.000000 0.118241 0.988418 0.095131 14.622000 -0.086204 -0.085223 0.992626 4.742600 0.000000 0.000000 0.000000 1.000000
0.988814 -0.133165 0.067187 0.000000 0.123421 0.983435 0.132752 14.622000 -0.083752 -0.122975 0.988869 4.742600 0.000000 0.000000 0.000000 1.000000
0.988731 -0.141185 0.049779 0.000000 0.129988 0.974604 0.182347 14.622000 -0.074259 -0.173821 0.981973 4.742600 0.000000 0.000000 0.000000 1.000000
0.989666 -0.140619 0.028077 -0.000000 0.130340 0.963782 0.232672 14.622000 -0.059778 -0.226608 0.972150 4.742600 0.000000 0.000000 0.000000 1.000000
0.991953 -0.125629 0.015705 -0.000000 0.116979 0.956888 0.265859 14.622000 -0.048427 -0.261882 0.963884 4.742600 0.000000 0.000000 0.000000 1.000000
0.994138 -0.106709 0.017374 0.000000 0.097827 0.956267 0.275652 14.622000 -0.046029 -0.272336 0.961101 4.742600 0.000000 0.000000 0.000000 1.000000
0.994683 -0.098691 0.029426 -0.000000 0.086586 0.956125 0.279872 14.622000 -0.055756 -0.275836 0.959586 4.742600 0.000000 0.000000 0.000000 1.000000
0.993082 -0.103216 0.055981 0.000000 0.083974 0.957538 0.275807 14.622000 -0.082072 -0.269198 0.959581 4.742600 0.000000 0.000000 0.000000 1.000000
0.987982 -0.119871 0.097586 0.000000 0.093334 0.965894 0.241530 14.622000 -0.123211 -0.229520 0.965474 4.742600 0.000000 0.000000 0.000000 1.000000
0.981459 -0.140430 0.130448 -0.000000 0.116567 0.977579 0.175360 14.622000 -0.152149 -0.156903 0.975824 4.742600 0.000000 0.000000 0.000000 1.000000
0.978732 -0.148363 0.141675 -0.000000 0.137245 0.986856 0.085314 14.622000 -0.152471 -0.064055 0.986230 4.742600 0.000000 0.000000 0.000000 1.000000
0.979236 -0.145612 0.141050 0.000000 0.142496 0.989278 0.031998 14.622000 -0.144197 -0.011235 0.989485 4.742600 0.000000 0.000000 0.000000 1.000000
0.980908 -0.139377 0.135620 0.000000 0.139317 0.990198 0.009982 14.622000 -0.135682 0.009103 0.990711 4.742600 0.000000 0.000000 0.000000 1.000000
0.982306 -0.132695 0.132159 0.000000 0.133071 0.991088 0.006022 14.622000 -0.131781 0.011671 0.991210 4.742600 0.000000 0.000000 0.000000 1.000000
0.983150 -0.130025 0.128493 0.000000 0.129604 0.991497 0.011670 14.622000 -0.128917 0.005179 0.991642 4.742600 0.000000 0.000000 0.000000 1.000000
0.983585 -0.131691 0.123359 -0.000000 0.130116 0.991281 0.020773 14.622000 -0.125019 -0.004381 0.992145 4.742600 0.000000 0.000000 0.000000 1.000000
0.983665 -0.136242 0.117645 0.000000 0.133739 0.990594 0.028948 14.622000 -0.120482 -0.012741 0.992634 4.742600 0.000000 0.000000 0.000000 1.000000
0.983609 -0.141668 0.111548 0.000000 0.138538 0.989725 0.035368 14.622000 -0.115412 -0.019335 0.993129 4.742600 0.000000 0.000000 0.000000 1.000000
0.983305 -0.147904 0.106000 0.000000 0.144340 0.988696 0.040586 14.622000 -0.110804 -0.024608 0.993538 4.742600 0.000000 0.000000 0.000000 1.000000
0.982799 -0.154911 0.100544 0.000000 0.151107 0.987517 0.044452 14.622000 -0.106175 -0.028495 0.993939 4.742600 0.000000 0.000000 0.000000 1.000000
