<?xml version="1.0" encoding="utf-8"?>
<COLLADA xmlns="http://www.collada.org/2005/11/COLLADASchema" version="1.4.1">
  <asset><contributor><author>Mixamo</author><authoring_tool>COLLADA Mixamo exporter</authoring_tool><comments></comments></contributor><created>2019-12-01T03:40:44Z</created><modified>2019-12-01T03:40:44Z</modified><revision></revision><title></title><unit meter="0.010000"/><up_axis>Y_UP</up_axis></asset>
  <library_animations>
    <animation id="Mutant_Hips-anim" name="Mutant_Hips"><source id="Mutant_Hips-Matrix-animation-input"><float_array id="Mutant_Hips-Matrix-animation-input-array" count="139">

0.000000 0.033333 0.066667 0.100000 0.133333 0.166667 0.200000 0.233333 0.266667 0.300000 0.333333 0.366667 0.400000 0.433333 0.466667 0.500000
0.533333 0.566667 0.600000 0.633333 0.666667 0.700000 0.733333 0.766667 0.800000 0.833333 0.866667 0.900000 0.933333 0.966667 1.000000 1.033333
1.066667 1.100000 1.133333 1.166667 1.200000 1.233333 1.266667 1.300000 1.333333 1.366667 1.400000 1.433333 1.466667 1.500000 1.533333 1.566667
1.600000 1.633333 1.666667 1.700000 1.733333 1.766667 1.800000 1.833333 1.866667 1.900000 1.933333 1.966667 2.000000 2.033333 2.066667 2.100000
2.133333 2.166667 2.200000 2.233333 2.266667 2.300000 2.333333 2.366667 2.400000 2.433333 2.466667 2.500000 2.533333 2.566667 2.600000 2.633333
2.666667 2.700000 2.733333 2.766667 2.800000 2.833333 2.866667 2.900000 2.933333 2.966667 3.000000 3.033333 3.066667 3.100000 3.133333 3.166667
3.200000 3.233333 3.266667 3.300000 3.333333 3.366667 3.400000 3.433333 3.466667 3.500000 3.533333 3.566667 3.600000 3.633333 3.666667 3.700000
3.733333 3.766667 3.800000 3.833333 3.866667 3.900000 3.933333 3.966667 4.000000 4.033333 4.066667 4.100000 4.133333 4.166667 4.200000 4.233333
4.266667 4.300000 4.333333 4.366667 4.400000 4.433333 4.466667 4.500000 4.533333 4.566667 4.600000</float_array><technique_common><accessor source="#Mutant_Hips-Matrix-animation-input-array" count="139"><param name="TIME" type="float"/></accessor></technique_common></source><source id="Mutant_Hips-Matrix-animation-output-transform"><float_array id="Mutant_Hips-Matrix-animation-output-transform-array" count="2224">

0.999758 0.018900 0.011216 -0.000004 -0.018950 0.999811 0.004403 80.533012 -0.011130 -0.004615 0.999927 -0.000001 0.000000 0.000000 0.000000 1.000000
0.999750 0.019233 0.011386 0.005753 -0.019282 0.999805 0.004225 80.529785 -0.011303 -0.004443 0.999926 0.015697 0.000000 0.000000 0.000000 1.000000
0.999735 0.019616 0.012070 0.010220 -0.019663 0.999799 0.003820 80.528633 -0.011993 -0.004056 0.999920 0.030642 0.000000 0.000000 0.000000 1.000000
0.999721 0.020050 0.012476 0.011435 -0.020093 0.999792 0.003374 80.530472 -0.012405 -0.003624 0.999916 0.045395 0.000000 0.000000 0.000000 1.000000
0.999705 0.020358 0.013237 0.013012 -0.020399 0.999787 0.002995 80.536331 -0.013173 -0.003264 0.999908 0.059622 0.000000 0.000000 0.000000 1.000000
0.999689 0.020839 0.013663 0.011612 -0.020880 0.999778 0.002829 80.544304 -0.013601 -0.003113 0.999903 0.071652 0.000000 0.000000 0.000000 1.000000
0.999676 0.021126 0.014190 0.013269 -0.021168 0.999772 0.002837 80.557358 -0.014127 -0.003136 0.999895 0.075182 0.000000 0.000000 0.000000 1.000000
0.999672 0.021437 0.014034 0.019179 -0.021485 0.999764 0.003277 80.574234 -0.013961 -0.003578 0.999896 0.076338 0.000000 0.000000 0.000000 1.000000
0.999682 0.021545 0.013105 0.028430 -0.021598 0.999759 0.003949 80.594215 -0.013016 -0.004231 0.999906 0.072150 0.000000 0.000000 0.000000 1.000000
0.999703 0.021643 0.011203 0.042668 -0.021695 0.999755 0.004464 80.615906 -0.011103 -0.004706 0.999927 0.059108 0.000000 0.000000 0.000000 1.000000
0.999731 0.021613 0.008464 0.064398 -0.021661 0.999749 0.005679 80.636826 -0.008339 -0.005861 0.999948 0.033832 0.000000 0.000000 0.000000 1.000000
0.999771 0.020927 0.004455 0.095111 -0.020957 0.999757 0.006851 80.648872 -0.004310 -0.006943 0.999967 -0.017682 0.000000 0.000000 0.000000 1.000000
0.999778 0.021023 0.001641 0.126754 -0.021035 0.999749 0.007685 80.649323 -0.001479 -0.007717 0.999969 -0.088586 0.000000 0.000000 0.000000 1.000000
0.999760 0.021920 -0.000643 0.164570 -0.021914 0.999724 0.008504 80.645248 0.000829 -0.008488 0.999964 -0.203386 0.000000 0.000000 0.000000 1.000000
0.999732 0.023073 -0.001611 0.195672 -0.023058 0.999696 0.008746 80.639938 0.001812 -0.008706 0.999960 -0.384515 0.000000 0.000000 0.000000 1.000000
0.999709 0.024024 -0.002218 0.235400 -0.024002 0.999667 0.009458 80.661179 0.002444 -0.009402 0.999953 -0.673827 0.000000 0.000000 0.000000 1.000000
0.999623 0.027419 -0.001343 0.259657 -0.027407 0.999586 0.008711 80.714020 0.001582 -0.008671 0.999961 -0.716516 0.000000 0.000000 0.000000 1.000000
0.999643 0.026698 -0.000540 0.306110 -0.026693 0.999615 0.007625 80.703331 0.000743 -0.007608 0.999971 -0.671015 0.000000 0.000000 0.000000 1.000000
0.999506 0.028131 0.013998 0.236018 -0.028148 0.999603 0.000976 80.315407 -0.013965 -0.001370 0.999902 -0.519963 0.000000 0.000000 0.000000 1.000000
0.998915 0.032169 0.033664 0.089483 -0.032178 0.999482 -0.000269 79.490379 -0.033655 -0.000815 0.999433 -0.325368 0.000000 0.000000 0.000000 1.000000
0.998166 0.033248 0.050581 -0.056624 -0.033272 0.999446 -0.000361 78.308434 -0.050565 -0.001323 0.998720 -0.072663 0.000000 0.000000 0.000000 1.000000
0.997578 0.034735 0.060255 -0.176861 -0.034675 0.999397 -0.002045 77.280884 -0.060290 -0.000049 0.998181 0.211976 0.000000 0.000000 0.000000 1.000000
0.995267 0.037750 0.089550 -0.301497 -0.037387 0.999284 -0.005730 76.418083 -0.089702 0.002355 0.995966 0.504870 0.000000 0.000000 0.000000 1.000000
0.993618 0.029126 0.108972 -0.482919 -0.028478 0.999566 -0.007499 75.252800 -0.109143 0.004348 0.994017 0.779476 0.000000 0.000000 0.000000 1.000000
0.994238 0.019119 0.105480 -0.607113 -0.018521 0.999806 -0.006653 74.154961 -0.105587 0.004661 0.994399 1.035869 0.000000 0.000000 0.000000 1.000000
0.995093 0.018067 0.097284 -0.655323 -0.017724 0.999833 -0.004385 73.282150 -0.097347 0.002639 0.995247 1.260048 0.000000 0.000000 0.000000 1.000000
0.996022 0.017017 0.087462 -0.692194 -0.017170 0.999852 0.001001 72.424103 -0.087432 -0.002499 0.996167 1.439741 0.000000 0.000000 0.000000 1.000000
0.997040 0.017157 0.074944 -0.721954 -0.017859 0.999803 0.008698 71.536247 -0.074780 -0.010011 0.997150 1.587222 0.000000 0.000000 0.000000 1.000000
0.996716 0.018663 0.078799 -0.748836 -0.020096 0.999646 0.017428 70.806618 -0.078446 -0.018954 0.996738 1.707406 0.000000 0.000000 0.000000 1.000000
0.996276 0.019668 0.083952 -0.787900 -0.022079 0.999367 0.027889 70.497002 -0.083351 -0.029639 0.996079 1.777980 0.000000 0.000000 0.000000 1.000000
0.996369 0.014152 0.083951 -0.878785 -0.017625 0.999013 0.040765 70.315132 -0.083291 -0.042097 0.995636 1.795205 0.000000 0.000000 0.000000 1.000000
0.995728 0.013928 0.091281 -0.930601 -0.018933 0.998351 0.054195 70.258362 -0.090375 -0.055692 0.994349 1.759840 0.000000 0.000000 0.000000 1.000000
0.995314 0.009856 0.096194 -1.023739 -0.016568 0.997463 0.069230 70.318085 -0.095267 -0.070500 0.992952 1.660417 0.000000 0.000000 0.000000 1.000000
0.994779 0.007921 0.101749 -1.099746 -0.016815 0.996079 0.086859 70.450027 -0.100662 -0.088116 0.991011 1.476432 0.000000 0.000000 0.000000 1.000000
0.994084 0.007496 0.108357 -1.162187 -0.019325 0.993905 0.108536 70.640724 -0.106883 -0.109988 0.988169 1.182024 0.000000 0.000000 0.000000 1.000000
0.993641 0.007944 0.112315 -1.213654 -0.022359 0.991564 0.127677 70.891251 -0.110353 -0.129376 0.985436 0.819650 0.000000 0.000000 0.000000 1.000000
0.993182 0.008389 0.116272 -1.258413 -0.025309 0.989134 0.144820 71.173920 -0.113794 -0.146775 0.982603 0.382329 0.000000 0.000000 0.000000 1.000000
0.993158 0.008680 0.116451 -1.309955 -0.027752 0.986206 0.163178 71.466721 -0.113428 -0.165294 0.979700 -0.158068 0.000000 0.000000 0.000000 1.000000
0.993004 0.008523 0.117771 -1.367485 -0.030465 0.982115 0.185799 71.755783 -0.114082 -0.188087 0.975504 -0.837091 0.000000 0.000000 0.000000 1.000000
0.992721 0.010005 0.120022 -1.412601 -0.034657 0.978124 0.205116 72.029747 -0.115344 -0.207782 0.971351 -1.607652 0.000000 0.000000 0.000000 1.000000
0.992477 0.008262 0.122154 -1.488742 -0.035354 0.974557 0.221335 72.284866 -0.117217 -0.223989 0.967517 -2.471520 0.000000 0.000000 0.000000 1.000000
0.992310 0.004500 0.123699 -1.576735 -0.034668 0.969447 0.242839 72.472832 -0.118826 -0.245260 0.962147 -3.506035 0.000000 0.000000 0.000000 1.000000
0.991963 -0.002299 0.126507 -1.690532 -0.031100 0.964733 0.261388 72.606979 -0.122646 -0.263222 0.956908 -4.648921 0.000000 0.000000 0.000000 1.000000
0.991105 -0.007651 0.132863 -1.793236 -0.030690 0.958298 0.284117 72.652290 -0.129497 -0.285667 0.949539 -5.979374 0.000000 0.000000 0.000000 1.000000
0.989948 -0.012653 0.140866 -1.888730 -0.031175 0.951972 0.304595 72.599777 -0.137954 -0.305925 0.942008 -7.439973 0.000000 0.000000 0.000000 1.000000
0.988684 -0.017012 0.149045 -1.978063 -0.032980 0.944591 0.326588 72.422119 -0.146342 -0.327807 0.933341 -9.075687 0.000000 0.000000 0.000000 1.000000
0.987192 -0.020979 0.158153 -2.068457 -0.036491 0.935345 0.351850 72.110519 -0.155309 -0.353115 0.922599 -10.911514 0.000000 0.000000 0.000000 1.000000
0.986030 -0.023649 0.164879 -2.157784 -0.041303 0.924241 0.379569 71.660149 -0.161364 -0.381076 0.910353 -12.951015 0.000000 0.000000 0.000000 1.000000
0.984332 -0.027402 0.174184 -2.262681 -0.045770 0.914283 0.402483 71.101677 -0.170282 -0.404149 0.898703 -15.233420 0.000000 0.000000 0.000000 1.000000
0.982715 -0.030641 0.182572 -2.363827 -0.051188 0.902782 0.427042 70.264206 -0.177907 -0.429006 0.885609 -17.946995 0.000000 0.000000 0.000000 1.000000
0.981952 -0.033758 0.186094 -2.466552 -0.055492 0.889213 0.454115 68.964066 -0.180807 -0.456246 0.871291 -21.046738 0.000000 0.000000 0.000000 1.000000
0.981188 -0.039772 0.188912 -2.584112 -0.058398 0.871558 0.486802 66.983383 -0.184009 -0.488676 0.852840 -24.496737 0.000000 0.000000 0.000000 1.000000
0.979354 -0.047506 0.196489 -2.716572 -0.063774 0.849750 0.523313 64.124420 -0.191827 -0.525040 0.829177 -28.223148 0.000000 0.000000 0.000000 1.000000
0.977328 -0.051285 0.205428 -2.822645 -0.074033 0.826209 0.558478 60.234135 -0.198368 -0.561024 0.803680 -32.124943 0.000000 0.000000 0.000000 1.000000
0.975997 -0.056045 0.210450 -2.945669 -0.083921 0.794912 0.600892 54.885578 -0.200966 -0.604130 0.771129 -36.207470 0.000000 0.000000 0.000000 1.000000
0.974738 -0.060226 0.215078 -3.082308 -0.096853 0.753738 0.649999 47.960278 -0.201259 -0.654409 0.728864 -40.412968 0.000000 0.000000 0.000000 1.000000
0.971943 -0.068007 0.225172 -3.247957 -0.111210 0.710679 0.694671 41.302017 -0.207268 -0.700221 0.683176 -44.572407 0.000000 0.000000 0.000000 1.000000
0.970143 -0.076700 0.230087 -3.419708 -0.124777 0.655659 0.744676 34.631393 -0.207975 -0.751151 0.626513 -48.718269 0.000000 0.000000 0.000000 1.000000
0.968133 -0.079417 0.237512 -3.536734 -0.144890 0.595932 0.789856 28.341263 -0.204269 -0.799099 0.565434 -52.703716 0.000000 0.000000 0.000000 1.000000
0.966576 -0.083946 0.242248 -3.665731 -0.160203 0.539939 0.826318 22.361832 -0.200165 -0.837508 0.508444 -56.410069 0.000000 0.000000 0.000000 1.000000
0.968679 -0.080067 0.235053 -3.695189 -0.169608 0.478036 0.861809 18.668072 -0.181366 -0.874683 0.449484 -59.893700 0.000000 0.000000 0.000000 1.000000
0.974422 -0.062108 0.215972 -3.655988 -0.171710 0.414208 0.893838 21.882339 -0.144972 -0.908061 0.392949 -63.478817 0.000000 0.000000 0.000000 1.000000
0.979357 -0.044257 0.197234 -3.644001 -0.170209 0.345769 0.922753 24.912733 -0.109035 -0.937275 0.331099 -67.277390 0.000000 0.000000 0.000000 1.000000
0.979820 -0.034056 0.196960 -3.905059 -0.184653 0.223038 0.957161 28.026663 -0.076527 -0.974215 0.212249 -70.694267 0.000000 0.000000 0.000000 1.000000
0.980162 -0.031276 0.195717 -4.017743 -0.194525 0.037482 0.980181 30.238361 -0.037992 -0.998808 0.030655 -72.761688 0.000000 0.000000 0.000000 1.000000
0.981329 -0.028326 0.190239 -4.037240 -0.191780 -0.068960 0.979012 32.248264 -0.014612 -0.997217 -0.073104 -74.156052 0.000000 0.000000 0.000000 1.000000
0.979264 -0.037289 0.199126 -4.128273 -0.202146 -0.115038 0.972576 33.880486 -0.013360 -0.992661 -0.120191 -75.736526 0.000000 0.000000 0.000000 1.000000
0.976855 -0.061870 0.204759 -4.504673 -0.213538 -0.226267 0.950371 33.597740 -0.012469 -0.972098 -0.234242 -78.023003 0.000000 0.000000 0.000000 1.000000
0.976192 -0.069354 0.205520 -4.624941 -0.216777 -0.344701 0.913340 31.805065 0.007499 -0.936147 -0.351528 -80.538040 0.000000 0.000000 0.000000 1.000000
0.975326 -0.074111 0.207959 -4.515986 -0.220462 -0.376710 0.899714 29.809284 0.011661 -0.923362 -0.383754 -82.879967 0.000000 0.000000 0.000000 1.000000
0.973974 -0.078258 0.212723 -4.547627 -0.226522 -0.368908 0.901440 27.494627 0.007930 -0.926166 -0.377034 -84.908882 0.000000 0.000000 0.000000 1.000000
0.970918 -0.079781 0.225730 -4.572557 -0.239279 -0.355064 0.903701 24.791819 0.008050 -0.931432 -0.363827 -86.325600 0.000000 0.000000 0.000000 1.000000
0.967590 -0.080909 0.239215 -4.635228 -0.252424 -0.336969 0.907047 21.881725 0.007219 -0.938033 -0.346471 -87.152962 0.000000 0.000000 0.000000 1.000000
0.964929 -0.079308 0.250246 -4.490890 -0.262441 -0.313641 0.912554 18.975952 0.006114 -0.946224 -0.323455 -87.597946 0.000000 0.000000 0.000000 1.000000
0.964213 -0.073655 0.254691 -4.195545 -0.265084 -0.285271 0.921060 15.856713 0.004815 -0.955613 -0.294586 -87.651253 0.000000 0.000000 0.000000 1.000000
0.964551 -0.069747 0.254512 -4.046255 -0.263895 -0.253598 0.930617 15.406760 -0.000364 -0.964792 -0.263014 -87.655396 0.000000 0.000000 0.000000 1.000000
0.965458 -0.066549 0.251916 -4.032511 -0.260376 -0.210255 0.942336 16.046234 -0.009745 -0.975379 -0.220320 -87.635178 0.000000 0.000000 0.000000 1.000000
0.968568 -0.065606 0.239941 -3.958309 -0.247342 -0.151570 0.957000 16.421518 -0.026417 -0.986267 -0.163033 -87.560608 0.000000 0.000000 0.000000 1.000000
0.972935 -0.060511 0.223014 -3.862398 -0.227988 -0.094090 0.969107 16.704121 -0.037658 -0.993723 -0.105339 -87.395447 0.000000 0.000000 0.000000 1.000000
0.977066 -0.058631 0.204706 -4.006926 -0.207523 -0.046800 0.977110 16.765615 -0.047709 -0.997182 -0.057894 -87.190613 0.000000 0.000000 0.000000 1.000000
0.981099 -0.056472 0.185082 -4.266373 -0.186401 -0.019010 0.982290 16.687607 -0.051954 -0.998223 -0.029177 -86.953987 0.000000 0.000000 0.000000 1.000000
0.983960 -0.052880 0.170374 -4.328642 -0.171143 -0.010331 0.985192 16.750269 -0.050337 -0.998547 -0.019216 -86.721603 0.000000 0.000000 0.000000 1.000000
0.985551 -0.054898 0.160238 -4.446331 -0.160993 -0.009603 0.986909 16.930532 -0.052641 -0.998446 -0.018302 -86.519501 0.000000 0.000000 0.000000 1.000000
0.986906 -0.056116 0.151218 -4.636085 -0.151714 -0.004662 0.988413 17.102327 -0.054761 -0.998413 -0.013114 -86.377380 0.000000 0.000000 0.000000 1.000000
0.987977 -0.057081 0.143677 -4.805464 -0.143515 0.006944 0.989624 17.180828 -0.057487 -0.998345 -0.001332 -86.318123 0.000000 0.000000 0.000000 1.000000
0.988755 -0.057817 0.137918 -4.928568 -0.137149 0.017086 0.990403 17.135098 -0.059618 -0.998181 0.008964 -86.312317 0.000000 0.000000 0.000000 1.000000
0.989361 -0.056546 0.134043 -4.966811 -0.132888 0.023731 0.990847 17.044813 -0.059209 -0.998118 0.015965 -86.317520 0.000000 0.000000 0.000000 1.000000
0.989658 -0.054693 0.132615 -4.975316 -0.131373 0.025728 0.990999 16.944510 -0.057613 -0.998172 0.018276 -86.329330 0.000000 0.000000 0.000000 1.000000
0.989722 -0.052301 0.133098 -4.953464 -0.132024 0.023491 0.990968 16.859394 -0.054955 -0.998355 0.016344 -86.355370 0.000000 0.000000 0.000000 1.000000
0.989433 -0.051960 0.135361 -4.947987 -0.134582 0.018214 0.990735 16.806007 -0.053944 -0.998483 0.011029 -86.388390 0.000000 0.000000 0.000000 1.000000
0.988961 -0.052689 0.138488 -4.940542 -0.137974 0.013301 0.990347 16.773561 -0.054023 -0.998522 0.005885 -86.423004 0.000000 0.000000 0.000000 1.000000
0.988318 -0.052510 0.143075 -4.900915 -0.142699 0.010854 0.989707 16.738045 -0.053523 -0.998561 0.003235 -86.454491 0.000000 0.000000 0.000000 1.000000
0.987662 -0.051258 0.147976 -4.824802 -0.147575 0.011554 0.988983 16.714132 -0.052403 -0.998619 0.003847 -86.479080 0.000000 0.000000 0.000000 1.000000
0.987168 -0.050441 0.151507 -4.713575 -0.150973 0.014258 0.988435 16.701607 -0.052018 -0.998625 0.006459 -86.493896 0.000000 0.000000 0.000000 1.000000
0.986675 -0.049840 0.154883 -4.621472 -0.154238 0.016571 0.987895 16.707520 -0.051803 -0.998620 0.008663 -86.499123 0.000000 0.000000 0.000000 1.000000
0.986427 -0.049381 0.156599 -4.549325 -0.155864 0.018417 0.987607 16.731989 -0.051653 -0.998610 0.010471 -86.497993 0.000000 0.000000 0.000000 1.000000
0.986292 -0.049669 0.157357 -4.515719 -0.156562 0.019529 0.987475 16.756756 -0.052120 -0.998575 0.011485 -86.508492 0.000000 0.000000 0.000000 1.000000
0.986215 -0.049701 0.157829 -4.505086 -0.156971 0.020741 0.987385 16.778549 -0.052348 -0.998549 0.012654 -86.495728 0.000000 0.000000 0.000000 1.000000
0.986217 -0.049794 0.157788 -4.514709 -0.156861 0.022031 0.987375 16.789913 -0.052641 -0.998517 0.013917 -86.487549 0.000000 0.000000 0.000000 1.000000
0.986250 -0.049983 0.157518 -4.542916 -0.156531 0.023107 0.987403 16.795012 -0.052993 -0.998483 0.014966 -86.483444 0.000000 0.000000 0.000000 1.000000
0.986351 -0.049985 0.156886 -4.573943 -0.155881 0.023421 0.987498 16.792469 -0.053034 -0.998475 0.015310 -86.484795 0.000000 0.000000 0.000000 1.000000
0.986475 -0.049746 0.156179 -4.605034 -0.155199 0.023014 0.987615 16.782711 -0.052724 -0.998497 0.014983 -86.490082 0.000000 0.000000 0.000000 1.000000
0.986567 -0.049318 0.155737 -4.634714 -0.154790 0.022494 0.987691 16.774672 -0.052214 -0.998530 0.014558 -86.496048 0.000000 0.000000 0.000000 1.000000
0.986666 -0.048845 0.155256 -4.654572 -0.154343 0.021972 0.987773 16.771030 -0.051659 -0.998565 0.014140 -86.500343 0.000000 0.000000 0.000000 1.000000
0.986791 -0.048212 0.154656 -4.663909 -0.153773 0.021546 0.987871 16.770277 -0.050960 -0.998605 0.013848 -86.501633 0.000000 0.000000 0.000000 1.000000
0.986885 -0.047763 0.154196 -4.665577 -0.153308 0.021740 0.987939 16.770132 -0.050539 -0.998622 0.014132 -86.500877 0.000000 0.000000 0.000000 1.000000
0.986915 -0.047789 0.153996 -4.663996 -0.153094 0.022030 0.987966 16.772181 -0.050606 -0.998614 0.014426 -86.498779 0.000000 0.000000 0.000000 1.000000
0.986913 -0.048022 0.153935 -4.661970 -0.153009 0.022418 0.987970 16.776018 -0.050895 -0.998595 0.014777 -86.495674 0.000000 0.000000 0.000000 1.000000
0.986886 -0.048308 0.154023 -4.663329 -0.153072 0.022818 0.987952 16.778006 -0.051240 -0.998572 0.015124 -86.491142 0.000000 0.000000 0.000000 1.000000
0.986839 -0.048497 0.154262 -4.661972 -0.153290 0.023194 0.987909 16.777864 -0.051489 -0.998554 0.015454 -86.488487 0.000000 0.000000 0.000000 1.000000
0.986810 -0.048517 0.154442 -4.661733 -0.153460 0.023384 0.987878 16.776421 -0.051541 -0.998549 0.015630 -86.487129 0.000000 0.000000 0.000000 1.000000
0.986784 -0.048466 0.154623 -4.660545 -0.153639 0.023436 0.987849 16.774456 -0.051501 -0.998550 0.015681 -86.487068 0.000000 0.000000 0.000000 1.000000
0.986766 -0.048384 0.154765 -4.659665 -0.153782 0.023458 0.987826 16.770906 -0.051426 -0.998553 0.015707 -86.488274 0.000000 0.000000 0.000000 1.000000
0.986733 -0.048245 0.155017 -4.658204 -0.154034 0.023494 0.987786 16.768980 -0.051298 -0.998559 0.015751 -86.489738 0.000000 0.000000 0.000000 1.000000
0.986699 -0.048155 0.155263 -4.656518 -0.154278 0.023551 0.987747 16.768545 -0.051221 -0.998562 0.015808 -86.490837 0.000000 0.000000 0.000000 1.000000
0.986681 -0.048108 0.155388 -4.656263 -0.154401 0.023620 0.987726 16.768085 -0.051188 -0.998563 0.015877 -86.490379 0.000000 0.000000 0.000000 1.000000
0.986681 -0.048097 0.155396 -4.657297 -0.154404 0.023724 0.987723 16.767408 -0.051193 -0.998561 0.015982 -86.489082 0.000000 0.000000 0.000000 1.000000
0.986703 -0.048149 0.155237 -4.656429 -0.154241 0.023772 0.987747 16.767185 -0.051250 -0.998557 0.016030 -86.488808 0.000000 0.000000 0.000000 1.000000
0.986730 -0.048359 0.155001 -4.655070 -0.153999 0.023827 0.987784 16.764666 -0.051462 -0.998546 0.016064 -86.487999 0.000000 0.000000 0.000000 1.000000
0.986757 -0.048605 0.154755 -4.653364 -0.153742 0.023955 0.987821 16.762173 -0.051720 -0.998531 0.016165 -86.487640 0.000000 0.000000 0.000000 1.000000
0.986769 -0.048575 0.154684 -4.654182 -0.153661 0.024156 0.987828 16.763180 -0.051720 -0.998527 0.016373 -86.487885 0.000000 0.000000 0.000000 1.000000
0.986796 -0.048547 0.154523 -4.654459 -0.153490 0.024352 0.987850 16.765121 -0.051720 -0.998524 0.016579 -86.488899 0.000000 0.000000 0.000000 1.000000
0.986808 -0.048517 0.154457 -4.655440 -0.153414 0.024554 0.987857 16.767632 -0.051720 -0.998521 0.016786 -86.489372 0.000000 0.000000 0.000000 1.000000
0.986813 -0.048481 0.154433 -4.657063 -0.153379 0.024783 0.987857 16.771044 -0.051720 -0.998517 0.017020 -86.489677 0.000000 0.000000 0.000000 1.000000
0.986816 -0.048472 0.154418 -4.660633 -0.153360 0.024843 0.987858 16.774597 -0.051720 -0.998516 0.017082 -86.489418 0.000000 0.000000 0.000000 1.000000
0.986817 -0.048471 0.154413 -4.663752 -0.153356 0.024849 0.987859 16.778603 -0.051720 -0.998515 0.017088 -86.489113 0.000000 0.000000 0.000000 1.000000
0.986816 -0.048477 0.154418 -4.665070 -0.153362 0.024812 0.987858 16.781487 -0.051720 -0.998516 0.017050 -86.489342 0.000000 0.000000 0.000000 1.000000
0.986813 -0.048497 0.154426 -4.665497 -0.153377 0.024686 0.987859 16.781322 -0.051720 -0.998518 0.016922 -86.489540 0.000000 0.000000 0.000000 1.000000
0.986810 -0.048528 0.154435 -4.666269 -0.153396 0.024481 0.987862 16.780256 -0.051720 -0.998522 0.016714 -86.489494 0.000000 0.000000 0.000000 1.000000
0.986807 -0.048544 0.154451 -4.666510 -0.153416 0.024378 0.987861 16.778744 -0.051720 -0.998524 0.016609 -86.489456 0.000000 0.000000 0.000000 1.000000
0.986804 -0.048544 0.154470 -4.666317 -0.153435 0.024379 0.987858 16.777086 -0.051720 -0.998524 0.016609 -86.489479 0.000000 0.000000 0.000000 1.000000
0.986802 -0.048543 0.154484 -4.666436 -0.153450 0.024379 0.987856 16.776268 -0.051720 -0.998524 0.016609 -86.489235 0.000000 0.000000 0.000000 1.000000
0.986801 -0.048543 0.154491 -4.666763 -0.153456 0.024380 0.987855 16.776138 -0.051720 -0.998524 0.016609 -86.489128 0.000000 0.000000 0.000000 1.000000
0.986802 -0.048543 0.154486 -4.667549 -0.153452 0.024380 0.987855 16.775608 -0.051720 -0.998524 0.016609 -86.488632 0.000000 0.000000 0.000000 1.000000
0.986804 -0.048544 0.154468 -4.668626 -0.153434 0.024379 0.987858 16.774595 -0.051720 -0.998524 0.016609 -86.487839 0.000000 0.000000 0.000000 1.000000
0.986810 -0.048544 0.154433 -4.669420 -0.153398 0.024377 0.987864 16.773453 -0.051720 -0.998524 0.016609 -86.487061 0.000000 0.000000 0.000000 1.000000
0.986822 -0.048546 0.154354 -4.669259 -0.153320 0.024373 0.987876 16.770494 -0.051720 -0.998524 0.016609 -86.486092 0.000000 0.000000 0.000000 1.000000
0.986849 -0.048551 0.154184 -4.667157 -0.153150 0.024365 0.987903 16.766838 -0.051720 -0.998524 0.016609 -86.485283 0.000000 0.000000 0.000000 1.000000
0.986849 -0.048551 0.154184 -4.665739 -0.153150 0.024365 0.987903 16.763779 -0.051720 -0.998524 0.016609 -86.484924 0.000000 0.000000 0.000000 1.000000</float_array><technique_common><accessor source="#Mutant_Hips-Matrix-animation-output-transform-array" count="139" stride="16"><param type="float4x4"/></accessor></technique_common></source><source id="Mutant_Hips-Interpolations"><Name_array id="Mutant_Hips-Interpolations-array" count="139">
 LINEAR LINEAR LINEAR LINEAR LINEAR LINEAR LINEAR LINEAR LINEAR LINEAR LINEAR
LINEAR LINEAR LINEAR LINEAR LINEAR LINEAR LINEAR LINEAR LINEAR LINEAR LINEAR LINEAR
LINEAR LINEAR LINEAR LINEAR LINEAR LINEAR LINEAR LINEAR LINEAR LINEAR LINEAR LINEAR
LINEAR LINEAR LINEAR LINEAR LINEAR LINEAR LINEAR LINEAR LINEAR LINEAR LINEAR LINEAR
LINEAR LINEAR LINEAR LINEAR LINEAR LINEAR LINEAR LINEAR LINEAR LINEAR LINEAR LINEAR
LINEAR LINEAR LINEAR LINEAR LINEAR LINEAR LINEAR LINEAR LINEAR LINEAR LINEAR LINEAR
LINEAR LINEAR LINEAR LINEAR LINEAR LINEAR LINEAR LINEAR LINEAR LINEAR LINEAR LINEAR
LINEAR LINEAR LINEAR LINEAR LINEAR LINEAR LINEAR LINEAR LINEAR LINEAR LINEAR LINEAR
LINEAR LINEAR LINEAR LINEAR LINEAR LINEAR LINEAR LINEAR LINEAR LINEAR LINEAR LINEAR
LINEAR LINEAR LINEAR LINEAR LINEAR LINEAR LINEAR LINEAR LINEAR LINEAR LINEAR LINEAR
LINEAR LINEAR LINEAR LINEAR LINEAR LINEAR LINEAR LINEAR LINEAR LINEAR LINEAR LINEAR
LINEAR LINEAR LINEAR LINEAR LINEAR LINEAR LINEAR LINEAR</Name_array><technique_common><accessor source="#Mutant_Hips-Interpolations-array" count="139"><param type="name"/></accessor></technique_common></source><sampler id="Mutant_Hips-Matrix-animation-transform"><input semantic="INPUT" source="#Mutant_Hips-Matrix-animation-input"/><input semantic="OUTPUT" source="#Mutant_Hips-Matrix-animation-output-transform"/><input semantic="INTERPOLATION" source="#Mutant_Hips-Interpolations"/></sampler><channel source="#Mutant_Hips-Matrix-animation-transform" target="Mutant_Hips/matrix"/></animation>
    <animation id="Mutant_Spine-anim" name="Mutant_Spine"><source id="Mutant_Spine-Matrix-animation-input"><float_array id="Mutant_Spine-Matrix-animation-input-array" count="139">

0.000000 0.033333 0.066667 0.100000 0.133333 0.166667 0.200000 0.233333 0.266667 0.300000 0.333333 0.366667 0.400000 0.433333 0.466667 0.500000
0.533333 0.566667 0.600000 0.633333 0.666667 0.700000 0.733333 0.766667 0.800000 0.833333 0.866667 0.900000 0.933333 0.966667 1.000000 1.033333
1.066667 1.100000 1.133333 1.166667 1.200000 1.233333 1.266667 1.300000 1.333333 1.366667 1.400000 1.433333 1.466667 1.500000 1.533333 1.566667
1.600000 1.633333 1.666667 1.700000 1.733333 1.766667 1.800000 1.833333 1.866667 1.900000 1.933333 1.966667 2.000000 2.033333 2.066667 2.100000
2.133333 2.166667 2.200000 2.233333 2.266667 2.300000 2.333333 2.366667 2.400000 2.433333 2.466667 2.500000 2.533333 2.566667 2.600000 2.633333
2.666667 2.700000 2.733333 2.766667 2.800000 2.833333 2.866667 2.900000 2.933333 2.966667 3.000000 3.033333 3.066667 3.100000 3.133333 3.166667
3.200000 3.233333 3.266667 3.300000 3.333333 3.366667 3.400000 3.433333 3.466667 3.500000 3.533333 3.566667 3.600000 3.633333 3.666667 3.700000
3.733333 3.766667 3.800000 3.833333 3.866667 3.900000 3.933333 3.966667 4.000000 4.033333 4.066667 4.100000 4.133333 4.166667 4.200000 4.233333
4.266667 4.300000 4.333333 4.366667 4.400000 4.433333 4.466667 4.500000 4.533333 4.566667 4.600000</float_array><technique_common><accessor source="#Mutant_Spine-Matrix-animation-input-array" count="139"><param name="TIME" type="float"/></accessor></technique_common></source><source id="Mutant_Spine-Matrix-animation-output-transform"><float_array id="Mutant_Spine-Matrix-animation-output-transform-array" count="2224">

0.999969 -0.006463 0.004391 0.000000 0.007447 0.958360 -0.285464 10.763900 -0.002363 0.285488 0.958379 1.243500 0.000000 0.000000 0.000000 1.000000
0.999970 -0.006508 0.004239 -0.000000 0.007447 0.958401 -0.285328 10.763900 -0.002206 0.285350 0.958421 1.243500 0.000000 0.000000 0.000000 1.000000
0.999970 -0.006579 0.004003 -0.000000 0.007447 0.958467 -0.285106 10.763900 -0.001962 0.285127 0.958488 1.243500 0.000000 0.000000 0.000000 1.000000
0.999971 -0.006631 0.003827 0.000000 0.007447 0.958487 -0.285040 10.763900 -0.001778 0.285060 0.958508 1.243500 0.000000 0.000000 0.000000 1.000000
0.999971 -0.006695 0.003612 -0.000000 0.007447 0.958493 -0.285018 10.763900 -0.001554 0.285037 0.958515 1.243500 0.000000 0.000000 0.000000 1.000000
0.999971 -0.006740 0.003462 -0.000000 0.007447 0.958491 -0.285027 10.763900 -0.001397 0.285045 0.958513 1.243500 0.000000 0.000000 0.000000 1.000000
0.999971 -0.006760 0.003393 0.000000 0.007447 0.958474 -0.285083 10.763900 -0.001325 0.285100 0.958497 1.243500 0.000000 0.000000 0.000000 1.000000
0.999971 -0.006775 0.003342 0.000000 0.007447 0.958404 -0.285319 10.763900 -0.001269 0.285335 0.958427 1.243500 0.000000 0.000000 0.000000 1.000000
0.999971 -0.006749 0.003428 0.000000 0.007447 0.958328 -0.285573 10.763900 -0.001358 0.285590 0.958351 1.243500 0.000000 0.000000 0.000000 1.000000
0.999971 -0.006683 0.003646 -0.000000 0.007447 0.958242 -0.285860 10.763900 -0.001584 0.285879 0.958264 1.243500 0.000000 0.000000 0.000000 1.000000
0.999970 -0.006575 0.004007 0.000000 0.007447 0.958148 -0.286175 10.763900 -0.001957 0.286197 0.958169 1.243500 0.000000 0.000000 0.000000 1.000000
0.999969 -0.006368 0.004697 -0.000000 0.007447 0.958012 -0.286633 10.763900 -0.002675 0.286659 0.958029 1.243500 0.000000 0.000000 0.000000 1.000000
0.999964 -0.006489 0.005396 -0.000000 0.007766 0.957827 -0.287241 10.763900 -0.003304 0.287273 0.957843 1.243500 0.000000 0.000000 0.000000 1.000000
0.999962 -0.006812 0.005426 0.000000 0.008082 0.957967 -0.286765 10.763900 -0.003245 0.286798 0.957985 1.243500 0.000000 0.000000 0.000000 1.000000
0.999961 -0.007174 0.005063 0.000000 0.008314 0.959133 -0.282833 10.763900 -0.002827 0.282864 0.959156 1.243500 0.000000 0.000000 0.000000 1.000000
0.999964 -0.007392 0.004125 -0.000000 0.008246 0.960804 -0.277106 10.763900 -0.001915 0.277130 0.960831 1.243500 0.000000 0.000000 0.000000 1.000000
0.999967 -0.007473 0.003180 -0.000000 0.008056 0.962443 -0.271365 10.763900 -0.001033 0.271381 0.962471 1.243500 0.000000 0.000000 0.000000 1.000000
0.999967 -0.007574 0.002958 -0.000000 0.008090 0.963458 -0.267736 10.763900 -0.000822 0.267751 0.963488 1.243500 0.000000 0.000000 0.000000 1.000000
0.999955 -0.008630 0.003950 -0.000000 0.009377 0.962693 -0.270432 10.763900 -0.001469 0.270457 0.962731 1.243500 0.000000 0.000000 0.000000 1.000000
0.999915 -0.010926 0.007118 0.000000 0.012499 0.958639 -0.284350 10.763900 -0.003717 0.284415 0.958694 1.243500 0.000000 0.000000 0.000000 1.000000
0.999810 -0.014600 0.012887 0.000000 0.017817 0.952920 -0.302697 10.763900 -0.007861 0.302870 0.953000 1.243500 0.000000 0.000000 0.000000 1.000000
0.999627 -0.020337 0.018248 0.000000 0.025044 0.948995 -0.314294 10.763900 -0.010925 0.314634 0.949150 1.243500 0.000000 0.000000 0.000000 1.000000
0.999335 -0.030300 0.020279 -0.000000 0.035186 0.947211 -0.318675 10.763900 -0.009552 0.319177 0.947647 1.243500 0.000000 0.000000 0.000000 1.000000
0.998885 -0.040849 0.023658 0.000000 0.046294 0.945711 -0.321694 10.763900 -0.009233 0.322431 0.946548 1.243500 0.000000 0.000000 0.000000 1.000000
0.998312 -0.048417 0.032086 0.000000 0.056139 0.946042 -0.319144 10.763900 -0.014903 0.320407 0.947163 1.243500 0.000000 0.000000 0.000000 1.000000
0.997815 -0.052374 0.040274 0.000000 0.062277 0.949136 -0.308647 10.763900 -0.022060 0.310481 0.950324 1.243500 0.000000 0.000000 0.000000 1.000000
0.997570 -0.053137 0.045053 0.000000 0.064100 0.953386 -0.294868 10.763900 -0.027284 0.297039 0.954475 1.243500 0.000000 0.000000 0.000000 1.000000
0.997438 -0.052928 0.048118 0.000000 0.064340 0.957791 -0.280173 10.763900 -0.031258 0.282551 0.958743 1.243500 0.000000 0.000000 0.000000 1.000000
0.997393 -0.055765 0.045790 0.000000 0.065959 0.961926 -0.265233 10.763900 -0.029256 0.267561 0.963097 1.243500 0.000000 0.000000 0.000000 1.000000
0.997317 -0.058425 0.044100 0.000000 0.067697 0.965344 -0.252047 10.763900 -0.027846 0.254357 0.966710 1.243500 0.000000 0.000000 0.000000 1.000000
0.997283 -0.057569 0.045954 0.000000 0.066952 0.968558 -0.239610 10.763900 -0.030715 0.242036 0.969781 1.243500 0.000000 0.000000 0.000000 1.000000
0.997107 -0.060757 0.045672 -0.000000 0.069591 0.971394 -0.227047 10.763900 -0.030571 0.229569 0.972812 1.243500 0.000000 0.000000 0.000000 1.000000
0.997106 -0.060260 0.046361 0.000000 0.068924 0.973827 -0.216588 10.763900 -0.032095 0.219157 0.975162 1.243500 0.000000 0.000000 0.000000 1.000000
0.997081 -0.060415 0.046676 -0.000000 0.068916 0.975320 -0.209767 10.763900 -0.032851 0.212372 0.976637 1.243500 0.000000 0.000000 0.000000 1.000000
0.996993 -0.061943 0.046559 0.000000 0.070353 0.975425 -0.208797 10.763900 -0.032482 0.211444 0.976850 1.243500 0.000000 0.000000 0.000000 1.000000
0.996897 -0.063672 0.046290 -0.000000 0.071980 0.975359 -0.208549 10.763900 -0.031870 0.211234 0.976916 1.243500 0.000000 0.000000 0.000000 1.000000
0.996843 -0.065010 0.045577 -0.000000 0.073062 0.975793 -0.206129 10.763900 -0.031073 0.208808 0.977463 1.243500 0.000000 0.000000 0.000000 1.000000
0.996783 -0.065653 0.045971 0.000000 0.073739 0.975966 -0.205069 10.763900 -0.031403 0.207799 0.977667 1.243500 0.000000 0.000000 0.000000 1.000000
0.996716 -0.066355 0.046423 0.000000 0.074587 0.975467 -0.207125 10.763900 -0.031541 0.209908 0.977212 1.243500 0.000000 0.000000 0.000000 1.000000
0.996623 -0.067850 0.046253 0.000000 0.076033 0.975230 -0.207716 10.763900 -0.031014 0.210531 0.977095 1.243500 0.000000 0.000000 0.000000 1.000000
0.996649 -0.067135 0.046727 -0.000000 0.075408 0.975444 -0.206937 10.763900 -0.031687 0.209767 0.977238 1.243500 0.000000 0.000000 0.000000 1.000000
0.996694 -0.065507 0.048064 0.000000 0.074186 0.974978 -0.209556 10.763900 -0.033134 0.212429 0.976615 1.243500 0.000000 0.000000 0.000000 1.000000
0.996836 -0.062041 0.049698 0.000000 0.071183 0.974957 -0.210695 10.763900 -0.035382 0.213566 0.976288 1.243500 0.000000 0.000000 0.000000 1.000000
0.996909 -0.060244 0.050433 0.000000 0.069726 0.974227 -0.214523 10.763900 -0.036210 0.217376 0.975416 1.243500 0.000000 0.000000 0.000000 1.000000
0.996980 -0.058838 0.050682 0.000000 0.068498 0.973769 -0.216983 10.763900 -0.036586 0.219799 0.974859 1.243500 0.000000 0.000000 0.000000 1.000000
0.997010 -0.058108 0.050931 0.000000 0.067967 0.973058 -0.220316 10.763900 -0.036756 0.223119 0.974098 1.243500 0.000000 0.000000 0.000000 1.000000
0.997040 -0.057654 0.050874 -0.000000 0.067536 0.972932 -0.221003 10.763900 -0.036756 0.223785 0.973945 1.243500 0.000000 0.000000 0.000000 1.000000
0.997050 -0.057084 0.051316 0.000000 0.067093 0.972882 -0.221356 10.763900 -0.037288 0.224145 0.973842 1.243500 0.000000 0.000000 0.000000 1.000000
0.997082 -0.056208 0.051656 0.000000 0.066194 0.973642 -0.218265 10.763900 -0.038026 0.221047 0.974521 1.243500 0.000000 0.000000 0.000000 1.000000
0.997103 -0.055300 0.052222 -0.000000 0.065396 0.973902 -0.217343 10.763900 -0.038841 0.220129 0.974697 1.243500 0.000000 0.000000 0.000000 1.000000
0.997115 -0.053317 0.054025 -0.000000 0.063864 0.973968 -0.217505 10.763900 -0.041022 0.220328 0.974563 1.243500 0.000000 0.000000 0.000000 1.000000
0.997076 -0.051552 0.056410 0.000000 0.062684 0.973959 -0.217886 10.763900 -0.043709 0.220785 0.974343 1.243500 0.000000 0.000000 0.000000 1.000000
0.996954 -0.052194 0.057946 -0.000000 0.063637 0.973964 -0.217586 10.763900 -0.045081 0.220611 0.974319 1.243500 0.000000 0.000000 0.000000 1.000000
0.996735 -0.055204 0.058927 -0.000000 0.066724 0.974098 -0.216057 10.763900 -0.045473 0.219283 0.974601 1.243500 0.000000 0.000000 0.000000 1.000000
0.996402 -0.059243 0.060612 0.000000 0.070993 0.974023 -0.215033 10.763900 -0.046299 0.218562 0.974724 1.243500 0.000000 0.000000 0.000000 1.000000
0.996178 -0.062977 0.060521 0.000000 0.074588 0.973923 -0.214268 10.763900 -0.045448 0.217963 0.974898 1.243500 0.000000 0.000000 0.000000 1.000000
0.996007 -0.067047 0.058944 0.000000 0.078126 0.974119 -0.212103 10.763900 -0.043198 0.215861 0.975468 1.243500 0.000000 0.000000 0.000000 1.000000
0.995924 -0.070101 0.056756 -0.000000 0.080404 0.975147 -0.206453 10.763900 -0.040873 0.210175 0.976809 1.243500 0.000000 0.000000 0.000000 1.000000
0.995962 -0.073874 0.051017 0.000000 0.082482 0.977323 -0.195029 10.763900 -0.035452 0.198449 0.979470 1.243500 0.000000 0.000000 0.000000 1.000000
0.995758 -0.078070 0.048690 -0.000000 0.085596 0.980119 -0.178999 10.763900 -0.033748 0.182407 0.982644 1.243500 0.000000 0.000000 0.000000 1.000000
0.995862 -0.078944 0.045011 0.000000 0.085094 0.983924 -0.157008 10.763900 -0.031892 0.160189 0.986571 1.243500 0.000000 0.000000 0.000000 1.000000
0.996060 -0.080055 0.038166 -0.000000 0.084469 0.987486 -0.133178 10.763900 -0.027027 0.135877 0.990357 1.243500 0.000000 0.000000 0.000000 1.000000
0.996237 -0.080856 0.031200 0.000000 0.084229 0.988082 -0.128838 10.763900 -0.020411 0.130981 0.991175 1.243500 0.000000 0.000000 0.000000 1.000000
0.996372 -0.082394 0.021303 0.000000 0.084601 0.986118 -0.142876 10.763900 -0.009235 0.144160 0.989511 1.243500 0.000000 0.000000 0.000000 1.000000
0.996821 -0.078592 0.013100 -0.000000 0.079670 0.985132 -0.152207 10.763900 -0.000943 0.152767 0.988262 1.243500 0.000000 0.000000 0.000000 1.000000
0.998837 -0.047702 -0.007062 0.000000 0.046889 0.994949 -0.088762 10.763900 0.011261 0.088327 0.996028 1.243500 0.000000 0.000000 0.000000 1.000000
0.999679 -0.013670 -0.021346 0.000000 0.013471 0.999864 -0.009462 10.763900 0.021473 0.009171 0.999727 1.243500 0.000000 0.000000 0.000000 1.000000
0.999884 0.003472 -0.014811 0.000000 -0.003500 0.999992 -0.001819 10.763900 0.014805 0.001871 0.999889 1.243500 0.000000 0.000000 0.000000 1.000000
0.999948 -0.000993 -0.010168 0.000000 0.000357 0.998051 -0.062401 10.763900 0.010211 0.062395 0.997999 1.243500 0.000000 0.000000 0.000000 1.000000
0.999642 -0.024840 -0.009951 -0.000000 0.022880 0.986268 -0.163558 10.763900 0.013877 0.163272 0.986484 1.243500 0.000000 0.000000 0.000000 1.000000
0.999063 -0.042950 -0.005356 -0.000000 0.040327 0.968636 -0.245191 10.763900 0.015719 0.244745 0.969460 1.243500 0.000000 0.000000 0.000000 1.000000
0.998464 -0.055400 0.000638 -0.000000 0.053096 0.953535 -0.296566 10.763900 0.015821 0.296144 0.955012 1.243500 0.000000 0.000000 0.000000 1.000000
0.998378 -0.056804 0.003773 0.000000 0.055180 0.949266 -0.309594 10.763900 0.014005 0.309300 0.950861 1.243500 0.000000 0.000000 0.000000 1.000000
0.998590 -0.052787 0.005641 0.000000 0.052034 0.952186 -0.301055 10.763900 0.010521 0.300924 0.953590 1.243500 0.000000 0.000000 0.000000 1.000000
0.998859 -0.047305 0.006595 0.000000 0.047197 0.956401 -0.288217 10.763900 0.007326 0.288199 0.957543 1.243500 0.000000 0.000000 0.000000 1.000000
0.999493 -0.031636 0.003483 0.000000 0.031469 0.965917 -0.256933 10.763900 0.004764 0.256912 0.966423 1.243500 0.000000 0.000000 0.000000 1.000000
0.999888 -0.014659 -0.003095 0.000000 0.013689 0.977813 -0.209030 10.763900 0.006090 0.208964 0.977904 1.243500 0.000000 0.000000 0.000000 1.000000
0.999943 0.003618 -0.010042 0.000000 -0.005114 0.988185 -0.153179 10.763900 0.009370 0.153222 0.988147 1.243500 0.000000 0.000000 0.000000 1.000000
0.999769 0.015100 -0.015283 0.000000 -0.016600 0.994511 -0.103302 10.763900 0.013640 0.103532 0.994533 1.243500 0.000000 0.000000 0.000000 1.000000
0.999530 0.025675 -0.016731 -0.000000 -0.026761 0.997307 -0.068288 10.763900 0.014933 0.068704 0.997525 1.243500 0.000000 0.000000 0.000000 1.000000
0.999194 0.037432 -0.014499 0.000000 -0.038134 0.997939 -0.051612 10.763900 0.012537 0.052123 0.998562 1.243500 0.000000 0.000000 0.000000 1.000000
0.999094 0.040866 -0.011922 -0.000000 -0.041371 0.998098 -0.045712 10.763900 0.010031 0.046163 0.998884 1.243500 0.000000 0.000000 0.000000 1.000000
0.999076 0.041743 -0.010200 -0.000000 -0.042159 0.998107 -0.044780 10.763900 0.008311 0.045168 0.998945 1.243500 0.000000 0.000000 0.000000 1.000000
0.998969 0.044450 -0.009186 0.000000 -0.044806 0.998062 -0.043176 10.763900 0.007249 0.043543 0.999025 1.243500 0.000000 0.000000 0.000000 1.000000
0.998803 0.048268 -0.007888 0.000000 -0.048544 0.998037 -0.039579 10.763900 0.005962 0.039914 0.999185 1.243500 0.000000 0.000000 0.000000 1.000000
0.998636 0.051866 -0.006059 0.000000 -0.052050 0.998003 -0.035788 10.763900 0.004190 0.036054 0.999341 1.243500 0.000000 0.000000 0.000000 1.000000
0.998624 0.052286 -0.004108 -0.000000 -0.052396 0.998050 -0.033925 10.763900 0.002326 0.034093 0.999416 1.243500 0.000000 0.000000 0.000000 1.000000
0.998712 0.050685 -0.002503 0.000000 -0.050740 0.998132 -0.034017 10.763900 0.000774 0.034100 0.999418 1.243500 0.000000 0.000000 0.000000 1.000000
0.998838 0.048177 -0.001413 0.000000 -0.048197 0.998217 -0.035211 10.763900 -0.000286 0.035238 0.999379 1.243500 0.000000 0.000000 0.000000 1.000000
