<?xml version="1.0" encoding="utf-8"?>
<COLLADA xmlns="http://www.collada.org/2005/11/COLLADASchema" version="1.4.1">
  <asset><contributor><author>Mixamo</author><authoring_tool>COLLADA Mixamo exporter</authoring_tool><comments></comments></contributor><created>2019-12-01T03:44:18Z</created><modified>2019-12-01T03:44:18Z</modified><revision></revision><title></title><unit meter="0.010000"/><up_axis>Y_UP</up_axis></asset>
  <library_animations>
    <animation id="Mutant_Hips-anim" name="Mutant_Hips"><source id="Mutant_Hips-Matrix-animation-input"><float_array id="Mutant_Hips-Matrix-animation-input-array" count="32">

0.000000 0.033333 0.066667 0.100000 0.133333 0.166667 0.200000 0.233333 0.266667 0.300000 0.333333 0.366667 0.400000 0.433333 0.466667 0.500000
0.533333 0.566667 0.600000 0.633333 0.666667 0.700000 0.733333 0.766667 0.800000 0.833333 0.866667 0.900000 0.933333 0.966667 1.000000 1.033333</float_array><technique_common><accessor source="#Mutant_Hips-Matrix-animation-input-array" count="32"><param name="TIME" type="float"/></accessor></technique_common></source><source id="Mutant_Hips-Matrix-animation-output-transform"><float_array id="Mutant_Hips-Matrix-animation-output-transform-array" count="512">

0.637837 0.127443 0.759554 0.237254 -0.041143 0.990444 -0.131634 76.945465 -0.769072 0.052711 0.636986 0.314416 0.000000 0.000000 0.000000 1.000000
0.584636 0.227413 0.778771 0.639723 -0.049507 0.968121 -0.245541 76.668762 -0.809784 0.104997 0.577257 1.183698 0.000000 0.000000 0.000000 1.000000
0.591098 0.322051 0.739518 1.838222 -0.085403 0.936669 -0.339644 76.363419 -0.802066 0.137606 0.581167 2.559766 0.000000 0.000000 0.000000 1.000000
0.610859 0.389613 0.689240 3.639345 -0.123708 0.906816 -0.402965 76.321625 -0.782015 0.160890 0.602136 3.935040 0.000000 0.000000 0.000000 1.000000
0.620549 0.416424 0.664462 6.657314 -0.138903 0.892320 -0.429501 76.197556 -0.771768 0.174230 0.611571 5.132520 0.000000 0.000000 0.000000 1.000000
0.619767 0.418084 0.664150 9.339069 -0.124653 0.887982 -0.442663 76.032715 -0.774823 0.191559 0.602457 5.847453 0.000000 0.000000 0.000000 1.000000
0.623015 0.406543 0.668263 10.794846 -0.139945 0.898474 -0.416125 75.536209 -0.769589 0.165732 0.616657 5.538744 0.000000 0.000000 0.000000 1.000000
0.640905 0.377798 0.668214 11.798191 -0.177742 0.919881 -0.349609 75.153145 -0.746759 0.105296 0.656707 5.034347 0.000000 0.000000 0.000000 1.000000
0.649099 0.365026 0.667403 12.511319 -0.203768 0.928720 -0.309770 74.855103 -0.732905 0.065076 0.677212 4.608416 0.000000 0.000000 0.000000 1.000000
0.643787 0.352585 0.679134 12.729383 -0.204390 0.934507 -0.291414 74.720642 -0.737403 0.048800 0.673688 4.214440 0.000000 0.000000 0.000000 1.000000
0.649709 0.337142 0.681332 12.769922 -0.208300 0.940926 -0.266965 74.801224 -0.731088 0.031528 0.681554 3.966521 0.000000 0.000000 0.000000 1.000000
0.660533 0.320977 0.678726 12.637910 -0.213491 0.946988 -0.240073 74.999413 -0.719804 0.013675 0.694043 3.804026 0.000000 0.000000 0.000000 1.000000
0.669862 0.291130 0.683028 12.140466 -0.204000 0.956683 -0.207704 75.361862 -0.713911 -0.000205 0.700237 3.666764 0.000000 0.000000 0.000000 1.000000
0.687005 0.251660 0.681683 11.458158 -0.187762 0.967734 -0.168035 75.774414 -0.701975 -0.012553 0.712091 3.534443 0.000000 0.000000 0.000000 1.000000
0.705811 0.214921 0.675011 10.652708 -0.173704 0.976284 -0.129215 76.136757 -0.686774 -0.026050 0.726404 3.412736 0.000000 0.000000 0.000000 1.000000
0.723851 0.182696 0.665329 9.765228 -0.160615 0.982432 -0.095029 76.455597 -0.671002 -0.038075 0.740478 3.382938 0.000000 0.000000 0.000000 1.000000
0.744065 0.145550 0.652060 8.952767 -0.144394 0.987948 -0.055757 76.816605 -0.652317 -0.052666 0.756114 3.315331 0.000000 0.000000 0.000000 1.000000
0.767018 0.116796 0.630906 8.210741 -0.129563 0.991231 -0.025985 77.119499 -0.628409 -0.061811 0.775424 3.429959 0.000000 0.000000 0.000000 1.000000
0.788985 0.094967 0.607029 7.418499 -0.114966 0.993351 -0.005978 77.364449 -0.603561 -0.065071 0.794657 3.560153 0.000000 0.000000 0.000000 1.000000
0.800009 0.078175 0.594873 6.624338 -0.098666 0.995119 0.001917 77.581291 -0.591819 -0.060228 0.803817 3.714505 0.000000 0.000000 0.000000 1.000000
0.798319 0.064369 0.598785 5.883505 -0.082840 0.996557 0.003315 77.790710 -0.596510 -0.052250 0.800903 3.878832 0.000000 0.000000 0.000000 1.000000
0.789390 0.049989 0.611853 5.149324 -0.065190 0.997870 0.002579 77.896194 -0.610421 -0.041922 0.790967 3.995815 0.000000 0.000000 0.000000 1.000000
0.774638 0.037131 0.631314 4.411781 -0.048814 0.998807 0.001150 77.901093 -0.630518 -0.031708 0.775526 4.045063 0.000000 0.000000 0.000000 1.000000
0.753400 0.030776 0.656842 3.732107 -0.035530 0.999350 -0.006071 77.848564 -0.656602 -0.018764 0.754004 4.046551 0.000000 0.000000 0.000000 1.000000
0.726750 0.033484 0.686086 3.089079 -0.027924 0.999426 -0.019198 77.698364 -0.686335 -0.005206 0.727267 3.911282 0.000000 0.000000 0.000000 1.000000
0.696911 0.039863 0.716049 2.486762 -0.023440 0.999187 -0.032812 77.537643 -0.716775 0.006083 0.697278 3.662851 0.000000 0.000000 0.000000 1.000000
0.667476 0.049895 0.742957 1.943913 -0.020669 0.998610 -0.048495 77.382095 -0.744344 0.017013 0.667580 3.294903 0.000000 0.000000 0.000000 1.000000
0.645288 0.066035 0.761080 1.448743 -0.022461 0.997466 -0.067502 77.239265 -0.763609 0.026464 0.645136 2.806247 0.000000 0.000000 0.000000 1.000000
0.632328 0.084369 0.770093 1.025791 -0.025175 0.995765 -0.088422 77.140305 -0.774292 0.036525 0.631774 2.226648 0.000000 0.000000 0.000000 1.000000
0.628857 0.100950 0.770939 0.676603 -0.028793 0.993879 -0.106657 77.063904 -0.776987 0.044874 0.627915 1.628928 0.000000 0.000000 0.000000 1.000000
0.632267 0.116312 0.765970 0.400591 -0.035075 0.991950 -0.121675 76.986725 -0.773956 0.050064 0.631257 0.968296 0.000000 0.000000 0.000000 1.000000
0.637838 0.127443 0.759553 0.237262 -0.041143 0.990444 -0.131634 76.945496 -0.769071 0.052711 0.636986 0.314420 0.000000 0.000000 0.000000 1.000000</float_array><technique_common><accessor source="#Mutant_Hips-Matrix-animation-output-transform-array" count="32" stride="16"><param type="float4x4"/></accessor></technique_common></source><source id="Mutant_Hips-Interpolations"><Name_array id="Mutant_Hips-Interpolations-array" count="32">
 LINEAR LINEAR LINEAR LINEAR LINEAR LINEAR LINEAR LINEAR LINEAR LINEAR LINEAR
LINEAR LINEAR LINEAR LINEAR LINEAR LINEAR LINEAR LINEAR LINEAR LINEAR LINEAR LINEAR
LINEAR LINEAR LINEAR LINEAR LINEAR LINEAR LINEAR LINEAR LINEAR</Name_array><technique_common><accessor source="#Mutant_Hips-Interpolations-array" count="32"><param type="name"/></accessor></technique_common></source><sampler id="Mutant_Hips-Matrix-animation-transform"><input semantic="INPUT" source="#Mutant_Hips-Matrix-animation-input"/><input semantic="OUTPUT" source="#Mutant_Hips-Matrix-animation-output-transform"/><input semantic="INTERPOLATION" source="#Mutant_Hips-Interpolations"/></sampler><channel source="#Mutant_Hips-Matrix-animation-transform" target="Mutant_Hips/matrix"/></animation>
    <animation id="Mutant_Spine-anim" name="Mutant_Spine"><source id="Mutant_Spine-Matrix-animation-input"><float_array id="Mutant_Spine-Matrix-animation-input-array" count="32">

0.000000 0.033333 0.066667 0.100000 0.133333 0.166667 0.200000 0.233333 0.266667 0.300000 0.333333 0.366667 0.400000 0.433333 0.466667 0.500000
0.533333 0.566667 0.600000 0.633333 0.666667 0.700000 0.733333 0.766667 0.800000 0.833333 0.866667 0.900000 0.933333 0.966667 1.000000 1.033333</float_array><technique_common><accessor source="#Mutant_Spine-Matrix-animation-input-array" count="32"><param name="TIME" type="float"/></accessor></technique_common></source><source id="Mutant_Spine-Matrix-animation-output-transform"><float_array id="Mutant_Spine-Matrix-animation-output-transform-array" count="512">

0.998187 -0.035929 -0.048280 0.000000 0.026128 0.981409 -0.190141 10.763900 0.054214 0.188535 0.980569 1.243500 0.000000 0.000000 0.000000 1.000000
0.998418 -0.011235 -0.055085 -0.000000 0.009393 0.999392 -0.033583 10.763900 0.055428 0.033012 0.997917 1.243500 0.000000 0.000000 0.000000 1.000000
0.999448 0.011206 -0.031280 0.000000 -0.009277 0.998085 0.061153 10.763900 0.031906 -0.060829 0.997638 1.243500 0.000000 0.000000 0.000000 1.000000
0.999429 0.029038 0.017251 0.000000 -0.028910 0.999553 -0.007606 10.763900 -0.017464 0.007103 0.999822 1.243500 0.000000 0.000000 0.000000 1.000000
0.996286 0.049369 0.070545 0.000000 -0.038151 0.987592 -0.152336 10.763900 -0.077191 0.149078 0.985808 1.243500 0.000000 0.000000 0.000000 1.000000
0.992139 0.064641 0.107153 0.000000 -0.036593 0.968693 -0.245550 10.763900 -0.119671 0.239699 0.963443 1.243500 0.000000 0.000000 0.000000 1.000000
0.990627 0.061333 0.122050 0.000000 -0.025384 0.960619 -0.276706 10.763900 -0.134215 0.271014 0.953173 1.243500 0.000000 0.000000 0.000000 1.000000
0.989967 0.060681 0.127605 -0.000000 -0.018993 0.952041 -0.305379 10.763900 -0.140016 0.299892 0.943642 1.243500 0.000000 0.000000 0.000000 1.000000
0.989490 0.055723 0.133432 0.000000 -0.010507 0.948034 -0.317996 10.763900 -0.144218 0.313251 0.938656 1.243500 0.000000 0.000000 0.000000 1.000000
0.989825 0.053766 0.131741 -0.000000 -0.008508 0.946567 -0.322395 10.763900 -0.142035 0.317994 0.937393 1.243500 0.000000 0.000000 0.000000 1.000000
0.990067 0.061837 0.126270 -0.000000 -0.016960 0.944058 -0.329344 10.763900 -0.139572 0.323931 0.935729 1.243500 0.000000 0.000000 0.000000 1.000000
0.990359 0.066773 0.121366 -0.000000 -0.022910 0.943039 -0.331893 10.763900 -0.136614 0.325913 0.935477 1.243500 0.000000 0.000000 0.000000 1.000000
0.991037 0.063033 0.117778 0.000000 -0.020824 0.943793 -0.329880 10.763900 -0.131952 0.324471 0.936647 1.243500 0.000000 0.000000 0.000000 1.000000
0.991505 0.059501 0.115660 0.000000 -0.018843 0.945559 -0.324905 10.763900 -0.128696 0.319966 0.938648 1.243500 0.000000 0.000000 0.000000 1.000000
0.992084 0.055221 0.112782 0.000000 -0.016629 0.947983 -0.317887 10.763900 -0.124470 0.313495 0.941397 1.243500 0.000000 0.000000 0.000000 1.000000
0.992957 0.052327 0.106293 0.000000 -0.017088 0.951051 -0.308562 10.763900 -0.117236 0.304572 0.945247 1.243500 0.000000 0.000000 0.000000 1.000000
0.993682 0.049755 0.100601 -0.000000 -0.017114 0.953055 -0.302313 10.763900 -0.110920 0.298682 0.947885 1.243500 0.000000 0.000000 0.000000 1.000000
0.994261 0.051479 0.093779 -0.000000 -0.021598 0.955151 -0.295329 10.763900 -0.104776 0.291609 0.950782 1.243500 0.000000 0.000000 0.000000 1.000000
0.995018 0.051926 0.085105 0.000000 -0.025545 0.957944 -0.285816 10.763900 -0.096367 0.282218 0.954498 1.243500 0.000000 0.000000 0.000000 1.000000
0.995962 0.050395 0.074292 0.000000 -0.028059 0.960856 -0.275623 10.763900 -0.085274 0.272425 0.958391 1.243500 0.000000 0.000000 0.000000 1.000000
0.997002 0.044084 0.063588 -0.000000 -0.025637 0.963611 -0.266075 10.763900 -0.073003 0.263647 0.961853 1.243500 0.000000 0.000000 0.000000 1.000000
0.998060 0.035365 0.051234 0.000000 -0.021066 0.966286 -0.256608 10.763900 -0.058582 0.255031 0.965157 1.243500 0.000000 0.000000 0.000000 1.000000
0.998884 0.025966 0.039453 -0.000000 -0.015382 0.968622 -0.248064 10.763900 -0.044657 0.247180 0.967940 1.243500 0.000000 0.000000 0.000000 1.000000
0.999517 0.016690 0.026202 -0.000000 -0.009960 0.971063 -0.238615 10.763900 -0.029427 0.238239 0.970761 1.243500 0.000000 0.000000 0.000000 1.000000
0.999902 0.006390 0.012432 0.000000 -0.003384 0.973611 -0.228190 10.763900 -0.013562 0.228126 0.973537 1.243500 0.000000 0.000000 0.000000 1.000000
0.999991 -0.003936 -0.001768 -0.000000 0.003451 0.975582 -0.219607 10.763900 0.002589 0.219599 0.975587 1.243500 0.000000 0.000000 0.000000 1.000000
0.999792 -0.013131 -0.015620 0.000000 0.009522 0.977224 -0.211998 10.763900 0.018048 0.211805 0.977145 1.243500 0.000000 0.000000 0.000000 1.000000
0.999415 -0.021226 -0.026814 0.000000 0.015294 0.978699 -0.204732 10.763900 0.030588 0.204202 0.978451 1.243500 0.000000 0.000000 0.000000 1.000000
0.998992 -0.027191 -0.035725 0.000000 0.019585 0.979965 -0.198202 10.763900 0.040398 0.197303 0.979510 1.243500 0.000000 0.000000 0.000000 1.000000
0.998576 -0.031652 -0.042947 0.000000 0.022760 0.980805 -0.193657 10.763900 0.048252 0.192404 0.980129 1.243500 0.000000 0.000000 0.000000 1.000000
0.998276 -0.034793 -0.047266 -0.000000 0.025147 0.981232 -0.191185 10.763900 0.053031 0.189667 0.980415 1.243500 0.000000 0.000000 0.000000 1.000000
0.998187 -0.035929 -0.048279 -0.000000 0.026128 0.981409 -0.190141 10.763900 0.054213 0.188534 0.980569 1.243500 0.000000 0.000000 0.000000 1.000000</float_array><technique_common><accessor source="#Mutant_Spine-Matrix-animation-output-transform-array" count="32" stride="16"><param type="float4x4"/></accessor></technique_common></source><source id="Mutant_Spine-Interpolations"><Name_array id="Mutant_Spine-Interpolations-array" count="32">
 LINEAR LINEAR LINEAR LINEAR LINEAR LINEAR LINEAR LINEAR LINEAR LINEAR LINEAR
LINEAR LINEAR LINEAR LINEAR LINEAR LINEAR LINEAR LINEAR LINEAR LINEAR LINEAR LINEAR
LINEAR LINEAR LINEAR LINEAR LINEAR LINEAR LINEAR LINEAR LINEAR</Name_array><technique_common><accessor source="#Mutant_Spine-Interpolations-array" count="32"><param type="name"/></accessor></technique_common></source><sampler id="Mutant_Spine-Matrix-animation-transform"><input semantic="INPUT" source="#Mutant_Spine-Matrix-animation-input"/><input semantic="OUTPUT" source="#Mutant_Spine-Matrix-animation-output-transform"/><input semantic="INTERPOLATION" source="#Mutant_Spine-Interpolations"/></sampler><channel source="#Mutant_Spine-Matrix-animation-transform" target="Mutant_Spine/matrix"/></animation>
    <animation id="Mutant_Spine1-anim" name="Mutant_Spine1"><source id="Mutant_Spine1-Matrix-animation-input"><float_array id="Mutant_Spine1-Matrix-animation-input-array" count="32">

0.000000 0.033333 0.066667 0.100000 0.133333 0.166667 0.200000 0.233333 0.266667 0.300000 0.333333 0.366667 0.400000 0.433333 0.466667 0.500000
0.533333 0.566667 0.600000 0.633333 0.666667 0.700000 0.733333 0.766667 0.800000 0.833333 0.866667 0.900000 0.933333 0.966667 1.000000 1.033333</float_array><technique_common><accessor source="#Mutant_Spine1-Matrix-animation-input-array" count="32"><param name="TIME" type="float"/></accessor></technique_common></source><source id="Mutant_Spine1-Matrix-animation-output-transform"><float_array id="Mutant_Spine1-Matrix-animation-output-transform-array" count="512">

0.992503 -0.074360 -0.097001 -0.018900 0.064009 0.992328 -0.105775 13.061300 0.104122 0.098773 0.989648 0.227500 0.000000 0.000000 0.000000 1.000000
0.992350 -0.067960 -0.103063 -0.018900 0.061390 0.995953 -0.065636 13.061300 0.107107 0.058807 0.992507 0.227500 0.000000 0.000000 0.000000 1.000000
0.995700 -0.069574 -0.061165 -0.018900 0.066068 0.996152 -0.057594 13.061300 0.064936 0.053305 0.996465 0.227500 0.000000 0.000000 0.000000 1.000000
0.997639 -0.063266 0.026721 -0.018900 0.065774 0.992112 -0.106715 13.061300 -0.019758 0.108221 0.993931 0.227500 0.000000 0.000000 0.000000 1.000000
0.989444 -0.041216 0.138928 -0.018900 0.066508 0.980924 -0.182660 13.061300 -0.128749 0.189972 0.973311 0.227500 0.000000 0.000000 0.000000 1.000000
0.976016 -0.010201 0.217459 -0.018900 0.070336 0.960105 -0.270648 13.061300 -0.206023 0.279452 0.937796 0.227500 0.000000 0.000000 0.000000 1.000000
0.974650 -0.012049 0.223412 -0.018900 0.089121 0.936819 -0.338272 13.061300 -0.205221 0.349608 0.914144 0.227500 0.000000 0.000000 0.000000 1.000000
0.981664 -0.025690 0.188883 -0.018900 0.098706 0.916195 -0.388386 13.061300 -0.163076 0.399909 0.901931 0.227500 0.000000 0.000000 0.000000 1.000000
0.984357 -0.030927 0.173448 -0.018900 0.106787 0.887761 -0.447747 13.061300 -0.140133 0.459265 0.877176 0.227500 0.000000 0.000000 0.000000 1.000000
0.987955 -0.021545 0.153234 -0.018900 0.095899 0.862415 -0.497035 13.061300 -0.121442 0.505743 0.854094 0.227500 0.000000 0.000000 0.000000 1.000000
0.990959 -0.005286 0.134062 -0.018900 0.075918 0.845963 -0.527809 13.061300 -0.110622 0.533215 0.838716 0.227500 0.000000 0.000000 0.000000 1.000000
0.992810 -0.001416 0.119692 -0.018900 0.065766 0.841939 -0.535550 13.061300 -0.100015 0.539571 0.835978 0.227500 0.000000 0.000000 0.000000 1.000000
0.994307 -0.007537 0.106289 -0.018900 0.063403 0.843545 -0.533303 13.061300 -0.085640 0.537006 0.839220 0.227500 0.000000 0.000000 0.000000 1.000000
0.995114 -0.012171 0.097976 -0.018900 0.062051 0.848977 -0.524773 13.061300 -0.076792 0.528289 0.845585 0.227500 0.000000 0.000000 0.000000 1.000000
0.995716 -0.019689 0.090345 -0.018900 0.063262 0.857657 -0.510316 13.061300 -0.067438 0.513845 0.855229 0.227500 0.000000 0.000000 0.000000 1.000000
0.996457 -0.027620 0.079442 -0.018900 0.063061 0.870347 -0.488384 13.061300 -0.055653 0.491663 0.869005 0.227500 0.000000 0.000000 0.000000 1.000000
0.996965 -0.035141 0.069470 -0.018900 0.063975 0.878295 -0.473820 13.061300 -0.044365 0.476826 0.877877 0.227500 0.000000 0.000000 0.000000 1.000000
0.997499 -0.033946 0.061996 -0.018900 0.058581 0.887841 -0.456406 13.061300 -0.039550 0.458896 0.887609 0.227500 0.000000 0.000000 0.000000 1.000000
0.998077 -0.031578 0.053347 -0.018900 0.051615 0.899935 -0.432959 13.061300 -0.034337 0.434880 0.899834 0.227500 0.000000 0.000000 0.000000 1.000000
0.998718 -0.028961 0.041508 -0.018900 0.043299 0.913566 -0.404380 13.061300 -0.026209 0.405659 0.913649 0.227500 0.000000 0.000000 0.000000 1.000000
0.999126 -0.030473 0.028596 -0.018900 0.038963 0.926693 -0.373793 13.061300 -0.015109 0.374580 0.927071 0.227500 0.000000 0.000000 0.000000 1.000000
0.999365 -0.033341 0.012588 -0.018900 0.035636 0.938828 -0.342538 13.061300 -0.000397 0.342769 0.939420 0.227500 0.000000 0.000000 0.000000 1.000000
0.999334 -0.036435 -0.001885 -0.018900 0.034022 0.949317 -0.312474 13.061300 0.013175 0.312202 0.949924 0.227500 0.000000 0.000000 0.000000 1.000000
0.999054 -0.039512 -0.018153 -0.018900 0.032876 0.959624 -0.279360 13.061300 0.028458 0.278499 0.960015 0.227500 0.000000 0.000000 0.000000 1.000000
0.998299 -0.046630 -0.035007 -0.018900 0.036782 0.969470 -0.242436 13.061300 0.045243 0.240736 0.969536 0.227500 0.000000 0.000000 0.000000 1.000000
0.997118 -0.054599 -0.052682 -0.018900 0.042404 0.976829 -0.209778 13.061300 0.062915 0.206940 0.976329 0.227500 0.000000 0.000000 0.000000 1.000000
0.995660 -0.061733 -0.069639 -0.018900 0.048300 0.982422 -0.180316 13.061300 0.079547 0.176170 0.981140 0.227500 0.000000 0.000000 0.000000 1.000000
0.994305 -0.068298 -0.081806 -0.018900 0.055175 0.986666 -0.153122 13.061300 0.091173 0.147736 0.984815 0.227500 0.000000 0.000000 0.000000 1.000000
0.993353 -0.071303 -0.090365 -0.018900 0.059211 0.989735 -0.130068 13.061300 0.098712 0.123853 0.987379 0.227500 0.000000 0.000000 0.000000 1.000000
0.992615 -0.072985 -0.096892 -0.018900 0.061731 0.991508 -0.114461 13.061300 0.104423 0.107634 0.988691 0.227500 0.000000 0.000000 0.000000 1.000000
0.992254 -0.074730 -0.099234 -0.018900 0.064069 0.992237 -0.106586 13.061300 0.106428 0.099402 0.989339 0.227500 0.000000 0.000000 0.000000 1.000000
0.992503 -0.074360 -0.097001 -0.018900 0.064009 0.992328 -0.105775 13.061300 0.104123 0.098773 0.989648 0.227500 0.000000 0.000000 0.000000 1.000000</float_array><technique_common><accessor source="#Mutant_Spine1-Matrix-animation-output-transform-array" count="32" stride="16"><param type="float4x4"/></accessor></technique_common></source><source id="Mutant_Spine1-Interpolations"><Name_array id="Mutant_Spine1-Interpolations-array" count="32">
 LINEAR LINEAR LINEAR LINEAR LINEAR LINEAR LINEAR LINEAR LINEAR LINEAR LINEAR
LINEAR LINEAR LINEAR LINEAR LINEAR LINEAR LINEAR LINEAR LINEAR LINEAR LINEAR LINEAR
LINEAR LINEAR LINEAR LINEAR LINEAR LINEAR LINEAR LINEAR LINEAR</Name_array><technique_common><accessor source="#Mutant_Spine1-Interpolations-array" count="32"><param type="name"/></accessor></technique_common></source><sampler id="Mutant_Spine1-Matrix-animation-transform"><input semantic="INPUT" source="#Mutant_Spine1-Matrix-animation-input"/><input semantic="OUTPUT" source="#Mutant_Spine1-Matrix-animation-output-transform"/><input semantic="INTERPOLATION" source="#Mutant_Spine1-Interpolations"/></sampler><channel source="#Mutant_Spine1-Matrix-animation-transform" target="Mutant_Spine1/matrix"/></animation>
    <animation id="Mutant_Spine2-anim" name="Mutant_Spine2"><source id="Mutant_Spine2-Matrix-animation-input"><float_array id="Mutant_Spine2-Matrix-animation-input-array" count="32">

0.000000 0.033333 0.066667 0.100000 0.133333 0.166667 0.200000 0.233333 0.266667 0.300000 0.333333 0.366667 0.400000 0.433333 0.466667 0.500000
0.533333 0.566667 0.600000 0.633333 0.666667 0.700000 0.733333 0.766667 0.800000 0.833333 0.866667 0.900000 0.933333 0.966667 1.000000 1.033333</float_array><technique_common><accessor source="#Mutant_Spine2-Matrix-animation-input-array" count="32"><param name="TIME" type="float"/></accessor></technique_common></source><source id="Mutant_Spine2-Matrix-animation-output-transform"><float_array id="Mutant_Spine2-Matrix-animation-output-transform-array" count="512">

0.992503 -0.052817 -0.110223 -0.021600 0.063968 0.992907 0.100215 12.988200 0.104148 -0.106514 0.988842 -0.916700 0.000000 0.000000 0.000000 1.000000
0.992413 -0.045306 -0.114299 -0.021600 0.061197 0.988315 0.139600 12.988200 0.106639 -0.145536 0.983589 -0.916700 0.000000 0.000000 0.000000 1.000000
0.995911 -0.051694 -0.074083 -0.021600 0.062007 0.987566 0.144458 12.988200 0.065694 -0.148461 0.986734 -0.916700 0.000000 0.000000 0.000000 1.000000
0.998459 -0.053650 0.014158 -0.021600 0.052121 0.994369 0.092274 12.988200 -0.019029 -0.091393 0.995633 -0.916700 0.000000 0.000000 0.000000 1.000000
0.991118 -0.035573 0.128142 -0.021600 0.034099 0.999325 0.013681 12.988200 -0.128543 -0.009190 0.991661 -0.916700 0.000000 0.000000 0.000000 1.000000
0.978684 -0.005090 0.205306 -0.021600 0.022103 0.996497 -0.080660 12.988200 -0.204177 0.083478 0.975368 -0.916700 0.000000 0.000000 0.000000 1.000000
0.978196 -0.015547 0.207103 -0.021600 0.048226 0.986940 -0.153697 12.988200 -0.202009 0.160333 0.966171 -0.916700 0.000000 0.000000 0.000000 1.000000
0.984186 -0.041863 0.172121 -0.021600 0.077190 0.975922 -0.204006 12.988200 -0.159436 0.214066 0.963720 -0.916700 0.000000 0.000000 0.000000 1.000000
0.985789 -0.064973 0.154917 -0.021600 0.104876 0.958419 -0.265393 12.988200 -0.131232 0.277869 0.951613 -0.916700 0.000000 0.000000 0.000000 1.000000
0.988885 -0.067655 0.132399 -0.021600 0.107147 0.941644 -0.319103 12.988200 -0.103084 0.329742 0.938426 -0.916700 0.000000 0.000000 0.000000 1.000000
0.991648 -0.052494 0.117805 -0.021600 0.091215 0.931213 -0.352878 12.988200 -0.091177 0.360676 0.928224 -0.916700 0.000000 0.000000 0.000000 1.000000
0.993261 -0.046238 0.106273 -0.021600 0.081895 0.928854 -0.361281 12.988200 -0.082007 0.367550 0.926381 -0.916700 0.000000 0.000000 0.000000 1.000000
0.994680 -0.051637 0.089136 -0.021600 0.080478 0.929669 -0.359498 12.988200 -0.064303 0.364759 0.928879 -0.916700 0.000000 0.000000 0.000000 1.000000
0.995449 -0.055020 0.077809 -0.021600 0.078990 0.933142 -0.350722 12.988200 -0.053310 0.355273 0.933241 -0.916700 0.000000 0.000000 0.000000 1.000000
0.995985 -0.059576 0.066817 -0.021600 0.078656 0.938781 -0.335415 12.988200 -0.042744 0.339324 0.939698 -0.916700 0.000000 0.000000 0.000000 1.000000
0.996756 -0.060453 0.053136 -0.021600 0.074083 0.947157 -0.312098 12.988200 -0.031461 0.315022 0.948563 -0.916700 0.000000 0.000000 0.000000 1.000000
0.997196 -0.062430 0.041272 -0.021600 0.071891 0.952338 -0.296453 12.988200 -0.020797 0.298588 0.954155 -0.916700 0.000000 0.000000 0.000000 1.000000
0.997855 -0.054648 0.036047 -0.021600 0.062530 0.958649 -0.277636 12.988200 -0.019384 0.279294 0.960010 -0.916700 0.000000 0.000000 0.000000 1.000000
0.998491 -0.045878 0.030184 -0.021600 0.052017 0.966338 -0.251964 12.988200 -0.017608 0.253153 0.967266 -0.916700 0.000000 0.000000 0.000000 1.000000
0.999102 -0.036888 0.020856 -0.021600 0.040585 0.974523 -0.220585 12.988200 -0.012188 0.221234 0.975145 -0.916700 0.000000 0.000000 0.000000 1.000000
0.999399 -0.033614 0.008507 -0.021600 0.034612 0.981756 -0.186967 12.988200 -0.002067 0.187149 0.982329 -0.916700 0.000000 0.000000 0.000000 1.000000
0.999467 -0.031804 -0.007373 -0.021600 0.030308 0.987820 -0.152621 12.988200 0.012137 0.152316 0.988257 -0.916700 0.000000 0.000000 0.000000 1.000000
0.999277 -0.031525 -0.021241 -0.021600 0.028769 0.992421 -0.119472 12.988200 0.024847 0.118774 0.992610 -0.916700 0.000000 0.000000 0.000000 1.000000
0.998858 -0.030988 -0.036366 -0.021600 0.027872 0.996137 -0.083271 12.988200 0.038806 0.082162 0.995863 -0.916700 0.000000 0.000000 0.000000 1.000000
0.998020 -0.034565 -0.052547 -0.021600 0.032301 0.998538 -0.043337 12.988200 0.053968 0.041554 0.997678 -0.916700 0.000000 0.000000 0.000000 1.000000
0.996804 -0.039249 -0.069578 -0.021600 0.038770 0.999214 -0.008217 12.988200 0.069846 0.005493 0.997543 -0.916700 0.000000 0.000000 0.000000 1.000000
0.995376 -0.043557 -0.085615 -0.021600 0.045691 0.998688 0.023123 12.988200 0.084495 -0.026928 0.996060 -0.916700 0.000000 0.000000 0.000000 1.000000
0.994092 -0.048582 -0.097059 -0.021600 0.053771 0.997220 0.051580 12.988200 0.094283 -0.056494 0.993941 -0.916700 0.000000 0.000000 0.000000 1.000000
0.993205 -0.050848 -0.104685 -0.021600 0.058904 0.995415 0.075356 12.988200 0.100373 -0.081010 0.991646 -0.916700 0.000000 0.000000 0.000000 1.000000
0.992525 -0.051880 -0.110462 -0.021600 0.062115 0.993882 0.091330 12.988200 0.105048 -0.097508 0.989675 -0.916700 0.000000 0.000000 0.000000 1.000000
0.992220 -0.053278 -0.112524 -0.021600 0.064587 0.992952 0.099370 12.988200 0.106437 -0.105865 0.988668 -0.916700 0.000000 0.000000 0.000000 1.000000
0.992503 -0.052817 -0.110223 -0.021600 0.063968 0.992907 0.100215 12.988200 0.104148 -0.106514 0.988842 -0.916700 0.000000 0.000000 0.000000 1.000000</float_array><technique_common><accessor source="#Mutant_Spine2-Matrix-animation-output-transform-array" count="32" stride="16"><param type="float4x4"/></accessor></technique_common></source><source id="Mutant_Spine2-Interpolations"><Name_array id="Mutant_Spine2-Interpolations-array" count="32">
 LINEAR LINEAR LINEAR LINEAR LINEAR LINEAR LINEAR LINEAR LINEAR LINEAR LINEAR
LINEAR LINEAR LINEAR LINEAR LINEAR LINEAR LINEAR LINEAR LINEAR LINEAR LINEAR LINEAR
LINEAR LINEAR LINEAR LINEAR LINEAR LINEAR LINEAR LINEAR LINEAR</Name_array><technique_common><accessor source="#Mutant_Spine2-Interpolations-array" count="32"><param type="name"/></accessor></technique_common></source><sampler id="Mutant_Spine2-Matrix-animation-transform"><input semantic="INPUT" source="#Mutant_Spine2-Matrix-animation-input"/><input semantic="OUTPUT" source="#Mutant_Spine2-Matrix-animation-output-transform"/><input semantic="INTERPOLATION" source="#Mutant_Spine2-Interpolations"/></sampler><channel source="#Mutant_Spine2-Matrix-animation-transform" target="Mutant_Spine2/matrix"/></animation>
    <animation id="Mutant_Neck-anim" name="Mutant_Neck"><source id="Mutant_Neck-Matrix-animation-input"><float_array id="Mutant_Neck-Matrix-animation-input-array" count="32">

0.000000 0.033333 0.066667 0.100000 0.133333 0.166667 0.200000 0.233333 0.266667 0.300000 0.333333 0.366667 0.400000 0.433333 0.466667 0.500000
0.533333 0.566667 0.600000 0.633333 0.666667 0.700000 0.733333 0.766667 0.800000 0.833333 0.866667 0.900000 0.933333 0.966667 1.000000 1.033333</float_array><technique_common><accessor source="#Mutant_Neck-Matrix-animation-input-array" count="32"><param name="TIME" type="float"/></accessor></technique_common></source><source id="Mutant_Neck-Matrix-animation-output-transform"><float_array id="Mutant_Neck-Matrix-animation-output-transform-array" count="512">

0.998515 -0.000801 -0.054466 -0.011900 0.000074 0.999911 -0.013339 24.670700 0.054472 0.013315 0.998427 2.028100 0.000000 0.000000 0.000000 1.000000
0.999632 0.011044 0.024782 -0.011900 -0.011806 0.999456 0.030802 24.670700 -0.024429 -0.031083 0.999218 2.028100 0.000000 0.000000 0.000000 1.000000
0.991923 0.062412 0.110427 -0.011900 -0.070326 0.995115 0.069280 24.670700 -0.105564 -0.076487 0.991467 2.028100 0.000000 0.000000 0.000000 1.000000
0.989448 0.076823 0.122841 -0.011900 -0.089591 0.990738 0.102037 24.670700 -0.113864 -0.111966 0.987167 2.028100 0.000000 0.000000 0.000000 1.000000
0.995214 0.060733 0.076552 -0.011900 -0.068091 0.992904 0.097495 24.670700 -0.070087 -0.102241 0.992288 2.028100 0.000000 0.000000 0.000000 1.000000
0.998426 0.036192 0.042836 -0.011900 -0.038497 0.997783 0.054283 24.670700 -0.040777 -0.055847 0.997606 2.028100 0.000000 0.000000 0.000000 1.000000
0.999296 0.024159 0.028720 -0.011900 -0.025572 0.998427 0.049890 24.670700 -0.027469 -0.050589 0.998342 2.028100 0.000000 0.000000 0.000000 1.000000
0.999774 -0.004664 0.020727 -0.011900 0.003315 0.997904 0.064630 24.670700 -0.020985 -0.064546 0.997694 2.028100 0.000000 0.000000 0.000000 1.000000
0.999974 -0.004643 -0.005451 -0.011900 0.005069 0.996701 0.080999 24.670700 0.005057 -0.081024 0.996699 2.028100 0.000000 0.000000 0.000000 1.000000
0.999481 -0.004863 -0.031838 -0.011900 0.007433 0.996678 0.081103 24.670700 0.031338 -0.081297 0.996197 2.028100 0.000000 0.000000 0.000000 1.000000
0.998617 -0.001392 -0.052554 -0.011900 0.005179 0.997391 0.071997 24.670700 0.052316 -0.072170 0.996019 2.028100 0.000000 0.000000 0.000000 1.000000
0.998161 0.010129 -0.059771 -0.011900 -0.006849 0.998472 0.054833 24.670700 0.060235 -0.054323 0.996705 2.028100 0.000000 0.000000 0.000000 1.000000
0.998182 0.031373 -0.051471 -0.011900 -0.029272 0.998727 0.041082 24.670700 0.052694 -0.039501 0.997829 2.028100 0.000000 0.000000 0.000000 1.000000
0.997948 0.054828 -0.033063 -0.011900 -0.054119 0.998293 0.021968 24.670700 0.034211 -0.020134 0.999212 2.028100 0.000000 0.000000 0.000000 1.000000
0.997026 0.076183 -0.011651 -0.011900 -0.076176 0.997094 0.001056 24.670700 0.011697 -0.000165 0.999932 2.028100 0.000000 0.000000 0.000000 1.000000
0.995588 0.093744 0.004150 -0.011900 -0.093663 0.995466 -0.016575 24.670700 -0.005685 0.016114 0.999854 2.028100 0.000000 0.000000 0.000000 1.000000
0.994228 0.107292 -0.000396 -0.011900 -0.107278 0.994028 -0.020007 24.670700 -0.001753 0.019935 0.999800 2.028100 0.000000 0.000000 0.000000 1.000000
0.994638 0.103016 -0.009055 -0.011900 -0.103092 0.994637 -0.008300 24.670700 0.008152 0.009189 0.999925 2.028100 0.000000 0.000000 0.000000 1.000000
0.995723 0.091145 -0.015087 -0.011900 -0.091083 0.995832 0.004754 24.670700 0.015458 -0.003359 0.999875 2.028100 0.000000 0.000000 0.000000 1.000000
0.996613 0.079932 -0.019319 -0.011900 -0.079570 0.996651 0.018834 24.670700 0.020760 -0.017233 0.999636 2.028100 0.000000 0.000000 0.000000 1.000000
0.996595 0.079317 -0.022507 -0.011900 -0.078479 0.996268 0.035942 24.670700 0.025274 -0.034053 0.999100 2.028100 0.000000 0.000000 0.000000 1.000000
0.996263 0.083280 -0.022886 -0.011900 -0.082102 0.995452 0.048314 24.670700 0.026806 -0.046255 0.998570 2.028100 0.000000 0.000000 0.000000 1.000000
0.996230 0.083100 -0.024885 -0.011900 -0.081591 0.995062 0.056518 24.670700 0.029459 -0.054275 0.998091 2.028100 0.000000 0.000000 0.000000 1.000000
0.996853 0.073318 -0.030127 -0.011900 -0.071862 0.996312 0.046887 24.670700 0.033454 -0.044575 0.998446 2.028100 0.000000 0.000000 0.000000 1.000000
0.997621 0.058382 -0.036655 -0.011900 -0.057404 0.997981 0.027187 24.670700 0.038168 -0.025018 0.998958 2.028100 0.000000 0.000000 0.000000 1.000000
0.998165 0.042403 -0.043219 -0.011900 -0.042188 0.999092 0.005869 24.670700 0.043429 -0.004035 0.999048 2.028100 0.000000 0.000000 0.000000 1.000000
0.998574 0.024271 -0.047541 -0.011900 -0.025118 0.999535 -0.017283 24.670700 0.047099 0.018453 0.998720 2.028100 0.000000 0.000000 0.000000 1.000000
0.998695 0.008284 -0.050391 -0.011900 -0.010059 0.999334 -0.035068 24.670700 0.050067 0.035529 0.998114 2.028100 0.000000 0.000000 0.000000 1.000000
0.998639 -0.000769 -0.052156 -0.011900 -0.001571 0.998994 -0.044807 24.670700 0.052138 0.044828 0.997633 2.028100 0.000000 0.000000 0.000000 1.000000
0.998612 -0.004913 -0.052433 -0.011900 0.002571 0.998999 -0.044650 24.670700 0.052600 0.044453 0.997626 2.028100 0.000000 0.000000 0.000000 1.000000
0.998600 -0.003186 -0.052810 -0.011900 0.001686 0.999595 -0.028422 24.670700 0.052879 0.028293 0.998200 2.028100 0.000000 0.000000 0.000000 1.000000
0.998515 -0.000801 -0.054466 -0.011900 0.000074 0.999911 -0.013338 24.670700 0.054472 0.013315 0.998427 2.028100 0.000000 0.000000 0.000000 1.000000</float_array><technique_common><accessor source="#Mutant_Neck-Matrix-animation-output-transform-array" count="32" stride="16"><param type="float4x4"/></accessor></technique_common></source><source id="Mutant_Neck-Interpolations"><Name_array id="Mutant_Neck-Interpolations-array" count="32">
 LINEAR LINEAR LINEAR LINEAR LINEAR LINEAR LINEAR LINEAR LINEAR LINEAR LINEAR
LINEAR LINEAR LINEAR LINEAR LINEAR LINEAR LINEAR LINEAR LINEAR LINEAR LINEAR LINEAR
LINEAR LINEAR LINEAR LINEAR LINEAR LINEAR LINEAR LINEAR LINEAR</Name_array><technique_common><accessor source="#Mutant_Neck-Interpolations-array" count="32"><param type="name"/></accessor></technique_common></source><sampler id="Mutant_Neck-Matrix-animation-transform"><input semantic="INPUT" source="#Mutant_Neck-Matrix-animation-input"/><input semantic="OUTPUT" source="#Mutant_Neck-Matrix-animation-output-transform"/><input semantic="INTERPOLATION" source="#Mutant_Neck-Interpolations"/></sampler><channel source="#Mutant_Neck-Matrix-animation-transform" target="Mutant_Neck/matrix"/></animation>
    <animation id="Mutant_Head-anim" name="Mutant_Head"><source id="Mutant_Head-Matrix-animation-input"><float_array id="Mutant_Head-Matrix-animation-input-array" count="32">

0.000000 0.033333 0.066667 0.100000 0.133333 0.166667 0.200000 0.233333 0.266667 0.300000 0.333333 0.366667 0.400000 0.433333 0.466667 0.500000
0.533333 0.566667 0.600000 0.633333 0.666667 0.700000 0.733333 0.766667 0.800000 0.833333 0.866667 0.900000 0.933333 0.966667 1.000000 1.033333</float_array><technique_common><accessor source="#Mutant_Head-Matrix-animation-input-array" count="32"><param name="TIME" type="float"/></accessor></technique_common></source><source id="Mutant_Head-Matrix-animation-output-transform"><float_array id="Mutant_Head-Matrix-animation-output-transform-array" count="512">

0.998515 -0.000801 -0.054466 0.000000 0.000074 0.999911 -0.013338 8.817300 0.054472 0.013314 0.998427 6.102600 0.000000 0.000000 0.000000 1.000000
0.999632 0.011044 0.024782 -0.000000 -0.011806 0.999456 0.030802 8.817300 -0.024428 -0.031084 0.999218 6.102600 0.000000 0.000000 0.000000 1.000000
0.991923 0.062412 0.110428 0.000000 -0.070326 0.995115 0.069280 8.817300 -0.105564 -0.076487 0.991467 6.102600 0.000000 0.000000 0.000000 1.000000
0.989448 0.076823 0.122841 0.000000 -0.089591 0.990738 0.102037 8.817300 -0.113865 -0.111966 0.987167 6.102600 0.000000 0.000000 0.000000 1.000000
0.995214 0.060732 0.076551 -0.000000 -0.068091 0.992904 0.097494 8.817300 -0.070087 -0.102240 0.992288 6.102600 0.000000 0.000000 0.000000 1.000000
0.998426 0.036192 0.042837 -0.000000 -0.038497 0.997783 0.054283 8.817300 -0.040777 -0.055847 0.997606 6.102600 0.000000 0.000000 0.000000 1.000000
0.999296 0.024159 0.028720 0.000000 -0.025571 0.998427 0.049890 8.817300 -0.027469 -0.050589 0.998342 6.102600 0.000000 0.000000 0.000000 1.000000
0.999774 -0.004664 0.020727 0.000000 0.003316 0.997904 0.064630 8.817300 -0.020985 -0.064547 0.997694 6.102600 0.000000 0.000000 0.000000 1.000000
0.999974 -0.004643 -0.005451 0.000000 0.005069 0.996701 0.080999 8.817300 0.005057 -0.081024 0.996699 6.102600 0.000000 0.000000 0.000000 1.000000
0.999481 -0.004864 -0.031838 -0.000000 0.007434 0.996678 0.081102 8.817300 0.031337 -0.081297 0.996197 6.102600 0.000000 0.000000 0.000000 1.000000
0.998617 -0.001392 -0.052553 0.000000 0.005179 0.997391 0.071997 8.817300 0.052316 -0.072170 0.996019 6.102600 0.000000 0.000000 0.000000 1.000000
0.998161 0.010129 -0.059771 0.000000 -0.006849 0.998472 0.054834 8.817300 0.060235 -0.054324 0.996705 6.102600 0.000000 0.000000 0.000000 1.000000
0.998182 0.031373 -0.051471 0.000000 -0.029272 0.998727 0.041082 8.817300 0.052694 -0.039501 0.997829 6.102600 0.000000 0.000000 0.000000 1.000000
0.997948 0.054828 -0.033063 0.000000 -0.054120 0.998293 0.021968 8.817300 0.034211 -0.020133 0.999212 6.102600 0.000000 0.000000 0.000000 1.000000
0.997026 0.076182 -0.011651 -0.000000 -0.076175 0.997094 0.001057 8.817300 0.011697 -0.000166 0.999932 6.102600 0.000000 0.000000 0.000000 1.000000
0.995588 0.093744 0.004150 0.000000 -0.093663 0.995466 -0.016576 8.817300 -0.005685 0.016114 0.999854 6.102600 0.000000 0.000000 0.000000 1.000000
0.994227 0.107292 -0.000396 0.000000 -0.107278 0.994028 -0.020008 8.817300 -0.001753 0.019935 0.999800 6.102600 0.000000 0.000000 0.000000 1.000000
0.994638 0.103016 -0.009055 -0.000000 -0.103092 0.994637 -0.008299 8.817300 0.008152 0.009189 0.999925 6.102600 0.000000 0.000000 0.000000 1.000000
0.995723 0.091145 -0.015087 -0.000000 -0.091083 0.995832 0.004754 8.817300 0.015458 -0.003359 0.999875 6.102600 0.000000 0.000000 0.000000 1.000000
0.996613 0.079931 -0.019319 -0.000000 -0.079569 0.996651 0.018834 8.817300 0.020760 -0.017233 0.999636 6.102600 0.000000 0.000000 0.000000 1.000000
0.996595 0.079317 -0.022507 0.000000 -0.078479 0.996268 0.035942 8.817300 0.025274 -0.034053 0.999100 6.102600 0.000000 0.000000 0.000000 1.000000
0.996263 0.083279 -0.022886 -0.000000 -0.082101 0.995452 0.048315 8.817300 0.026806 -0.046255 0.998570 6.102600 0.000000 0.000000 0.000000 1.000000
0.996230 0.083100 -0.024885 -0.000000 -0.081591 0.995062 0.056519 8.817300 0.029459 -0.054275 0.998091 6.102600 0.000000 0.000000 0.000000 1.000000
0.996853 0.073319 -0.030127 -0.000000 -0.071862 0.996312 0.046887 8.817300 0.033454 -0.044575 0.998446 6.102600 0.000000 0.000000 0.000000 1.000000
0.997621 0.058382 -0.036655 -0.000000 -0.057404 0.997981 0.027186 8.817300 0.038168 -0.025018 0.998958 6.102600 0.000000 0.000000 0.000000 1.000000
0.998165 0.042403 -0.043219 -0.000000 -0.042188 0.999092 0.005870 8.817300 0.043429 -0.004035 0.999048 6.102600 0.000000 0.000000 0.000000 1.000000
0.998574 0.024271 -0.047540 0.000000 -0.025118 0.999535 -0.017283 8.817300 0.047099 0.018453 0.998720 6.102600 0.000000 0.000000 0.000000 1.000000
0.998695 0.008284 -0.050391 0.000000 -0.010059 0.999334 -0.035068 8.817300 0.050067 0.035529 0.998114 6.102600 0.000000 0.000000 0.000000 1.000000
0.998639 -0.000769 -0.052156 0.000000 -0.001571 0.998994 -0.044807 8.817300 0.052138 0.044828 0.997633 6.102600 0.000000 0.000000 0.000000 1.000000
0.998612 -0.004913 -0.052432 0.000000 0.002571 0.998999 -0.044650 8.817300 0.052599 0.044453 0.997626 6.102600 0.000000 0.000000 0.000000 1.000000
0.998600 -0.003186 -0.052810 0.000000 0.001686 0.999595 -0.028422 8.817300 0.052879 0.028293 0.998200 6.102600 0.000000 0.000000 0.000000 1.000000
0.998515 -0.000801 -0.054466 0.000000 0.000075 0.999911 -0.013338 8.817300 0.054472 0.013314 0.998427 6.102600 0.000000 0.000000 0.000000 1.000000</float_array><technique_common><accessor source="#Mutant_Head-Matrix-animation-output-transform-array" count="32" stride="16"><param type="float4x4"/></accessor></technique_common></source><source id="Mutant_Head-Interpolations"><Name_array id="Mutant_Head-Interpolations-array" count="32">
 LINEAR LINEAR LINEAR LINEAR LINEAR LINEAR LINEAR LINEAR LINEAR LINEAR LINEAR
LINEAR LINEAR LINEAR LINEAR LINEAR LINEAR LINEAR LINEAR LINEAR LINEAR LINEAR LINEAR
