<?xml version="1.0" encoding="utf-8"?>
<COLLADA xmlns="http://www.collada.org/2005/11/COLLADASchema" version="1.4.1">
  <asset><contributor><author>Mixamo</author><authoring_tool>COLLADA Mixamo exporter</authoring_tool><comments></comments></contributor><created>2019-12-01T03:40:30Z</created><modified>2019-12-01T03:40:30Z</modified><revision></revision><title></title><unit meter="0.010000"/><up_axis>Y_UP</up_axis></asset>
  <library_animations>
    <animation id="Mutant_Hips-anim" name="Mutant_Hips"><source id="Mutant_Hips-Matrix-animation-input"><float_array id="Mutant_Hips-Matrix-animation-input-array" count="428">

0.000000 0.033333 0.066667 0.100000 0.133333 0.166667 0.200000 0.233333 0.266667 0.300000 0.333333 0.366667 0.400000 0.433333 0.466667 0.500000
0.533333 0.566667 0.600000 0.633333 0.666667 0.700000 0.733333 0.766667 0.800000 0.833333 0.866667 0.900000 0.933333 0.966667 1.000000 1.033333
1.066667 1.100000 1.133333 1.166667 1.200000 1.233333 1.266667 1.300000 1.333333 1.366667 1.400000 1.433333 1.466667 1.500000 1.533333 1.566667
1.600000 1.633333 1.666667 1.700000 1.733333 1.766667 1.800000 1.833333 1.866667 1.900000 1.933333 1.966667 2.000000 2.033333 2.066667 2.100000
2.133333 2.166667 2.200000 2.233333 2.266667 2.300000 2.333333 2.366667 2.400000 2.433333 2.466667 2.500000 2.533333 2.566667 2.600000 2.633333
2.666667 2.700000 2.733333 2.766667 2.800000 2.833333 2.866667 2.900000 2.933333 2.966667 3.000000 3.033333 3.066667 3.100000 3.133333 3.166667
3.200000 3.233333 3.266667 3.300000 3.333333 3.366667 3.400000 3.433333 3.466667 3.500000 3.533333 3.566667 3.600000 3.633333 3.666667 3.700000
3.733333 3.766667 3.800000 3.833333 3.866667 3.900000 3.933333 3.966667 4.000000 4.033333 4.066667 4.100000 4.133333 4.166667 4.200000 4.233333
4.266667 4.300000 4.333333 4.366667 4.400000 4.433333 4.466667 4.500000 4.533333 4.566667 4.600000 4.633333 4.666667 4.700000 4.733333 4.766667
4.800000 4.833333 4.866667 4.900000 4.933333 4.966667 5.000000 5.033333 5.066667 5.100000 5.133333 5.166667 5.200000 5.233333 5.266667 5.300000
5.333333 5.366667 5.400000 5.433333 5.466667 5.500000 5.533333 5.566667 5.600000 5.633333 5.666667 5.700000 5.733333 5.766667 5.800000 5.833333
5.866667 5.900000 5.933333 5.966667 6.000000 6.033333 6.066667 6.100000 6.133333 6.166667 6.200000 6.233333 6.266667 6.300000 6.333333 6.366667
6.400000 6.433333 6.466667 6.500000 6.533333 6.566667 6.600000 6.633333 6.666667 6.700000 6.733333 6.766667 6.800000 6.833333 6.866667 6.900000
6.933333 6.966667 7.000000 7.033333 7.066667 7.100000 7.133333 7.166667 7.200000 7.233333 7.266667 7.300000 7.333333 7.366667 7.400000 7.433333
7.466667 7.500000 7.533333 7.566667 7.600000 7.633333 7.666667 7.700000 7.733333 7.766667 7.800000 7.833333 7.866667 7.900000 7.933333 7.966667
8.000000 8.033333 8.066667 8.100000 8.133333 8.166667 8.200000 8.233333 8.266667 8.300000 8.333333 8.366667 8.400000 8.433333 8.466667 8.500000
8.533333 8.566667 8.600000 8.633333 8.666667 8.700000 8.733333 8.766667 8.800000 8.833333 8.866667 8.900000 8.933333 8.966667 9.000000 9.033333
9.066667 9.100000 9.133333 9.166667 9.200000 9.233333 9.266667 9.300000 9.333333 9.366667 9.400000 9.433333 9.466667 9.500000 9.533333 9.566667
9.600000 9.633333 9.666667 9.700000 9.733333 9.766667 9.800000 9.833333 9.866667 9.900000 9.933333 9.966667 10.000000 10.033333 10.066667 10.100000
10.133333 10.166667 10.200000 10.233333 10.266667 10.300000 10.333333 10.366667 10.400000 10.433333 10.466667 10.500000 10.533333 10.566667 10.600000 10.633333
10.666667 10.700000 10.733333 10.766667 10.800000 10.833333 10.866667 10.900000 10.933333 10.966667 11.000000 11.033333 11.066667 11.100000 11.133333 11.166667
11.200000 11.233333 11.266667 11.300000 11.333333 11.366667 11.400000 11.433333 11.466667 11.500000 11.533333 11.566667 11.600000 11.633333 11.666667 11.700000
11.733333 11.766667 11.800000 11.833333 11.866667 11.900000 11.933333 11.966667 12.000000 12.033333 12.066667 12.100000 12.133333 12.166667 12.200000 12.233333
12.266667 12.300000 12.333333 12.366667 12.400000 12.433333 12.466667 12.500000 12.533333 12.566667 12.600000 12.633333 12.666667 12.700000 12.733333 12.766667
12.800000 12.833333 12.866667 12.900000 12.933333 12.966667 13.000000 13.033333 13.066667 13.100000 13.133333 13.166667 13.200000 13.233333 13.266667 13.300000
13.333333 13.366667 13.400000 13.433333 13.466667 13.500000 13.533333 13.566667 13.600000 13.633333 13.666667 13.700000 13.733333 13.766667 13.800000 13.833333
13.866667 13.900000 13.933333 13.966667 14.000000 14.033333 14.066667 14.100000 14.133333 14.166667 14.200000 14.233333</float_array><technique_common><accessor source="#Mutant_Hips-Matrix-animation-input-array" count="428"><param name="TIME" type="float"/></accessor></technique_common></source><source id="Mutant_Hips-Matrix-animation-output-transform"><float_array id="Mutant_Hips-Matrix-animation-output-transform-array" count="6848">

0.999820 0.018950 0.000042 -0.000004 -0.018950 0.999811 0.004403 80.533012 0.000042 -0.004403 0.999990 -0.000002 0.000000 0.000000 0.000000 1.000000
0.999822 0.018866 -0.000019 -0.006242 -0.018865 0.999811 0.004739 80.522614 0.000109 -0.004738 0.999989 0.005110 0.000000 0.000000 0.000000 1.000000
0.999825 0.018680 -0.000245 -0.008722 -0.018678 0.999813 0.005023 80.521118 0.000339 -0.005018 0.999987 0.027640 0.000000 0.000000 0.000000 1.000000
0.999829 0.018504 -0.000606 -0.009039 -0.018501 0.999815 0.005222 80.529510 0.000702 -0.005210 0.999986 0.070687 0.000000 0.000000 0.000000 1.000000
0.999831 0.018352 -0.001068 -0.007003 -0.018346 0.999817 0.005359 80.547813 0.001166 -0.005338 0.999985 0.128721 0.000000 0.000000 0.000000 1.000000
0.999833 0.018184 -0.001563 -0.002180 -0.018175 0.999819 0.005566 80.574356 0.001664 -0.005536 0.999983 0.194284 0.000000 0.000000 0.000000 1.000000
0.999837 0.017963 -0.002049 0.004516 -0.017951 0.999821 0.006015 80.605598 0.002157 -0.005977 0.999980 0.263917 0.000000 0.000000 0.000000 1.000000
0.999840 0.017716 -0.002533 0.010706 -0.017698 0.999820 0.006802 80.637260 0.002653 -0.006756 0.999974 0.336546 0.000000 0.000000 0.000000 1.000000
0.999842 0.017503 -0.003037 0.014742 -0.017478 0.999816 0.007877 80.666588 0.003175 -0.007823 0.999964 0.410978 0.000000 0.000000 0.000000 1.000000
0.999842 0.017389 -0.003586 0.016268 -0.017356 0.999808 0.009146 80.690170 0.003744 -0.009082 0.999952 0.486232 0.000000 0.000000 0.000000 1.000000
0.999842 0.017300 -0.004115 0.016311 -0.017257 0.999798 0.010345 80.707657 0.004293 -0.010273 0.999938 0.562722 0.000000 0.000000 0.000000 1.000000
0.999844 0.017101 -0.004401 0.015110 -0.017050 0.999790 0.011360 80.722855 0.004594 -0.011284 0.999926 0.639851 0.000000 0.000000 0.000000 1.000000
0.999852 0.016671 -0.004157 0.013731 -0.016619 0.999788 0.012135 80.739372 0.004358 -0.012064 0.999918 0.716906 0.000000 0.000000 0.000000 1.000000
0.999866 0.016034 -0.003345 0.013737 -0.015991 0.999793 0.012615 80.760994 0.003546 -0.012560 0.999915 0.795323 0.000000 0.000000 0.000000 1.000000
0.999878 0.015430 -0.002335 0.016832 -0.015399 0.999801 0.012708 80.790382 0.002531 -0.012670 0.999917 0.879170 0.000000 0.000000 0.000000 1.000000
0.999885 0.015084 -0.001537 0.023928 -0.015064 0.999810 0.012377 80.828911 0.001724 -0.012352 0.999922 0.969627 0.000000 0.000000 0.000000 1.000000
0.999887 0.014983 -0.001028 0.035044 -0.014970 0.999819 0.011738 80.876190 0.001203 -0.011721 0.999931 1.063440 0.000000 0.000000 0.000000 1.000000
0.999888 0.014940 -0.000651 0.049431 -0.014932 0.999828 0.010974 80.930061 0.000815 -0.010963 0.999940 1.156673 0.000000 0.000000 0.000000 1.000000
0.999889 0.014903 -0.000245 0.065721 -0.014900 0.999837 0.010235 80.985809 0.000398 -0.010230 0.999948 1.247484 0.000000 0.000000 0.000000 1.000000
0.999890 0.014856 0.000184 0.082897 -0.014858 0.999843 0.009631 81.039200 -0.000041 -0.009633 0.999954 1.334710 0.000000 0.000000 0.000000 1.000000
0.999890 0.014795 0.000455 0.100466 -0.014799 0.999848 0.009217 81.087509 -0.000319 -0.009223 0.999957 1.417887 0.000000 0.000000 0.000000 1.000000
0.999892 0.014717 0.000434 0.118473 -0.014720 0.999851 0.009006 81.129494 -0.000301 -0.009012 0.999959 1.497329 0.000000 0.000000 0.000000 1.000000
0.999894 0.014559 0.000153 0.137403 -0.014560 0.999853 0.009023 81.164803 -0.000022 -0.009024 0.999959 1.573654 0.000000 0.000000 0.000000 1.000000
0.999899 0.014243 -0.000341 0.158223 -0.014239 0.999855 0.009309 81.194412 0.000473 -0.009303 0.999957 1.647111 0.000000 0.000000 0.000000 1.000000
0.999903 0.013916 -0.001029 0.180912 -0.013905 0.999855 0.009796 81.219940 0.001166 -0.009780 0.999951 1.716851 0.000000 0.000000 0.000000 1.000000
0.999903 0.013794 -0.001745 0.204157 -0.013775 0.999853 0.010245 81.242882 0.001886 -0.010220 0.999946 1.781945 0.000000 0.000000 0.000000 1.000000
0.999902 0.013838 -0.002171 0.226897 -0.013814 0.999850 0.010493 81.265053 0.002316 -0.010462 0.999943 1.842027 0.000000 0.000000 0.000000 1.000000
0.999900 0.013951 -0.002165 0.248421 -0.013927 0.999847 0.010594 81.287903 0.002313 -0.010563 0.999942 1.896799 0.000000 0.000000 0.000000 1.000000
0.999899 0.014090 -0.001922 0.269114 -0.014069 0.999844 0.010657 81.311844 0.002072 -0.010628 0.999941 1.946139 0.000000 0.000000 0.000000 1.000000
0.999897 0.014254 -0.001671 0.289919 -0.014236 0.999842 0.010683 81.336418 0.001823 -0.010658 0.999942 1.989995 0.000000 0.000000 0.000000 1.000000
0.999894 0.014466 -0.001399 0.311242 -0.014451 0.999840 0.010586 81.360252 0.001552 -0.010564 0.999943 2.027304 0.000000 0.000000 0.000000 1.000000
0.999892 0.014689 -0.001023 0.332307 -0.014678 0.999839 0.010300 81.381554 0.001174 -0.010283 0.999946 2.056137 0.000000 0.000000 0.000000 1.000000
0.999891 0.014782 -0.000580 0.352411 -0.014776 0.999841 0.010014 81.399506 0.000728 -0.010005 0.999950 2.076142 0.000000 0.000000 0.000000 1.000000
0.999892 0.014719 -0.000150 0.372097 -0.014717 0.999843 0.009840 81.415909 0.000294 -0.009836 0.999952 2.088926 0.000000 0.000000 0.000000 1.000000
0.999895 0.014520 0.000220 0.392498 -0.014522 0.999847 0.009732 81.433899 -0.000079 -0.009734 0.999953 2.097130 0.000000 0.000000 0.000000 1.000000
0.999897 0.014359 0.000451 0.413003 -0.014362 0.999851 0.009627 81.455338 -0.000313 -0.009632 0.999954 2.103499 0.000000 0.000000 0.000000 1.000000
0.999898 0.014296 0.000454 0.432350 -0.014299 0.999852 0.009535 81.479622 -0.000317 -0.009541 0.999954 2.110162 0.000000 0.000000 0.000000 1.000000
0.999898 0.014273 0.000205 0.449924 -0.014274 0.999853 0.009487 81.505371 -0.000070 -0.009489 0.999955 2.117754 0.000000 0.000000 0.000000 1.000000
0.999898 0.014295 -0.000244 0.464920 -0.014292 0.999853 0.009450 81.532066 0.000379 -0.009446 0.999955 2.125684 0.000000 0.000000 0.000000 1.000000
0.999896 0.014396 -0.000803 0.475922 -0.014388 0.999852 0.009432 81.559265 0.000939 -0.009420 0.999955 2.133400 0.000000 0.000000 0.000000 1.000000
0.999892 0.014658 -0.001405 0.481677 -0.014644 0.999848 0.009442 81.585464 0.001543 -0.009420 0.999954 2.140910 0.000000 0.000000 0.000000 1.000000
0.999885 0.015028 -0.001965 0.482131 -0.015009 0.999842 0.009487 81.608704 0.002108 -0.009456 0.999953 2.148423 0.000000 0.000000 0.000000 1.000000
0.999878 0.015418 -0.002373 0.478269 -0.015395 0.999835 0.009610 81.628586 0.002520 -0.009573 0.999951 2.155293 0.000000 0.000000 0.000000 1.000000
0.999872 0.015761 -0.002609 0.471161 -0.015734 0.999828 0.009842 81.646324 0.002763 -0.009800 0.999948 2.160268 0.000000 0.000000 0.000000 1.000000
0.999867 0.016052 -0.002753 0.461551 -0.016024 0.999821 0.010041 81.663025 0.002914 -0.009995 0.999946 2.162532 0.000000 0.000000 0.000000 1.000000
0.999863 0.016327 -0.002808 0.450383 -0.016298 0.999816 0.010079 81.678696 0.002972 -0.010032 0.999945 2.162068 0.000000 0.000000 0.000000 1.000000
0.999859 0.016594 -0.002750 0.438596 -0.016565 0.999812 0.010039 81.692970 0.002916 -0.009992 0.999946 2.159181 0.000000 0.000000 0.000000 1.000000
0.999855 0.016818 -0.002517 0.426619 -0.016792 0.999810 0.009942 81.705399 0.002683 -0.009899 0.999947 2.153365 0.000000 0.000000 0.000000 1.000000
0.999854 0.016976 -0.002173 0.414801 -0.016954 0.999808 0.009811 81.715401 0.002339 -0.009772 0.999950 2.143319 0.000000 0.000000 0.000000 1.000000
0.999853 0.017033 -0.001802 0.404041 -0.017014 0.999808 0.009744 81.721909 0.001968 -0.009712 0.999951 2.127647 0.000000 0.000000 0.000000 1.000000
0.999853 0.017058 -0.001457 0.395098 -0.017043 0.999807 0.009727 81.724411 0.001622 -0.009701 0.999952 2.105967 0.000000 0.000000 0.000000 1.000000
0.999854 0.017052 -0.001142 0.388263 -0.017040 0.999807 0.009819 81.723541 0.001309 -0.009798 0.999951 2.079585 0.000000 0.000000 0.000000 1.000000
0.999855 0.017014 -0.000890 0.382871 -0.017004 0.999805 0.010054 81.721237 0.001061 -0.010037 0.999949 2.050252 0.000000 0.000000 0.000000 1.000000
0.999856 0.016941 -0.000746 0.378012 -0.016932 0.999803 0.010342 81.719872 0.000921 -0.010328 0.999946 2.020454 0.000000 0.000000 0.000000 1.000000
0.999859 0.016764 -0.000665 0.373578 -0.016756 0.999804 0.010570 81.721451 0.000842 -0.010557 0.999944 1.992590 0.000000 0.000000 0.000000 1.000000
0.999862 0.016613 -0.000570 0.369347 -0.016606 0.999805 0.010712 81.725601 0.000747 -0.010701 0.999942 1.965526 0.000000 0.000000 0.000000 1.000000
0.999862 0.016636 -0.000434 0.364612 -0.016630 0.999802 0.010921 81.729294 0.000616 -0.010912 0.999940 1.934035 0.000000 0.000000 0.000000 1.000000
0.999857 0.016915 -0.000232 0.357985 -0.016911 0.999793 0.011312 81.728973 0.000423 -0.011307 0.999936 1.892902 0.000000 0.000000 0.000000 1.000000
0.999850 0.017332 0.000035 0.349201 -0.017331 0.999780 0.011805 81.722427 0.000170 -0.011804 0.999930 1.840684 0.000000 0.000000 0.000000 1.000000
0.999842 0.017762 0.000343 0.338879 -0.017764 0.999767 0.012255 81.708496 -0.000125 -0.012260 0.999925 1.779690 0.000000 0.000000 0.000000 1.000000
0.999835 0.018157 0.000659 0.327865 -0.018164 0.999755 0.012681 81.686279 -0.000428 -0.012690 0.999919 1.713083 0.000000 0.000000 0.000000 1.000000
0.999829 0.018461 0.000971 0.317119 -0.018472 0.999741 0.013264 81.656219 -0.000725 -0.013280 0.999912 1.642938 0.000000 0.000000 0.000000 1.000000
0.999827 0.018557 0.001365 0.307782 -0.018574 0.999728 0.014122 81.620377 -0.001103 -0.014145 0.999899 1.570251 0.000000 0.000000 0.000000 1.000000
0.999826 0.018571 0.001938 0.299710 -0.018598 0.999712 0.015146 81.581703 -0.001656 -0.015180 0.999883 1.496815 0.000000 0.000000 0.000000 1.000000
0.999825 0.018534 0.002599 0.293247 -0.018574 0.999697 0.016143 81.541946 -0.002299 -0.016189 0.999866 1.425477 0.000000 0.000000 0.000000 1.000000
0.999824 0.018471 0.003182 0.289151 -0.018522 0.999683 0.017074 81.501160 -0.002866 -0.017130 0.999849 1.357597 0.000000 0.000000 0.000000 1.000000
0.999824 0.018400 0.003629 0.287931 -0.018463 0.999667 0.018050 81.458565 -0.003295 -0.018114 0.999830 1.291282 0.000000 0.000000 0.000000 1.000000
0.999824 0.018342 0.003916 0.289585 -0.018414 0.999647 0.019164 81.414360 -0.003563 -0.019233 0.999809 1.223544 0.000000 0.000000 0.000000 1.000000
0.999824 0.018320 0.003960 0.293888 -0.018397 0.999623 0.020399 81.370689 -0.003585 -0.020468 0.999784 1.153850 0.000000 0.000000 0.000000 1.000000
0.999825 0.018359 0.003622 0.300042 -0.018433 0.999597 0.021601 81.330223 -0.003224 -0.021664 0.999760 1.084860 0.000000 0.000000 0.000000 1.000000
0.999824 0.018566 0.002836 0.306331 -0.018625 0.999572 0.022549 81.294006 -0.002416 -0.022598 0.999742 1.019232 0.000000 0.000000 0.000000 1.000000
0.999818 0.018980 0.001793 0.310996 -0.019016 0.999550 0.023193 81.261002 -0.001352 -0.023223 0.999729 0.955987 0.000000 0.000000 0.000000 1.000000
0.999810 0.019477 0.000792 0.312987 -0.019490 0.999529 0.023698 81.230278 -0.000330 -0.023709 0.999719 0.891747 0.000000 0.000000 0.000000 1.000000
0.999802 0.019910 -0.000080 0.313015 -0.019902 0.999508 0.024235 81.202507 0.000563 -0.024229 0.999706 0.825038 0.000000 0.000000 0.000000 1.000000
0.999795 0.020237 -0.000931 0.313170 -0.020208 0.999486 0.024889 81.178688 0.001435 -0.024865 0.999690 0.757408 0.000000 0.000000 0.000000 1.000000
0.999788 0.020524 -0.001829 0.314879 -0.020471 0.999461 0.025672 81.158325 0.002355 -0.025629 0.999669 0.690996 0.000000 0.000000 0.000000 1.000000
0.999779 0.020851 -0.002747 0.317964 -0.020771 0.999433 0.026518 81.140640 0.003298 -0.026455 0.999645 0.626171 0.000000 0.000000 0.000000 1.000000
0.999769 0.021177 -0.003634 0.322232 -0.021070 0.999406 0.027277 81.125351 0.004210 -0.027195 0.999621 0.561635 0.000000 0.000000 0.000000 1.000000
0.999762 0.021340 -0.004456 0.328329 -0.021208 0.999387 0.027851 81.112396 0.005047 -0.027750 0.999602 0.496396 0.000000 0.000000 0.000000 1.000000
0.999759 0.021343 -0.005181 0.336330 -0.021188 0.999375 0.028284 81.101028 0.005781 -0.028167 0.999587 0.430933 0.000000 0.000000 0.000000 1.000000
0.999758 0.021243 -0.005756 0.345170 -0.021070 0.999368 0.028640 81.089943 0.006361 -0.028512 0.999573 0.366418 0.000000 0.000000 0.000000 1.000000
0.999760 0.021032 -0.006110 0.352677 -0.020847 0.999364 0.028938 81.078079 0.006715 -0.028804 0.999563 0.303433 0.000000 0.000000 0.000000 1.000000
0.999765 0.020760 -0.006275 0.356989 -0.020568 0.999362 0.029190 81.065063 0.006877 -0.029054 0.999554 0.242295 0.000000 0.000000 0.000000 1.000000
0.999769 0.020511 -0.006382 0.357152 -0.020315 0.999360 0.029430 81.051750 0.006982 -0.029294 0.999546 0.183726 0.000000 0.000000 0.000000 1.000000
0.999771 0.020365 -0.006500 0.352939 -0.020164 0.999357 0.029650 81.039490 0.007100 -0.029512 0.999539 0.128065 0.000000 0.000000 0.000000 1.000000
0.999772 0.020293 -0.006648 0.344686 -0.020087 0.999356 0.029727 81.029816 0.007247 -0.029587 0.999536 0.074785 0.000000 0.000000 0.000000 1.000000
0.999772 0.020210 -0.006897 0.333226 -0.019998 0.999364 0.029509 81.023705 0.007489 -0.029365 0.999541 0.023371 0.000000 0.000000 0.000000 1.000000
0.999773 0.020031 -0.007290 0.319387 -0.019812 0.999383 0.028999 81.021179 0.007867 -0.028848 0.999553 -0.025901 0.000000 0.000000 0.000000 1.000000
0.999775 0.019747 -0.007771 0.302932 -0.019519 0.999407 0.028372 81.021606 0.008327 -0.028214 0.999567 -0.072252 0.000000 0.000000 0.000000 1.000000
0.999778 0.019408 -0.008210 0.283310 -0.019173 0.999431 0.027743 81.023323 0.008744 -0.027580 0.999581 -0.115464 0.000000 0.000000 0.000000 1.000000
0.999781 0.019110 -0.008492 0.260838 -0.018874 0.999455 0.027078 81.023796 0.009004 -0.026911 0.999597 -0.155721 0.000000 0.000000 0.000000 1.000000
0.999785 0.018893 -0.008598 0.236714 -0.018661 0.999477 0.026394 81.020569 0.009092 -0.026228 0.999615 -0.192538 0.000000 0.000000 0.000000 1.000000
0.999789 0.018645 -0.008638 0.212706 -0.018416 0.999495 0.025885 81.013222 0.009117 -0.025720 0.999628 -0.225245 0.000000 0.000000 0.000000 1.000000
0.999797 0.018217 -0.008630 0.190163 -0.017990 0.999506 0.025763 81.002693 0.009095 -0.025602 0.999631 -0.253892 0.000000 0.000000 0.000000 1.000000
0.999808 0.017617 -0.008581 0.169530 -0.017388 0.999510 0.026029 80.989670 0.009035 -0.025875 0.999624 -0.278307 0.000000 0.000000 0.000000 1.000000
0.999820 0.016982 -0.008426 0.151113 -0.016754 0.999509 0.026472 80.974472 0.008872 -0.026326 0.999614 -0.297497 0.000000 0.000000 0.000000 1.000000
0.999832 0.016421 -0.008193 0.135535 -0.016195 0.999507 0.026907 80.957657 0.008631 -0.026770 0.999604 -0.311034 0.000000 0.000000 0.000000 1.000000
0.999841 0.015942 -0.007959 0.122913 -0.015720 0.999503 0.027312 80.940475 0.008390 -0.027183 0.999595 -0.319094 0.000000 0.000000 0.000000 1.000000
0.999849 0.015520 -0.007818 0.112350 -0.015298 0.999498 0.027734 80.924484 0.008244 -0.027611 0.999585 -0.322157 0.000000 0.000000 0.000000 1.000000
0.999855 0.015165 -0.007770 0.102420 -0.014941 0.999493 0.028132 80.910950 0.008192 -0.028012 0.999574 -0.321371 0.000000 0.000000 0.000000 1.000000
0.999859 0.014894 -0.007754 0.092291 -0.014669 0.999489 0.028399 80.900749 0.008173 -0.028281 0.999567 -0.318095 0.000000 0.000000 0.000000 1.000000
0.999862 0.014693 -0.007759 0.082000 -0.014467 0.999490 0.028458 80.894669 0.008174 -0.028341 0.999565 -0.313293 0.000000 0.000000 0.000000 1.000000
0.999863 0.014621 -0.007777 0.071585 -0.014394 0.999493 0.028414 80.892899 0.008189 -0.028298 0.999566 -0.307543 0.000000 0.000000 0.000000 1.000000
0.999863 0.014612 -0.007803 0.061211 -0.014386 0.999497 0.028261 80.894653 0.008212 -0.028145 0.999570 -0.301870 0.000000 0.000000 0.000000 1.000000
0.999862 0.014652 -0.007829 0.051086 -0.014428 0.999503 0.028044 80.898323 0.008236 -0.027927 0.999576 -0.297074 0.000000 0.000000 0.000000 1.000000
0.999860 0.014764 -0.007848 0.041537 -0.014541 0.999508 0.027785 80.902245 0.008254 -0.027667 0.999583 -0.293803 0.000000 0.000000 0.000000 1.000000
0.999858 0.014936 -0.007853 0.033098 -0.014715 0.999513 0.027501 80.905624 0.008260 -0.027382 0.999591 -0.291815 0.000000 0.000000 0.000000 1.000000
0.999855 0.015099 -0.007841 0.026274 -0.014881 0.999519 0.027211 80.908409 0.008248 -0.027090 0.999599 -0.289935 0.000000 0.000000 0.000000 1.000000
0.999854 0.015205 -0.007805 0.021189 -0.014990 0.999525 0.026918 80.910736 0.008211 -0.026797 0.999607 -0.287141 0.000000 0.000000 0.000000 1.000000
0.999854 0.015258 -0.007739 0.017942 -0.015047 0.999533 0.026613 80.912735 0.008141 -0.026492 0.999616 -0.283580 0.000000 0.000000 0.000000 1.000000
0.999854 0.015292 -0.007571 0.016758 -0.015089 0.999541 0.026282 80.914268 0.007969 -0.026164 0.999626 -0.279791 0.000000 0.000000 0.000000 1.000000
0.999856 0.015307 -0.007357 0.018046 -0.015112 0.999550 0.025903 80.915131 0.007750 -0.025788 0.999637 -0.275757 0.000000 0.000000 0.000000 1.000000
0.999857 0.015301 -0.007148 0.021977 -0.015115 0.999562 0.025443 80.915497 0.007535 -0.025332 0.999651 -0.270949 0.000000 0.000000 0.000000 1.000000
0.999859 0.015271 -0.006977 0.028357 -0.015093 0.999576 0.024898 80.915939 0.007354 -0.024789 0.999666 -0.264949 0.000000 0.000000 0.000000 1.000000
0.999861 0.015214 -0.006863 0.036722 -0.015043 0.999591 0.024303 80.916595 0.007230 -0.024196 0.999681 -0.257643 0.000000 0.000000 0.000000 1.000000
0.999863 0.015056 -0.006837 0.046905 -0.014890 0.999608 0.023716 80.917076 0.007192 -0.023611 0.999695 -0.248908 0.000000 0.000000 0.000000 1.000000
0.999866 0.014817 -0.006993 0.058517 -0.014651 0.999624 0.023185 80.916122 0.007334 -0.023080 0.999707 -0.238248 0.000000 0.000000 0.000000 1.000000
0.999867 0.014533 -0.007381 0.071059 -0.014362 0.999638 0.022742 80.912399 0.007709 -0.022633 0.999714 -0.225004 0.000000 0.000000 0.000000 1.000000
0.999866 0.014289 -0.007950 0.083777 -0.014107 0.999650 0.022398 80.905144 0.008267 -0.022283 0.999718 -0.208868 0.000000 0.000000 0.000000 1.000000
0.999862 0.014194 -0.008577 0.095674 -0.014001 0.999657 0.022141 80.894287 0.008888 -0.022018 0.999718 -0.190262 0.000000 0.000000 0.000000 1.000000
0.999857 0.014246 -0.009157 0.105937 -0.014042 0.999661 0.021932 80.880928 0.009466 -0.021801 0.999718 -0.169944 0.000000 0.000000 0.000000 1.000000
0.999850 0.014415 -0.009625 0.114287 -0.014203 0.999663 0.021716 80.866325 0.009934 -0.021576 0.999718 -0.148260 0.000000 0.000000 0.000000 1.000000
0.999844 0.014622 -0.009920 0.120608 -0.014407 0.999667 0.021427 80.851723 0.010230 -0.021280 0.999721 -0.125251 0.000000 0.000000 0.000000 1.000000
0.999840 0.014839 -0.009982 0.124409 -0.014626 0.999672 0.021013 80.838394 0.010291 -0.020864 0.999729 -0.101165 0.000000 0.000000 0.000000 1.000000
0.999838 0.015085 -0.009846 0.125173 -0.014881 0.999680 0.020456 80.827988 0.010151 -0.020306 0.999742 -0.075906 0.000000 0.000000 0.000000 1.000000
0.999835 0.015359 -0.009658 0.123138 -0.015166 0.999690 0.019755 80.822189 0.009958 -0.019605 0.999758 -0.048486 0.000000 0.000000 0.000000 1.000000
0.999833 0.015599 -0.009497 0.118898 -0.015417 0.999702 0.018943 80.821732 0.009790 -0.018793 0.999775 -0.018233 0.000000 0.000000 0.000000 1.000000
0.999834 0.015718 -0.009242 0.112542 -0.015549 0.999715 0.018120 80.825455 0.009524 -0.017973 0.999793 0.014050 0.000000 0.000000 0.000000 1.000000
0.999838 0.015734 -0.008794 0.103548 -0.015579 0.999727 0.017410 80.830887 0.009066 -0.017270 0.999810 0.047321 0.000000 0.000000 0.000000 1.000000
0.999842 0.015715 -0.008255 0.092012 -0.015575 0.999737 0.016846 80.835411 0.008518 -0.016715 0.999824 0.081765 0.000000 0.000000 0.000000 1.000000
0.999846 0.015706 -0.007838 0.080037 -0.015576 0.999745 0.016344 80.837898 0.008093 -0.016220 0.999836 0.118852 0.000000 0.000000 0.000000 1.000000
0.999846 0.015748 -0.007705 0.070084 -0.015625 0.999753 0.015805 80.839615 0.007952 -0.015682 0.999845 0.161674 0.000000 0.000000 0.000000 1.000000
0.999843 0.015911 -0.007778 0.062612 -0.015791 0.999760 0.015214 80.843872 0.008018 -0.015088 0.999854 0.213719 0.000000 0.000000 0.000000 1.000000
0.999839 0.016108 -0.007956 0.056636 -0.015990 0.999765 0.014631 80.854256 0.008189 -0.014502 0.999861 0.277008 0.000000 0.000000 0.000000 1.000000
0.999833 0.016327 -0.008232 0.050963 -0.016209 0.999768 0.014162 80.873245 0.008461 -0.014026 0.999866 0.351731 0.000000 0.000000 0.000000 1.000000
0.999825 0.016610 -0.008631 0.045722 -0.016489 0.999767 0.013923 80.901527 0.008861 -0.013778 0.999866 0.436981 0.000000 0.000000 0.000000 1.000000
0.999814 0.016988 -0.009089 0.041554 -0.016861 0.999762 0.013876 80.938011 0.009322 -0.013721 0.999862 0.531504 0.000000 0.000000 0.000000 1.000000
0.999802 0.017425 -0.009603 0.039182 -0.017294 0.999759 0.013555 80.978508 0.009837 -0.013386 0.999862 0.634906 0.000000 0.000000 0.000000 1.000000
0.999787 0.017829 -0.010414 0.039442 -0.017700 0.999767 0.012341 81.017609 0.010632 -0.012154 0.999870 0.748355 0.000000 0.000000 0.000000 1.000000
0.999767 0.018158 -0.011649 0.043533 -0.018039 0.999785 0.010247 81.056534 0.011832 -0.010035 0.999880 0.874687 0.000000 0.000000 0.000000 1.000000
0.999746 0.018599 -0.012724 0.053472 -0.018500 0.999798 0.007899 81.099777 0.012868 -0.007662 0.999888 1.015720 0.000000 0.000000 0.000000 1.000000
0.999729 0.019516 -0.012675 0.070836 -0.019446 0.999795 0.005612 81.136887 0.012782 -0.005364 0.999904 1.168091 0.000000 0.000000 0.000000 1.000000
0.999718 0.020925 -0.011255 0.094785 -0.020888 0.999776 0.003356 81.166130 0.011322 -0.003120 0.999931 1.328398 0.000000 0.000000 0.000000 1.000000
0.999712 0.022151 -0.009241 0.121515 -0.022138 0.999754 0.001472 81.188721 0.009271 -0.001267 0.999956 1.501897 0.000000 0.000000 0.000000 1.000000
0.999719 0.022523 -0.007412 0.146758 -0.022520 0.999746 0.000426 81.206512 0.007420 -0.000259 0.999972 1.696874 0.000000 0.000000 0.000000 1.000000
0.999738 0.022151 -0.005783 0.168867 -0.022151 0.999755 0.000111 81.215813 0.005784 0.000018 0.999983 1.913357 0.000000 0.000000 0.000000 1.000000
0.999757 0.021643 -0.004092 0.189744 -0.021643 0.999766 0.000010 81.210342 0.004091 0.000078 0.999992 2.143369 0.000000 0.000000 0.000000 1.000000
0.999769 0.021349 -0.002476 0.211486 -0.021350 0.999772 -0.000359 81.193245 0.002467 0.000412 0.999997 2.377409 0.000000 0.000000 0.000000 1.000000
0.999774 0.021238 -0.001338 0.234291 -0.021240 0.999774 -0.001288 81.168884 0.001311 0.001317 0.999998 2.609209 0.000000 0.000000 0.000000 1.000000
0.999774 0.021238 -0.000860 0.257891 -0.021240 0.999770 -0.002926 81.136032 0.000798 0.002943 0.999995 2.836955 0.000000 0.000000 0.000000 1.000000
0.999772 0.021315 -0.000912 0.288531 -0.021320 0.999760 -0.005123 81.082253 0.000802 0.005141 0.999986 3.062816 0.000000 0.000000 0.000000 1.000000
0.999766 0.021607 -0.001357 0.326489 -0.021616 0.999739 -0.007394 81.019676 0.001197 0.007422 0.999972 3.284487 0.000000 0.000000 0.000000 1.000000
0.999752 0.022139 -0.002253 0.382850 -0.022160 0.999709 -0.009535 80.947243 0.002041 0.009582 0.999952 3.508232 0.000000 0.000000 0.000000 1.000000
0.999738 0.022589 -0.003615 0.452263 -0.022629 0.999678 -0.011446 80.877762 0.003355 0.011525 0.999928 3.733148 0.000000 0.000000 0.000000 1.000000
0.999729 0.022637 -0.005425 0.518732 -0.022706 0.999658 -0.013009 80.837532 0.005128 0.013129 0.999901 3.955303 0.000000 0.000000 0.000000 1.000000
0.999722 0.022368 -0.007470 0.583880 -0.022472 0.999647 -0.014163 80.816727 0.007151 0.014327 0.999872 4.181185 0.000000 0.000000 0.000000 1.000000
0.999717 0.021915 -0.009284 0.649055 -0.022051 0.999647 -0.014831 80.812531 0.008956 0.015032 0.999847 4.409516 0.000000 0.000000 0.000000 1.000000
0.999716 0.021393 -0.010529 0.715851 -0.021550 0.999655 -0.015032 80.825867 0.010203 0.015255 0.999832 4.634952 0.000000 0.000000 0.000000 1.000000
0.999719 0.020857 -0.011279 0.783804 -0.021023 0.999669 -0.014803 80.857880 0.010966 0.015036 0.999827 4.853535 0.000000 0.000000 0.000000 1.000000
0.999723 0.020320 -0.011853 0.849778 -0.020487 0.999690 -0.014165 80.907440 0.011561 0.014404 0.999829 5.062024 0.000000 0.000000 0.000000 1.000000
0.999725 0.019856 -0.012497 0.912015 -0.020020 0.999713 -0.013151 80.970314 0.012233 0.013398 0.999835 5.255833 0.000000 0.000000 0.000000 1.000000
0.999720 0.019518 -0.013346 0.971505 -0.019676 0.999737 -0.011819 81.041992 0.013112 0.012078 0.999841 5.431275 0.000000 0.000000 0.000000 1.000000
0.999710 0.019187 -0.014546 1.028231 -0.019338 0.999760 -0.010271 81.118515 0.014346 0.010549 0.999841 5.587297 0.000000 0.000000 0.000000 1.000000
0.999690 0.018799 -0.016326 1.082116 -0.018942 0.999783 -0.008619 81.196571 0.016160 0.008926 0.999830 5.723133 0.000000 0.000000 0.000000 1.000000
0.999652 0.018401 -0.018879 1.135636 -0.018535 0.999804 -0.006939 81.272232 0.018747 0.007286 0.999798 5.836219 0.000000 0.000000 0.000000 1.000000
0.999593 0.018015 -0.022112 1.192931 -0.018137 0.999821 -0.005351 81.342735 0.022011 0.005750 0.999741 5.924305 0.000000 0.000000 0.000000 1.000000
0.999520 0.017561 -0.025536 1.254637 -0.017670 0.999836 -0.004052 81.409348 0.025461 0.004501 0.999666 5.987712 0.000000 0.000000 0.000000 1.000000
0.999448 0.016937 -0.028596 1.315838 -0.017032 0.999850 -0.003098 81.476456 0.028540 0.003583 0.999586 6.028783 0.000000 0.000000 0.000000 1.000000
0.999386 0.016185 -0.031078 1.370729 -0.016264 0.999865 -0.002283 81.547989 0.031037 0.002787 0.999514 6.050645 0.000000 0.000000 0.000000 1.000000
0.999334 0.015487 -0.033055 1.418724 -0.015542 0.999878 -0.001410 81.624527 0.033029 0.001923 0.999453 6.057756 0.000000 0.000000 0.000000 1.000000
0.999293 0.014889 -0.034509 1.461219 -0.014918 0.999889 -0.000596 81.703094 0.034497 0.001110 0.999404 6.055515 0.000000 0.000000 0.000000 1.000000
0.999279 0.014291 -0.035186 1.497699 -0.014302 0.999898 -0.000065 81.781845 0.035182 0.000568 0.999381 6.048556 0.000000 0.000000 0.000000 1.000000
0.999299 0.013601 -0.034865 1.523834 -0.013602 0.999907 0.000219 81.859459 0.034865 0.000255 0.999392 6.040534 0.000000 0.000000 0.000000 1.000000
0.999348 0.012831 -0.033744 1.539337 -0.012825 0.999918 0.000393 81.935867 0.033747 0.000040 0.999430 6.035255 0.000000 0.000000 0.000000 1.000000
0.999405 0.011912 -0.032361 1.548380 -0.011904 0.999929 0.000433 82.012718 0.032364 -0.000047 0.999476 6.035130 0.000000 0.000000 0.000000 1.000000
0.999459 0.010689 -0.031110 1.556897 -0.010687 0.999943 0.000246 82.089172 0.031111 0.000086 0.999516 6.038721 0.000000 0.000000 0.000000 1.000000
0.999507 0.009132 -0.030025 1.564384 -0.009138 0.999958 -0.000064 82.163612 0.030023 0.000338 0.999549 6.040864 0.000000 0.000000 0.000000 1.000000
0.999549 0.007515 -0.029073 1.566693 -0.007527 0.999972 -0.000279 82.235703 0.029070 0.000498 0.999577 6.036719 0.000000 0.000000 0.000000 1.000000
0.999577 0.006178 -0.028433 1.560409 -0.006191 0.999981 -0.000379 82.305740 0.028431 0.000555 0.999596 6.022976 0.000000 0.000000 0.000000 1.000000
0.999584 0.005190 -0.028368 1.543125 -0.005207 0.999986 -0.000535 82.371674 0.028364 0.000682 0.999597 5.996927 0.000000 0.000000 0.000000 1.000000
0.999573 0.004375 -0.028898 1.511535 -0.004404 0.999990 -0.000972 82.431175 0.028894 0.001098 0.999582 5.956056 0.000000 0.000000 0.000000 1.000000
0.999551 0.003648 -0.029737 1.464854 -0.003702 0.999992 -0.001754 82.485558 0.029731 0.001863 0.999556 5.900619 0.000000 0.000000 0.000000 1.000000
0.999532 0.003179 -0.030419 1.405405 -0.003263 0.999991 -0.002726 82.539024 0.030410 0.002824 0.999534 5.834837 0.000000 0.000000 0.000000 1.000000
0.999531 0.003173 -0.030446 1.335299 -0.003284 0.999988 -0.003613 82.595222 0.030435 0.003712 0.999530 5.765112 0.000000 0.000000 0.000000 1.000000
0.999556 0.003600 -0.029577 1.256445 -0.003725 0.999984 -0.004168 82.654922 0.029561 0.004276 0.999554 5.697215 0.000000 0.000000 0.000000 1.000000
0.999599 0.004261 -0.027992 1.172544 -0.004384 0.999981 -0.004325 82.714912 0.027973 0.004446 0.999599 5.634313 0.000000 0.000000 0.000000 1.000000
0.999646 0.005019 -0.026113 1.087322 -0.005131 0.999978 -0.004220 82.769295 0.026092 0.004353 0.999650 5.575189 0.000000 0.000000 0.000000 1.000000
0.999685 0.005839 -0.024394 1.004295 -0.005938 0.999974 -0.003985 82.812492 0.024370 0.004128 0.999694 5.514834 0.000000 0.000000 0.000000 1.000000
0.999708 0.006706 -0.023218 0.927435 -0.006792 0.999970 -0.003654 82.840622 0.023192 0.003811 0.999724 5.448663 0.000000 0.000000 0.000000 1.000000
0.999713 0.007605 -0.022719 0.860731 -0.007680 0.999965 -0.003237 82.852005 0.022693 0.003411 0.999737 5.376259 0.000000 0.000000 0.000000 1.000000
0.999707 0.008492 -0.022652 0.806504 -0.008558 0.999959 -0.002847 82.849106 0.022626 0.003040 0.999739 5.300972 0.000000 0.000000 0.000000 1.000000
0.999702 0.009212 -0.022608 0.763603 -0.009275 0.999953 -0.002703 82.838638 0.022582 0.002912 0.999741 5.226931 0.000000 0.000000 0.000000 1.000000
0.999706 0.009558 -0.022275 0.729505 -0.009628 0.999949 -0.003069 82.828400 0.022245 0.003283 0.999747 5.157179 0.000000 0.000000 0.000000 1.000000
0.999724 0.009503 -0.021468 0.704389 -0.009592 0.999946 -0.004032 82.822685 0.021429 0.004237 0.999761 5.093813 0.000000 0.000000 0.000000 1.000000
0.999753 0.009291 -0.020205 0.690503 -0.009400 0.999942 -0.005308 82.821251 0.020154 0.005497 0.999782 5.037627 0.000000 0.000000 0.000000 1.000000
0.999783 0.009210 -0.018684 0.686959 -0.009331 0.999936 -0.006427 82.821411 0.018624 0.006600 0.999805 4.987644 0.000000 0.000000 0.000000 1.000000
0.999810 0.009237 -0.017190 0.689332 -0.009361 0.999931 -0.007148 82.820091 0.017123 0.007308 0.999827 4.942378 0.000000 0.000000 0.000000 1.000000
0.999829 0.009298 -0.015971 0.694146 -0.009421 0.999927 -0.007602 82.815529 0.015899 0.007751 0.999844 4.901383 0.000000 0.000000 0.000000 1.000000
0.999841 0.009396 -0.015136 0.700115 -0.009518 0.999922 -0.008030 82.808983 0.015060 0.008173 0.999853 4.865412 0.000000 0.000000 0.000000 1.000000
0.999847 0.009511 -0.014678 0.706657 -0.009636 0.999918 -0.008474 82.804504 0.014596 0.008614 0.999856 4.834454 0.000000 0.000000 0.000000 1.000000
0.999845 0.009722 -0.014663 0.713028 -0.009851 0.999913 -0.008765 82.805244 0.014576 0.008908 0.999854 4.805406 0.000000 0.000000 0.000000 1.000000
0.999833 0.010005 -0.015285 0.720102 -0.010141 0.999910 -0.008810 82.810333 0.015195 0.008964 0.999844 4.772805 0.000000 0.000000 0.000000 1.000000
0.999810 0.010256 -0.016556 0.732412 -0.010403 0.999907 -0.008775 82.814102 0.016465 0.008946 0.999824 4.731630 0.000000 0.000000 0.000000 1.000000
0.999781 0.010529 -0.018069 0.754081 -0.010691 0.999903 -0.008925 82.810707 0.017973 0.009116 0.999797 4.677536 0.000000 0.000000 0.000000 1.000000
0.999755 0.010942 -0.019260 0.781308 -0.011123 0.999895 -0.009312 82.798782 0.019156 0.009524 0.999771 4.607260 0.000000 0.000000 0.000000 1.000000
0.999740 0.011395 -0.019749 0.804163 -0.011590 0.999885 -0.009772 82.784256 0.019636 0.009998 0.999757 4.519847 0.000000 0.000000 0.000000 1.000000
0.999744 0.011640 -0.019389 0.816520 -0.011841 0.999877 -0.010260 82.775658 0.019267 0.010487 0.999759 4.418238 0.000000 0.000000 0.000000 1.000000
0.999764 0.011716 -0.018290 0.821976 -0.011920 0.999868 -0.011031 82.776665 0.018159 0.011246 0.999772 4.308498 0.000000 0.000000 0.000000 1.000000
0.999787 0.011965 -0.016822 0.827695 -0.012171 0.999851 -0.012221 82.784264 0.016673 0.012423 0.999784 4.197162 0.000000 0.000000 0.000000 1.000000
0.999804 0.012554 -0.015297 0.837786 -0.012761 0.999828 -0.013493 82.792702 0.015125 0.013685 0.999792 4.088623 0.000000 0.000000 0.000000 1.000000
0.999816 0.013349 -0.013756 0.853823 -0.013546 0.999805 -0.014363 82.797981 0.013562 0.014547 0.999802 3.984598 0.000000 0.000000 0.000000 1.000000
0.999825 0.014205 -0.012165 0.876049 -0.014382 0.999790 -0.014621 82.797844 0.011955 0.014794 0.999819 3.884782 0.000000 0.000000 0.000000 1.000000
0.999829 0.015097 -0.010669 0.903856 -0.015249 0.999782 -0.014265 82.789581 0.010451 0.014425 0.999841 3.788683 0.000000 0.000000 0.000000 1.000000
0.999826 0.016034 -0.009516 0.937736 -0.016160 0.999781 -0.013301 82.770645 0.009300 0.013453 0.999866 3.697897 0.000000 0.000000 0.000000 1.000000
0.999818 0.016936 -0.008817 0.979770 -0.017039 0.999787 -0.011675 82.742432 0.008618 0.011823 0.999893 3.615566 0.000000 0.000000 0.000000 1.000000
0.999809 0.017616 -0.008514 1.029557 -0.017695 0.999800 -0.009324 82.710373 0.008348 0.009473 0.999920 3.542696 0.000000 0.000000 0.000000 1.000000
0.999803 0.017945 -0.008529 1.080950 -0.017999 0.999818 -0.006297 82.678955 0.008415 0.006450 0.999944 3.476872 0.000000 0.000000 0.000000 1.000000
0.999798 0.018073 -0.008749 1.127984 -0.018098 0.999832 -0.002885 82.649521 0.008695 0.003043 0.999958 3.414569 0.000000 0.000000 0.000000 1.000000
0.999793 0.018243 -0.008962 1.172403 -0.018239 0.999834 0.000461 82.622498 0.008969 -0.000297 0.999960 3.352285 0.000000 0.000000 0.000000 1.000000
0.999787 0.018591 -0.008991 1.217065 -0.018560 0.999822 0.003501 82.598656 0.009055 -0.003333 0.999953 3.286638 0.000000 0.000000 0.000000 1.000000
0.999779 0.019026 -0.008985 1.256833 -0.018969 0.999799 0.006434 82.574928 0.009106 -0.006262 0.999939 3.216529 0.000000 0.000000 0.000000 1.000000
0.999769 0.019429 -0.009141 1.283394 -0.019341 0.999766 0.009649 82.546692 0.009326 -0.009470 0.999912 3.141871 0.000000 0.000000 0.000000 1.000000
0.999762 0.019719 -0.009335 1.294486 -0.019594 0.999719 0.013316 82.512939 0.009595 -0.013130 0.999868 3.062038 0.000000 0.000000 0.000000 1.000000
0.999760 0.019870 -0.009225 1.293577 -0.019708 0.999656 0.017313 82.475517 0.009566 -0.017127 0.999808 2.977592 0.000000 0.000000 0.000000 1.000000
0.999764 0.019954 -0.008633 1.282906 -0.019765 0.999574 0.021452 82.434891 0.009057 -0.021277 0.999733 2.891294 0.000000 0.000000 0.000000 1.000000
0.999768 0.020084 -0.007757 1.262763 -0.019880 0.999476 0.025532 82.388939 0.008266 -0.025372 0.999644 2.806746 0.000000 0.000000 0.000000 1.000000
0.999765 0.020480 -0.007049 1.235340 -0.020265 0.999366 0.029275 82.335098 0.007644 -0.029125 0.999547 2.726328 0.000000 0.000000 0.000000 1.000000
0.999752 0.021196 -0.006897 1.206129 -0.020961 0.999251 0.032532 82.271782 0.007581 -0.032380 0.999447 2.647501 0.000000 0.000000 0.000000 1.000000
0.999731 0.021991 -0.007323 1.172356 -0.021719 0.999137 0.035407 82.198463 0.008095 -0.035239 0.999346 2.565352 0.000000 0.000000 0.000000 1.000000
0.999712 0.022621 -0.007997 1.128718 -0.022302 0.999029 0.038004 82.115547 0.008849 -0.037815 0.999246 2.472283 0.000000 0.000000 0.000000 1.000000
0.999698 0.023004 -0.008629 1.068579 -0.022639 0.998932 0.040270 82.024849 0.009546 -0.040062 0.999152 2.361433 0.000000 0.000000 0.000000 1.000000
0.999693 0.023083 -0.009059 0.986774 -0.022682 0.998858 0.042059 81.928421 0.010020 -0.041840 0.999074 2.230309 0.000000 0.000000 0.000000 1.000000
0.999694 0.022839 -0.009491 0.885387 -0.022406 0.998804 0.043462 81.830032 0.010472 -0.043236 0.999010 2.074545 0.000000 0.000000 0.000000 1.000000
0.999699 0.022417 -0.009975 0.773809 -0.021950 0.998758 0.044721 81.737350 0.010965 -0.044489 0.998950 1.892147 0.000000 0.000000 0.000000 1.000000
0.999706 0.021915 -0.010389 0.662843 -0.021416 0.998717 0.045895 81.660301 0.011381 -0.045659 0.998892 1.689812 0.000000 0.000000 0.000000 1.000000
0.999713 0.021542 -0.010491 0.571785 -0.021027 0.998679 0.046890 81.605103 0.011487 -0.046656 0.998845 1.485307 0.000000 0.000000 0.000000 1.000000
