<?xml version="1.0" encoding="utf-8"?>
<COLLADA xmlns="http://www.collada.org/2005/11/COLLADASchema" version="1.4.1">
  <asset><contributor><author>Mixamo</author><authoring_tool>COLLADA Mixamo exporter</authoring_tool><comments></comments></contributor><created>2019-12-01T03:41:40Z</created><modified>2019-12-01T03:41:40Z</modified><revision></revision><title></title><unit meter="0.010000"/><up_axis>Y_UP</up_axis></asset>
  <library_animations>
    <animation id="Mutant_Hips-anim" name="Mutant_Hips"><source id="Mutant_Hips-Matrix-animation-input"><float_array id="Mutant_Hips-Matrix-animation-input-array" count="27">

0.000000 0.033333 0.066667 0.100000 0.133333 0.166667 0.200000 0.233333 0.266667 0.300000 0.333333 0.366667 0.400000 0.433333 0.466667 0.500000
0.533333 0.566667 0.600000 0.633333 0.666667 0.700000 0.733333 0.766667 0.800000 0.833333 0.866667</float_array><technique_common><accessor source="#Mutant_Hips-Matrix-animation-input-array" count="27"><param name="TIME" type="float"/></accessor></technique_common></source><source id="Mutant_Hips-Matrix-animation-output-transform"><float_array id="Mutant_Hips-Matrix-animation-output-transform-array" count="432">

0.996594 -0.013889 -0.081281 -0.000001 -0.014896 0.939169 -0.343133 81.440834 0.081102 0.343175 0.935763 0.000000 0.000000 0.000000 0.000000 1.000000
0.992371 -0.042882 -0.115591 -0.269032 -0.001997 0.931849 -0.362840 83.313980 0.123272 0.360303 0.924654 0.051480 0.000000 0.000000 0.000000 1.000000
0.987122 -0.066081 -0.145685 -0.356059 0.004761 0.922427 -0.386141 84.976654 0.159900 0.380475 0.910863 0.187637 0.000000 0.000000 0.000000 1.000000
0.982835 -0.079374 -0.166536 -0.355791 0.002491 0.908339 -0.418227 86.573936 0.184468 0.410634 0.892945 0.428562 0.000000 0.000000 0.000000 1.000000
0.980549 -0.084180 -0.177306 -0.290411 -0.007831 0.885860 -0.463887 87.983429 0.196118 0.456253 0.867970 0.771938 0.000000 0.000000 0.000000 1.000000
0.979883 -0.083918 -0.181071 -0.150759 -0.018264 0.865782 -0.500088 89.154724 0.198735 0.493335 0.846833 1.076369 0.000000 0.000000 0.000000 1.000000
0.978948 -0.083790 -0.186121 -0.011786 -0.023476 0.859586 -0.510452 90.094879 0.202757 0.504075 0.839523 1.211520 0.000000 0.000000 0.000000 1.000000
0.976350 -0.088081 -0.197441 -0.069320 -0.022934 0.865897 -0.499696 90.731781 0.214977 0.492407 0.843398 1.163602 0.000000 0.000000 0.000000 1.000000
0.973182 -0.087495 -0.212745 0.167213 -0.024984 0.879166 -0.475861 90.298500 0.228674 0.468415 0.853403 0.994148 0.000000 0.000000 0.000000 1.000000
0.973198 -0.078262 -0.216241 0.879976 -0.025634 0.897533 -0.440201 87.602951 0.228535 0.433946 0.871472 0.779741 0.000000 0.000000 0.000000 1.000000
0.979931 -0.073287 -0.185376 1.534248 -0.012450 0.905647 -0.423850 82.131645 0.198948 0.417651 0.886559 0.648605 0.000000 0.000000 0.000000 1.000000
0.991051 -0.073318 -0.111548 2.210823 0.018096 0.901734 -0.431912 77.143349 0.132254 0.426029 0.894991 0.693821 0.000000 0.000000 0.000000 1.000000
0.998005 -0.061312 -0.015058 3.060912 0.049704 0.910098 -0.411401 75.972961 0.038928 0.409832 0.911330 0.543992 0.000000 0.000000 0.000000 1.000000
0.996405 -0.044909 0.071832 3.584293 0.069193 0.920648 -0.384213 77.750191 -0.048877 0.387802 0.920446 0.303294 0.000000 0.000000 0.000000 1.000000
0.991916 -0.027494 0.123883 4.067474 0.070879 0.929805 -0.361163 80.592964 -0.105257 0.367024 0.924237 0.057541 0.000000 0.000000 0.000000 1.000000
0.991587 -0.010629 0.129006 4.551542 0.054857 0.937209 -0.344428 83.822540 -0.117244 0.348607 0.929907 -0.093880 0.000000 0.000000 0.000000 1.000000
0.994327 0.004475 0.106272 4.698683 0.033354 0.935606 -0.351468 87.204659 -0.101002 0.353018 0.930149 -0.019754 0.000000 0.000000 0.000000 1.000000
0.996484 0.015310 0.082372 4.812466 0.015461 0.932675 -0.360387 90.190758 -0.082344 0.360393 0.929159 0.048429 0.000000 0.000000 0.000000 1.000000
0.997032 0.022726 0.073557 4.596053 0.005460 0.932158 -0.362012 91.748665 -0.076794 0.361339 0.929267 0.042406 0.000000 0.000000 0.000000 1.000000
0.996181 0.028855 0.082408 4.160260 0.002579 0.933681 -0.358097 91.882515 -0.087276 0.356942 0.930040 0.058975 0.000000 0.000000 0.000000 1.000000
0.995085 0.039335 0.090875 3.480241 -0.005451 0.938085 -0.346362 88.780052 -0.098873 0.344164 0.933689 0.060807 0.000000 0.000000 0.000000 1.000000
0.995241 0.047859 0.084885 2.746841 -0.017351 0.944197 -0.328924 84.271706 -0.095890 0.325885 0.940534 -0.102080 0.000000 0.000000 0.000000 1.000000
0.996977 0.049534 0.059861 1.654813 -0.028464 0.949716 -0.311816 80.037819 -0.072296 0.309170 0.948255 -0.223280 0.000000 0.000000 0.000000 1.000000
0.998563 0.047192 0.025404 0.649394 -0.036488 0.945793 -0.322713 78.106689 -0.039256 0.321323 0.946156 -0.100934 0.000000 0.000000 0.000000 1.000000
0.999300 0.035957 -0.010277 0.232304 -0.037346 0.945212 -0.324315 78.357216 -0.001948 0.324472 0.945893 -0.092862 0.000000 0.000000 0.000000 1.000000
0.998828 0.015398 -0.045896 -0.024132 -0.029686 0.943718 -0.329415 79.610832 0.038241 0.330392 0.943069 -0.074567 0.000000 0.000000 0.000000 1.000000
0.996594 -0.013853 -0.081289 -0.003518 -0.014933 0.939167 -0.343137 81.442429 0.081098 0.343182 0.935761 0.000001 0.000000 0.000000 0.000000 1.000000</float_array><technique_common><accessor source="#Mutant_Hips-Matrix-animation-output-transform-array" count="27" stride="16"><param type="float4x4"/></accessor></technique_common></source><source id="Mutant_Hips-Interpolations"><Name_array id="Mutant_Hips-Interpolations-array" count="27">
 LINEAR LINEAR LINEAR LINEAR LINEAR LINEAR LINEAR LINEAR LINEAR LINEAR LINEAR
LINEAR LINEAR LINEAR LINEAR LINEAR LINEAR LINEAR LINEAR LINEAR LINEAR LINEAR LINEAR
LINEAR LINEAR LINEAR LINEAR</Name_array><technique_common><accessor source="#Mutant_Hips-Interpolations-array" count="27"><param type="name"/></accessor></technique_common></source><sampler id="Mutant_Hips-Matrix-animation-transform"><input semantic="INPUT" source="#Mutant_Hips-Matrix-animation-input"/><input semantic="OUTPUT" source="#Mutant_Hips-Matrix-animation-output-transform"/><input semantic="INTERPOLATION" source="#Mutant_Hips-Interpolations"/></sampler><channel source="#Mutant_Hips-Matrix-animation-transform" target="Mutant_Hips/matrix"/></animation>
    <animation id="Mutant_Spine-anim" name="Mutant_Spine"><source id="Mutant_Spine-Matrix-animation-input"><float_array id="Mutant_Spine-Matrix-animation-input-array" count="27">

0.000000 0.033333 0.066667 0.100000 0.133333 0.166667 0.200000 0.233333 0.266667 0.300000 0.333333 0.366667 0.400000 0.433333 0.466667 0.500000
0.533333 0.566667 0.600000 0.633333 0.666667 0.700000 0.733333 0.766667 0.800000 0.833333 0.866667</float_array><technique_common><accessor source="#Mutant_Spine-Matrix-animation-input-array" count="27"><param name="TIME" type="float"/></accessor></technique_common></source><source id="Mutant_Spine-Matrix-animation-output-transform"><float_array id="Mutant_Spine-Matrix-animation-output-transform-array" count="432">

0.994779 -0.031453 0.097081 0.000000 0.068444 0.911262 -0.406100 10.763900 -0.075693 0.410625 0.908657 1.243500 0.000000 0.000000 0.000000 1.000000
0.991339 0.012812 0.130705 0.000000 0.040214 0.917810 -0.394977 10.763900 -0.125023 0.396812 0.909346 1.243500 0.000000 0.000000 0.000000 1.000000
0.985458 0.058651 0.159474 -0.000000 0.007546 0.922506 -0.385909 10.763900 -0.169750 0.381500 0.908649 1.243500 0.000000 0.000000 0.000000 1.000000
0.978400 0.101838 0.179898 0.000000 -0.026807 0.925394 -0.378057 10.763900 -0.204977 0.365068 0.908135 1.243500 0.000000 0.000000 0.000000 1.000000
0.971688 0.129489 0.197625 0.000000 -0.057962 0.941524 -0.331922 10.763900 -0.229049 0.311070 0.922373 1.243500 0.000000 0.000000 0.000000 1.000000
0.965880 0.149908 0.211196 0.000000 -0.083194 0.951827 -0.295132 10.763900 -0.245265 0.267492 0.931822 1.243500 0.000000 0.000000 0.000000 1.000000
0.959778 0.173653 0.220614 -0.000000 -0.108808 0.954428 -0.277898 10.763900 -0.258819 0.242716 0.934934 1.243500 0.000000 0.000000 0.000000 1.000000
0.951868 0.209974 0.223290 0.000000 -0.143873 0.949335 -0.279398 10.763900 -0.270644 0.233825 0.933851 1.243500 0.000000 0.000000 0.000000 1.000000
0.946121 0.235650 0.222092 -0.000000 -0.165041 0.941017 -0.295380 10.763900 -0.278599 0.242810 0.929207 1.243500 0.000000 0.000000 0.000000 1.000000
0.947343 0.234904 0.217626 -0.000000 -0.159813 0.935753 -0.314366 10.763900 -0.277490 0.263033 0.924020 1.243500 0.000000 0.000000 0.000000 1.000000
0.954776 0.218174 0.201998 -0.000000 -0.143455 0.933101 -0.329761 10.763900 -0.260430 0.285870 0.922201 1.243500 0.000000 0.000000 0.000000 1.000000
0.968517 0.192238 0.158174 0.000000 -0.128661 0.930466 -0.343044 10.763900 -0.213121 0.311893 0.925906 1.243500 0.000000 0.000000 0.000000 1.000000
0.985689 0.141988 0.090863 -0.000000 -0.101264 0.929662 -0.354223 10.763900 -0.134767 0.339953 0.930736 1.243500 0.000000 0.000000 0.000000 1.000000
0.995734 0.088917 0.024657 0.000000 -0.073519 0.925989 -0.370322 10.763900 -0.055760 0.366929 0.928576 1.243500 0.000000 0.000000 0.000000 1.000000
0.999008 0.038484 -0.022386 0.000000 -0.044187 0.918573 -0.392774 10.763900 0.005447 0.393373 0.919363 1.243500 0.000000 0.000000 0.000000 1.000000
0.998839 0.001264 -0.048153 -0.000000 -0.020967 0.911392 -0.411004 10.763900 0.043367 0.411537 0.910361 1.243500 0.000000 0.000000 0.000000 1.000000
0.997778 -0.023096 -0.062492 0.000000 -0.004471 0.912662 -0.408691 10.763900 0.066473 0.408062 0.910531 1.243500 0.000000 0.000000 0.000000 1.000000
0.995950 -0.048530 -0.075686 -0.000000 0.014571 0.917803 -0.396768 10.763900 0.088720 0.394059 0.914793 1.243500 0.000000 0.000000 0.000000 1.000000
0.993443 -0.072918 -0.088057 0.000000 0.033980 0.923723 -0.381551 10.763900 0.109162 0.376057 0.920144 1.243500 0.000000 0.000000 0.000000 1.000000
0.990627 -0.096628 -0.096546 0.000000 0.054743 0.928412 -0.367497 10.763900 0.125145 0.358767 0.925000 1.243500 0.000000 0.000000 0.000000 1.000000
0.988605 -0.117696 -0.093852 0.000000 0.076631 0.930109 -0.359200 10.763900 0.129569 0.347915 0.928530 1.243500 0.000000 0.000000 0.000000 1.000000
0.988796 -0.128679 -0.075652 -0.000000 0.092723 0.926664 -0.364275 10.763900 0.116978 0.353179 0.928214 1.243500 0.000000 0.000000 0.000000 1.000000
0.992373 -0.116677 -0.039777 -0.000000 0.091515 0.913504 -0.396402 10.763900 0.082588 0.389739 0.917215 1.243500 0.000000 0.000000 0.000000 1.000000
0.995270 -0.096989 -0.005629 -0.000000 0.085477 0.901726 -0.423773 10.763900 0.046177 0.421287 0.905751 1.243500 0.000000 0.000000 0.000000 1.000000
0.996301 -0.080545 0.029956 0.000000 0.085643 0.901948 -0.423267 10.763900 0.007073 0.424267 0.905509 1.243500 0.000000 0.000000 0.000000 1.000000
0.996166 -0.059276 0.064345 0.000000 0.080618 0.907618 -0.411983 10.763900 -0.033980 0.415591 0.908917 1.243500 0.000000 0.000000 0.000000 1.000000
0.994778 -0.031416 0.097108 0.000000 0.068422 0.911260 -0.406107 10.763900 -0.075733 0.410631 0.908651 1.243500 0.000000 0.000000 0.000000 1.000000</float_array><technique_common><accessor source="#Mutant_Spine-Matrix-animation-output-transform-array" count="27" stride="16"><param type="float4x4"/></accessor></technique_common></source><source id="Mutant_Spine-Interpolations"><Name_array id="Mutant_Spine-Interpolations-array" count="27">
 LINEAR LINEAR LINEAR LINEAR LINEAR LINEAR LINEAR LINEAR LINEAR LINEAR LINEAR
LINEAR LINEAR LINEAR LINEAR LINEAR LINEAR LINEAR LINEAR LINEAR LINEAR LINEAR LINEAR
LINEAR LINEAR LINEAR LINEAR</Name_array><technique_common><accessor source="#Mutant_Spine-Interpolations-array" count="27"><param type="name"/></accessor></technique_common></source><sampler id="Mutant_Spine-Matrix-animation-transform"><input semantic="INPUT" source="#Mutant_Spine-Matrix-animation-input"/><input semantic="OUTPUT" source="#Mutant_Spine-Matrix-animation-output-transform"/><input semantic="INTERPOLATION" source="#Mutant_Spine-Interpolations"/></sampler><channel source="#Mutant_Spine-Matrix-animation-transform" target="Mutant_Spine/matrix"/></animation>
    <animation id="Mutant_Spine1-anim" name="Mutant_Spine1"><source id="Mutant_Spine1-Matrix-animation-input"><float_array id="Mutant_Spine1-Matrix-animation-input-array" count="27">

0.000000 0.033333 0.066667 0.100000 0.133333 0.166667 0.200000 0.233333 0.266667 0.300000 0.333333 0.366667 0.400000 0.433333 0.466667 0.500000
0.533333 0.566667 0.600000 0.633333 0.666667 0.700000 0.733333 0.766667 0.800000 0.833333 0.866667</float_array><technique_common><accessor source="#Mutant_Spine1-Matrix-animation-input-array" count="27"><param name="TIME" type="float"/></accessor></technique_common></source><source id="Mutant_Spine1-Matrix-animation-output-transform"><float_array id="Mutant_Spine1-Matrix-animation-output-transform-array" count="432">

0.996040 -0.088384 -0.009621 -0.018900 0.081988 0.954992 -0.285077 13.061300 0.034384 0.283159 0.958456 0.227500 0.000000 0.000000 0.000000 1.000000
0.997623 -0.068823 0.003507 -0.018900 0.067160 0.959604 -0.273221 13.061300 0.015439 0.272807 0.961945 0.227500 0.000000 0.000000 0.000000 1.000000
0.998805 -0.046607 0.014727 -0.018900 0.048836 0.964052 -0.261187 13.061300 -0.002024 0.261594 0.965176 0.227500 0.000000 0.000000 0.000000 1.000000
0.999414 -0.023467 0.024921 -0.018900 0.028964 0.967745 -0.250261 13.061300 -0.018244 0.250836 0.967858 0.227500 0.000000 0.000000 0.000000 1.000000
0.999341 -0.005411 0.035900 -0.018900 0.013391 0.974049 -0.225941 13.061300 -0.033746 0.226273 0.973479 0.227500 0.000000 0.000000 0.000000 1.000000
0.998826 0.004602 0.048229 -0.018900 0.005274 0.979238 -0.202647 13.061300 -0.048160 0.202663 0.978063 0.227500 0.000000 0.000000 0.000000 1.000000
0.998158 0.011492 0.059566 -0.018900 -0.000167 0.982411 -0.186732 13.061300 -0.060664 0.186378 0.980604 0.227500 0.000000 0.000000 0.000000 1.000000
0.997463 0.023451 0.067215 -0.018900 -0.010701 0.982848 -0.184108 13.061300 -0.070380 0.182921 0.980605 0.227500 0.000000 0.000000 0.000000 1.000000
0.996955 0.036479 0.068925 -0.018900 -0.022419 0.980605 -0.194706 13.061300 -0.074691 0.192568 0.978437 0.227500 0.000000 0.000000 0.000000 1.000000
0.996987 0.044358 0.063642 -0.018900 -0.030136 0.977418 -0.209154 13.061300 -0.071482 0.206606 0.975810 0.227500 0.000000 0.000000 0.000000 1.000000
0.997497 0.048939 0.051030 -0.018900 -0.036405 0.974214 -0.222667 13.061300 -0.060611 0.220252 0.973558 0.227500 0.000000 0.000000 0.000000 1.000000
0.998411 0.046859 0.031303 -0.018900 -0.038167 0.970966 -0.236152 13.061300 -0.041460 0.234582 0.971212 0.227500 0.000000 0.000000 0.000000 1.000000
0.999527 0.029793 0.007582 -0.018900 -0.026965 0.968069 -0.249231 13.061300 -0.014765 0.248908 0.968414 0.227500 0.000000 0.000000 0.000000 1.000000
0.999851 0.007317 -0.015656 -0.018900 -0.011174 0.964822 -0.262665 13.061300 0.013183 0.262800 0.964760 0.227500 0.000000 0.000000 0.000000 1.000000
0.999208 -0.017956 -0.035518 -0.018900 0.007458 0.961109 -0.276070 13.061300 0.039094 0.275586 0.960481 0.227500 0.000000 0.000000 0.000000 1.000000
0.997775 -0.039985 -0.053348 -0.018900 0.023073 0.957843 -0.286366 13.061300 0.062550 0.284497 0.956634 0.227500 0.000000 0.000000 0.000000 1.000000
0.995972 -0.053700 -0.071805 -0.018900 0.030781 0.956925 -0.288699 13.061300 0.084215 0.285326 0.954723 0.227500 0.000000 0.000000 0.000000 1.000000
0.993930 -0.061993 -0.090882 -0.018900 0.033922 0.958557 -0.282873 13.061300 0.104652 0.278074 0.954842 0.227500 0.000000 0.000000 0.000000 1.000000
0.991863 -0.064174 -0.109956 -0.018900 0.032393 0.962451 -0.269515 13.061300 0.123123 0.263760 0.956698 0.227500 0.000000 0.000000 0.000000 1.000000
0.990076 -0.064876 -0.124665 -0.018900 0.032165 0.968133 -0.248363 13.061300 0.136805 0.241888 0.960612 0.227500 0.000000 0.000000 0.000000 1.000000
0.989291 -0.068858 -0.128692 -0.018900 0.036983 0.971206 -0.235355 13.061300 0.141193 0.228075 0.963352 0.227500 0.000000 0.000000 0.000000 1.000000
0.989693 -0.077817 -0.120218 -0.018900 0.046842 0.969210 -0.241738 13.061300 0.135328 0.233615 0.962866 0.227500 0.000000 0.000000 0.000000 1.000000
0.991124 -0.086862 -0.100639 -0.018900 0.056410 0.960280 -0.273276 13.061300 0.120379 0.265174 0.956657 0.227500 0.000000 0.000000 0.000000 1.000000
0.992458 -0.096668 -0.075380 -0.018900 0.070690 0.953702 -0.292328 13.061300 0.100149 0.284795 0.953343 0.227500 0.000000 0.000000 0.000000 1.000000
0.993384 -0.104206 -0.048254 -0.018900 0.085293 0.950881 -0.297575 13.061300 0.076893 0.291491 0.953478 0.227500 0.000000 0.000000 0.000000 1.000000
0.994371 -0.102933 -0.025109 -0.018900 0.091195 0.952147 -0.291719 13.061300 0.053935 0.287788 0.956174 0.227500 0.000000 0.000000 0.000000 1.000000
0.996043 -0.088353 -0.009628 -0.018900 0.081956 0.954992 -0.285087 13.061300 0.034383 0.283169 0.958453 0.227500 0.000000 0.000000 0.000000 1.000000</float_array><technique_common><accessor source="#Mutant_Spine1-Matrix-animation-output-transform-array" count="27" stride="16"><param type="float4x4"/></accessor></technique_common></source><source id="Mutant_Spine1-Interpolations"><Name_array id="Mutant_Spine1-Interpolations-array" count="27">
 LINEAR LINEAR LINEAR LINEAR LINEAR LINEAR LINEAR LINEAR LINEAR LINEAR LINEAR
LINEAR LINEAR LINEAR LINEAR LINEAR LINEAR LINEAR LINEAR LINEAR LINEAR LINEAR LINEAR
LINEAR LINEAR LINEAR LINEAR</Name_array><technique_common><accessor source="#Mutant_Spine1-Interpolations-array" count="27"><param type="name"/></accessor></technique_common></source><sampler id="Mutant_Spine1-Matrix-animation-transform"><input semantic="INPUT" source="#Mutant_Spine1-Matrix-animation-input"/><input semantic="OUTPUT" source="#Mutant_Spine1-Matrix-animation-output-transform"/><input semantic="INTERPOLATION" source="#Mutant_Spine1-Interpolations"/></sampler><channel source="#Mutant_Spine1-Matrix-animation-transform" target="Mutant_Spine1/matrix"/></animation>
    <animation id="Mutant_Spine2-anim" name="Mutant_Spine2"><source id="Mutant_Spine2-Matrix-animation-input"><float_array id="Mutant_Spine2-Matrix-animation-input-array" count="27">

0.000000 0.033333 0.066667 0.100000 0.133333 0.166667 0.200000 0.233333 0.266667 0.300000 0.333333 0.366667 0.400000 0.433333 0.466667 0.500000
0.533333 0.566667 0.600000 0.633333 0.666667 0.700000 0.733333 0.766667 0.800000 0.833333 0.866667</float_array><technique_common><accessor source="#Mutant_Spine2-Matrix-animation-input-array" count="27"><param name="TIME" type="float"/></accessor></technique_common></source><source id="Mutant_Spine2-Matrix-animation-output-transform"><float_array id="Mutant_Spine2-Matrix-animation-output-transform-array" count="432">

0.996854 -0.079062 -0.005599 -0.021600 0.074124 0.954946 -0.287375 12.988200 0.028067 0.286056 0.957802 -0.916700 0.000000 0.000000 0.000000 1.000000
0.998075 -0.061744 0.005880 -0.021600 0.060972 0.959366 -0.275499 12.988200 0.011370 0.275327 0.961284 -0.916700 0.000000 0.000000 0.000000 1.000000
0.999002 -0.042024 0.015129 -0.021600 0.044525 0.963795 -0.262900 12.988200 -0.003533 0.263311 0.964705 -0.916700 0.000000 0.000000 0.000000 1.000000
0.999496 -0.021459 0.023382 -0.021600 0.026651 0.967556 -0.251246 12.988200 -0.017232 0.251743 0.967641 -0.916700 0.000000 0.000000 0.000000 1.000000
0.999418 -0.005045 0.033751 -0.021600 0.012565 0.973931 -0.226496 12.988200 -0.031728 0.226788 0.973427 -0.916700 0.000000 0.000000 0.000000 1.000000
0.998889 0.004030 0.046951 -0.021600 0.005595 0.979150 -0.203061 12.988200 -0.046791 0.203098 0.978040 -0.916700 0.000000 0.000000 0.000000 1.000000
0.998182 0.010373 0.059369 -0.021600 0.000910 0.982371 -0.186942 12.988200 -0.060261 0.186656 0.980575 -0.916700 0.000000 0.000000 0.000000 1.000000
0.997506 0.022000 0.067066 -0.021600 -0.009281 0.982818 -0.184346 12.988200 -0.069969 0.183264 0.980571 -0.916700 0.000000 0.000000 0.000000 1.000000
0.997018 0.035179 0.068683 -0.021600 -0.021175 0.980600 -0.194874 12.988200 -0.074206 0.192839 0.978421 -0.916700 0.000000 0.000000 0.000000 1.000000
0.996976 0.044378 0.063799 -0.021600 -0.030143 0.977477 -0.208879 12.988200 -0.071631 0.206324 0.975858 -0.916700 0.000000 0.000000 0.000000 1.000000
0.997392 0.051476 0.050595 -0.021600 -0.039024 0.974276 -0.221955 12.988200 -0.060719 0.219402 0.973743 -0.916700 0.000000 0.000000 0.000000 1.000000
0.998204 0.051730 0.030211 -0.021600 -0.043207 0.971015 -0.235082 12.988200 -0.041497 0.233354 0.971506 -0.916700 0.000000 0.000000 0.000000 1.000000
0.999285 0.036811 0.008613 -0.021600 -0.033519 0.968059 -0.248473 12.988200 -0.017484 0.248007 0.968601 -0.916700 0.000000 0.000000 0.000000 1.000000
0.999786 0.016764 -0.012090 -0.021600 -0.019350 0.964749 -0.262458 12.988200 0.007264 0.262636 0.964868 -0.916700 0.000000 0.000000 0.000000 1.000000
0.999541 -0.005828 -0.029714 -0.021600 -0.002616 0.961011 -0.276498 12.988200 0.030167 0.276449 0.960555 -0.916700 0.000000 0.000000 0.000000 1.000000
0.998596 -0.025650 -0.046352 -0.021600 0.011245 0.957663 -0.287672 12.988200 0.051769 0.286746 0.956607 -0.916700 0.000000 0.000000 0.000000 1.000000
0.997125 -0.038061 -0.065525 -0.021600 0.017418 0.956674 -0.290639 12.988200 0.073748 0.288662 0.954587 -0.916700 0.000000 0.000000 0.000000 1.000000
0.995251 -0.045323 -0.086151 -0.021600 0.018950 0.958275 -0.285220 12.988200 0.095483 0.282232 0.954583 -0.916700 0.000000 0.000000 0.000000 1.000000
0.993068 -0.047017 -0.107725 -0.021600 0.016072 0.962219 -0.271803 12.988200 0.116434 0.268188 0.956305 -0.916700 0.000000 0.000000 0.000000 1.000000
0.991061 -0.048303 -0.124360 -0.021600 0.015760 0.968015 -0.250397 12.988200 0.132477 0.246199 0.960123 -0.916700 0.000000 0.000000 0.000000 1.000000
0.990110 -0.053098 -0.129858 -0.021600 0.020979 0.971241 -0.237173 12.988200 0.138717 0.232103 0.962749 -0.916700 0.000000 0.000000 0.000000 1.000000
0.990468 -0.062103 -0.122946 -0.021600 0.030555 0.969414 -0.243523 12.988200 0.134309 0.237445 0.962071 -0.916700 0.000000 0.000000 0.000000 1.000000
0.991786 -0.070869 -0.106483 -0.021600 0.039135 0.960683 -0.274875 12.988200 0.121777 0.268450 0.955565 -0.916700 0.000000 0.000000 0.000000 1.000000
0.993341 -0.082486 -0.080438 -0.021600 0.055362 0.954008 -0.294625 12.988200 0.101041 0.288210 0.952221 -0.916700 0.000000 0.000000 0.000000 1.000000
0.994574 -0.091519 -0.049459 -0.021600 0.072638 0.951298 -0.299592 12.988200 0.074469 0.294374 0.952784 -0.916700 0.000000 0.000000 0.000000 1.000000
0.995546 -0.091645 -0.022131 -0.021600 0.081146 0.952427 -0.293767 12.988200 0.048000 0.290662 0.955621 -0.916700 0.000000 0.000000 0.000000 1.000000
0.996856 -0.079035 -0.005615 -0.021600 0.074093 0.954945 -0.287384 12.988200 0.028076 0.286064 0.957799 -0.916700 0.000000 0.000000 0.000000 1.000000</float_array><technique_common><accessor source="#Mutant_Spine2-Matrix-animation-output-transform-array" count="27" stride="16"><param type="float4x4"/></accessor></technique_common></source><source id="Mutant_Spine2-Interpolations"><Name_array id="Mutant_Spine2-Interpolations-array" count="27">
 LINEAR LINEAR LINEAR LINEAR LINEAR LINEAR LINEAR LINEAR LINEAR LINEAR LINEAR
LINEAR LINEAR LINEAR LINEAR LINEAR LINEAR LINEAR LINEAR LINEAR LINEAR LINEAR LINEAR
LINEAR LINEAR LINEAR LINEAR</Name_array><technique_common><accessor source="#Mutant_Spine2-Interpolations-array" count="27"><param type="name"/></accessor></technique_common></source><sampler id="Mutant_Spine2-Matrix-animation-transform"><input semantic="INPUT" source="#Mutant_Spine2-Matrix-animation-input"/><input semantic="OUTPUT" source="#Mutant_Spine2-Matrix-animation-output-transform"/><input semantic="INTERPOLATION" source="#Mutant_Spine2-Interpolations"/></sampler><channel source="#Mutant_Spine2-Matrix-animation-transform" target="Mutant_Spine2/matrix"/></animation>
    <animation id="Mutant_Neck-anim" name="Mutant_Neck"><source id="Mutant_Neck-Matrix-animation-input"><float_array id="Mutant_Neck-Matrix-animation-input-array" count="27">

0.000000 0.033333 0.066667 0.100000 0.133333 0.166667 0.200000 0.233333 0.266667 0.300000 0.333333 0.366667 0.400000 0.433333 0.466667 0.500000
0.533333 0.566667 0.600000 0.633333 0.666667 0.700000 0.733333 0.766667 0.800000 0.833333 0.866667</float_array><technique_common><accessor source="#Mutant_Neck-Matrix-animation-input-array" count="27"><param name="TIME" type="float"/></accessor></technique_common></source><source id="Mutant_Neck-Matrix-animation-output-transform"><float_array id="Mutant_Neck-Matrix-animation-output-transform-array" count="432">

0.990539 0.095341 0.098704 -0.011900 -0.119704 0.952002 0.281716 24.670700 -0.067107 -0.290866 0.954407 2.028100 0.000000 0.000000 0.000000 1.000000
0.992592 0.083108 0.088621 -0.011900 -0.104173 0.957544 0.268807 24.670700 -0.062518 -0.276047 0.959109 2.028100 0.000000 0.000000 0.000000 1.000000
0.994656 0.067394 0.078213 -0.011900 -0.086635 0.956888 0.277237 24.670700 -0.056157 -0.282531 0.957613 2.028100 0.000000 0.000000 0.000000 1.000000
0.996880 0.047330 0.063171 -0.011900 -0.063790 0.954422 0.291565 24.670700 -0.046492 -0.294685 0.954463 2.028100 0.000000 0.000000 0.000000 1.000000
0.998496 0.028022 0.047121 -0.011900 -0.039722 0.962179 0.269508 24.670700 -0.037786 -0.270974 0.961845 2.028100 0.000000 0.000000 0.000000 1.000000
0.999423 0.008380 0.032921 -0.011900 -0.015516 0.974712 0.222927 24.670700 -0.030220 -0.223309 0.974279 2.028100 0.000000 0.000000 0.000000 1.000000
0.999692 -0.016316 0.018689 -0.011900 0.012480 0.981791 0.189554 24.670700 -0.021441 -0.189262 0.981692 2.028100 0.000000 0.000000 0.000000 1.000000
0.999069 -0.042257 0.008733 -0.011900 0.040010 0.982990 0.179248 24.670700 -0.016158 -0.178732 0.983765 2.028100 0.000000 0.000000 0.000000 1.000000
0.997973 -0.063402 0.005551 -0.011900 0.061283 0.980819 0.185038 24.670700 -0.017176 -0.184323 0.982716 2.028100 0.000000 0.000000 0.000000 1.000000
0.997176 -0.074561 0.009032 -0.011900 0.071387 0.978286 0.194580 24.670700 -0.023344 -0.193385 0.980845 2.028100 0.000000 0.000000 0.000000 1.000000
0.997249 -0.072897 0.013398 -0.011900 0.067770 0.970012 0.233417 24.670700 -0.030012 -0.231867 0.972284 2.028100 0.000000 0.000000 0.000000 1.000000
0.997401 -0.070452 0.015059 -0.011900 0.062808 0.952725 0.297271 24.670700 -0.035291 -0.295553 0.954674 2.028100 0.000000 0.000000 0.000000 1.000000
0.996862 -0.076692 0.019598 -0.011900 0.066760 0.947592 0.312430 24.670700 -0.042531 -0.310142 0.949739 2.028100 0.000000 0.000000 0.000000 1.000000
0.996572 -0.075894 0.032943 -0.011900 0.062983 0.954113 0.292749 24.670700 -0.053650 -0.289670 0.955622 2.028100 0.000000 0.000000 0.000000 1.000000
0.996967 -0.057507 0.052448 -0.011900 0.039823 0.955868 0.291086 24.670700 -0.066872 -0.288114 0.955258 2.028100 0.000000 0.000000 0.000000 1.000000
0.996540 -0.030526 0.077300 -0.011900 0.006400 0.955527 0.294834 24.670700 -0.082862 -0.293320 0.952417 2.028100 0.000000 0.000000 0.000000 1.000000
0.994638 -0.001222 0.103408 -0.011900 -0.027966 0.959497 0.280328 24.670700 -0.099562 -0.281717 0.954318 2.028100 0.000000 0.000000 0.000000 1.000000
0.992084 0.027431 0.122540 -0.011900 -0.057217 0.967408 0.246673 24.670700 -0.111779 -0.251732 0.961320 2.028100 0.000000 0.000000 0.000000 1.000000
0.990071 0.054016 0.129776 -0.011900 -0.080317 0.975060 0.206900 24.670700 -0.115363 -0.215269 0.969717 2.028100 0.000000 0.000000 0.000000 1.000000
0.988934 0.076968 0.126831 -0.011900 -0.098845 0.979343 0.176401 24.670700 -0.110634 -0.186985 0.976113 2.028100 0.000000 0.000000 0.000000 1.000000
0.988741 0.090544 0.119130 -0.011900 -0.109780 0.979938 0.166344 24.670700 -0.101679 -0.177549 0.978845 2.028100 0.000000 0.000000 0.000000 1.000000
0.989637 0.090367 0.111591 -0.011900 -0.109911 0.976819 0.183697 24.670700 -0.092404 -0.194058 0.976628 2.028100 0.000000 0.000000 0.000000 1.000000
0.990709 0.083385 0.107435 -0.011900 -0.105856 0.968767 0.224244 24.670700 -0.085381 -0.233533 0.968593 2.028100 0.000000 0.000000 0.000000 1.000000
0.990613 0.084384 0.107539 -0.011900 -0.109670 0.960231 0.256767 24.670700 -0.081596 -0.266151 0.960472 2.028100 0.000000 0.000000 0.000000 1.000000
0.989812 0.092495 0.108249 -0.011900 -0.118327 0.957224 0.264047 24.670700 -0.079195 -0.274166 0.958416 2.028100 0.000000 0.000000 0.000000 1.000000
0.989498 0.097981 0.106275 -0.011900 -0.123297 0.955851 0.266732 24.670700 -0.075449 -0.277034 0.957893 2.028100 0.000000 0.000000 0.000000 1.000000
0.990649 0.092677 0.100132 -0.011900 -0.117551 0.952310 0.281581 24.670700 -0.069261 -0.290719 0.954298 2.028100 0.000000 0.000000 0.000000 1.000000</float_array><technique_common><accessor source="#Mutant_Neck-Matrix-animation-output-transform-array" count="27" stride="16"><param type="float4x4"/></accessor></technique_common></source><source id="Mutant_Neck-Interpolations"><Name_array id="Mutant_Neck-Interpolations-array" count="27">
 LINEAR LINEAR LINEAR LINEAR LINEAR LINEAR LINEAR LINEAR LINEAR LINEAR LINEAR
LINEAR LINEAR LINEAR LINEAR LINEAR LINEAR LINEAR LINEAR LINEAR LINEAR LINEAR LINEAR
LINEAR LINEAR LINEAR LINEAR</Name_array><technique_common><accessor source="#Mutant_Neck-Interpolations-array" count="27"><param type="name"/></accessor></technique_common></source><sampler id="Mutant_Neck-Matrix-animation-transform"><input semantic="INPUT" source="#Mutant_Neck-Matrix-animation-input"/><input semantic="OUTPUT" source="#Mutant_Neck-Matrix-animation-output-transform"/><input semantic="INTERPOLATION" source="#Mutant_Neck-Interpolations"/></sampler><channel source="#Mutant_Neck-Matrix-animation-transform" target="Mutant_Neck/matrix"/></animation>
    <animation id="Mutant_Head-anim" name="Mutant_Head"><source id="Mutant_Head-Matrix-animation-input"><float_array id="Mutant_Head-Matrix-animation-input-array" count="27">

0.000000 0.033333 0.066667 0.100000 0.133333 0.166667 0.200000 0.233333 0.266667 0.300000 0.333333 0.366667 0.400000 0.433333 0.466667 0.500000
0.533333 0.566667 0.600000 0.633333 0.666667 0.700000 0.733333 0.766667 0.800000 0.833333 0.866667</float_array><technique_common><accessor source="#Mutant_Head-Matrix-animation-input-array" count="27"><param name="TIME" type="float"/></accessor></technique_common></source><source id="Mutant_Head-Matrix-animation-output-transform"><float_array id="Mutant_Head-Matrix-animation-output-transform-array" count="432">

0.990539 0.095341 0.098704 -0.000000 -0.119704 0.952002 0.281716 8.817300 -0.067107 -0.290866 0.954407 6.102600 0.000000 0.000000 0.000000 1.000000
0.992592 0.083108 0.088621 0.000000 -0.104173 0.957544 0.268807 8.817300 -0.062518 -0.276048 0.959109 6.102600 0.000000 0.000000 0.000000 1.000000
0.994656 0.067394 0.078213 -0.000000 -0.086635 0.956888 0.277237 8.817300 -0.056157 -0.282532 0.957613 6.102600 0.000000 0.000000 0.000000 1.000000
0.996880 0.047330 0.063171 0.000000 -0.063790 0.954422 0.291565 8.817300 -0.046492 -0.294685 0.954463 6.102600 0.000000 0.000000 0.000000 1.000000
0.998496 0.028022 0.047121 0.000000 -0.039722 0.962179 0.269508 8.817300 -0.037786 -0.270974 0.961845 6.102600 0.000000 0.000000 0.000000 1.000000
0.999423 0.008380 0.032921 -0.000000 -0.015516 0.974712 0.222927 8.817300 -0.030220 -0.223309 0.974279 6.102600 0.000000 0.000000 0.000000 1.000000
0.999692 -0.016316 0.018689 0.000000 0.012480 0.981791 0.189554 8.817300 -0.021441 -0.189263 0.981692 6.102600 0.000000 0.000000 0.000000 1.000000
0.999069 -0.042257 0.008733 0.000000 0.040010 0.982990 0.179248 8.817300 -0.016159 -0.178732 0.983765 6.102600 0.000000 0.000000 0.000000 1.000000
0.997973 -0.063402 0.005551 -0.000000 0.061283 0.980819 0.185038 8.817300 -0.017176 -0.184322 0.982716 6.102600 0.000000 0.000000 0.000000 1.000000
0.997176 -0.074562 0.009032 -0.000000 0.071387 0.978285 0.194580 8.817300 -0.023344 -0.193386 0.980845 6.102600 0.000000 0.000000 0.000000 1.000000
0.997249 -0.072897 0.013398 0.000000 0.067770 0.970012 0.233417 8.817300 -0.030012 -0.231867 0.972284 6.102600 0.000000 0.000000 0.000000 1.000000
0.997401 -0.070452 0.015060 0.000000 0.062808 0.952725 0.297272 8.817300 -0.035291 -0.295553 0.954674 6.102600 0.000000 0.000000 0.000000 1.000000
0.996862 -0.076692 0.019598 0.000000 0.066760 0.947592 0.312430 8.817300 -0.042532 -0.310142 0.949739 6.102600 0.000000 0.000000 0.000000 1.000000
0.996572 -0.075894 0.032943 0.000000 0.062983 0.954113 0.292749 8.817300 -0.053650 -0.289671 0.955622 6.102600 0.000000 0.000000 0.000000 1.000000
0.996967 -0.057507 0.052448 -0.000000 0.039823 0.955868 0.291086 8.817300 -0.066872 -0.288114 0.955258 6.102600 0.000000 0.000000 0.000000 1.000000
0.996540 -0.030526 0.077300 0.000000 0.006400 0.955527 0.294834 8.817300 -0.082862 -0.293320 0.952417 6.102600 0.000000 0.000000 0.000000 1.000000
0.994638 -0.001222 0.103408 0.000000 -0.027966 0.959497 0.280328 8.817300 -0.099562 -0.281717 0.954318 6.102600 0.000000 0.000000 0.000000 1.000000
0.992084 0.027430 0.122540 0.000000 -0.057217 0.967408 0.246674 8.817300 -0.111779 -0.251733 0.961320 6.102600 0.000000 0.000000 0.000000 1.000000
0.990071 0.054016 0.129776 0.000000 -0.080317 0.975060 0.206901 8.817300 -0.115363 -0.215270 0.969717 6.102600 0.000000 0.000000 0.000000 1.000000
0.988934 0.076968 0.126831 0.000000 -0.098846 0.979343 0.176401 8.817300 -0.110634 -0.186986 0.976113 6.102600 0.000000 0.000000 0.000000 1.000000
0.988741 0.090545 0.119130 0.000000 -0.109781 0.979938 0.166344 8.817300 -0.101679 -0.177550 0.978845 6.102600 0.000000 0.000000 0.000000 1.000000
0.989637 0.090368 0.111591 0.000000 -0.109911 0.976819 0.183697 8.817300 -0.092404 -0.194058 0.976628 6.102600 0.000000 0.000000 0.000000 1.000000
0.990709 0.083385 0.107435 -0.000000 -0.105856 0.968767 0.224243 8.817300 -0.085381 -0.233533 0.968593 6.102600 0.000000 0.000000 0.000000 1.000000
0.990613 0.084384 0.107539 0.000000 -0.109670 0.960231 0.256767 8.817300 -0.081596 -0.266151 0.960472 6.102600 0.000000 0.000000 0.000000 1.000000
0.989811 0.092495 0.108249 -0.000000 -0.118327 0.957224 0.264048 8.817300 -0.079195 -0.274167 0.958416 6.102600 0.000000 0.000000 0.000000 1.000000
0.989498 0.097981 0.106275 0.000000 -0.123297 0.955851 0.266732 8.817300 -0.075449 -0.277034 0.957893 6.102600 0.000000 0.000000 0.000000 1.000000
0.990649 0.092677 0.100132 -0.000000 -0.117551 0.952310 0.281581 8.817300 -0.069261 -0.290718 0.954299 6.102600 0.000000 0.000000 0.000000 1.000000</float_array><technique_common><accessor source="#Mutant_Head-Matrix-animation-output-transform-array" count="27" stride="16"><param type="float4x4"/></accessor></technique_common></source><source id="Mutant_Head-Interpolations"><Name_array id="Mutant_Head-Interpolations-array" count="27">
 LINEAR LINEAR LINEAR LINEAR LINEAR LINEAR LINEAR LINEAR LINEAR LINEAR LINEAR
LINEAR LINEAR LINEAR LINEAR LINEAR LINEAR LINEAR LINEAR LINEAR LINEAR LINEAR LINEAR
LINEAR LINEAR LINEAR LINEAR</Name_array><technique_common><accessor source="#Mutant_Head-Interpolations-array" count="27"><param type="name"/></accessor></technique_common></source><sampler id="Mutant_Head-Matrix-animation-transform"><input semantic="INPUT" source="#Mutant_Head-Matrix-animation-input"/><input semantic="OUTPUT" source="#Mutant_Head-Matrix-animation-output-transform"/><input semantic="INTERPOLATION" source="#Mutant_Head-Interpolations"/></sampler><channel source="#Mutant_Head-Matrix-animation-transform" target="Mutant_Head/matrix"/></animation>
    <animation id="Mutant_LeftShoulder-anim" name="Mutant_LeftShoulder"><source id="Mutant_LeftShoulder-Matrix-animation-input"><float_array id="Mutant_LeftShoulder-Matrix-animation-input-array" count="27">

0.000000 0.033333 0.066667 0.100000 0.133333 0.166667 0.200000 0.233333 0.266667 0.300000 0.333333 0.366667 0.400000 0.433333 0.466667 0.500000
0.533333 0.566667 0.600000 0.633333 0.666667 0.700000 0.733333 0.766667 0.800000 0.833333 0.866667</float_array><technique_common><accessor source="#Mutant_LeftShoulder-Matrix-animation-input-array" count="27"><param name="TIME" type="float"/></accessor></technique_common></source><source id="Mutant_LeftShoulder-Matrix-animation-output-transform"><float_array id="Mutant_LeftShoulder-Matrix-animation-output-transform-array" count="432">

0.985312 0.169775 -0.018371 9.553600 -0.170478 0.984187 -0.048093 16.065399 0.009916 0.050519 0.998674 -5.227800 0.000000 0.000000 0.000000 1.000000
0.987721 0.146101 -0.055334 9.553600 -0.149121 0.987285 -0.055063 16.065399 0.046586 0.062638 0.996948 -5.227800 0.000000 0.000000 0.000000 1.000000
0.989949 0.114449 -0.083078 9.553600 -0.119924 0.990705 -0.064197 16.065399 0.074958 0.073515 0.994473 -5.227800 0.000000 0.000000 0.000000 1.000000
0.991824 0.073288 -0.104467 9.553600 -0.081444 0.993771 -0.076070 16.065399 0.098241 0.083956 0.991615 -5.227800 0.000000 0.000000 0.000000 1.000000
0.992291 0.022779 -0.121816 9.553600 -0.033966 0.995311 -0.090566 16.065399 0.119181 0.094005 0.988412 -5.227800 0.000000 0.000000 0.000000 1.000000
0.990323 -0.036235 -0.133968 9.553600 0.021927 0.994041 -0.106778 16.065399 0.137039 0.102807 0.985216 -5.227800 0.000000 0.000000 0.000000 1.000000
0.985839 -0.099316 -0.135121 9.553600 0.083097 0.989193 -0.120797 16.065399 0.145658 0.107858 0.983438 -5.227800 0.000000 0.000000 0.000000 1.000000
0.979969 -0.160085 -0.118462 9.553600 0.144952 0.981262 -0.126939 16.065399 0.136563 0.107225 0.984811 -5.227800 0.000000 0.000000 0.000000 1.000000
0.974041 -0.210841 -0.082400 9.553600 0.200198 0.972233 -0.121180 16.065399 0.105661 0.101538 0.989205 -5.227800 0.000000 0.000000 0.000000 1.000000
0.969017 -0.244927 -0.031894 9.553600 0.240465 0.964997 -0.104672 16.065399 0.056415 0.093760 0.993995 -5.227800 0.000000 0.000000 0.000000 1.000000
0.965607 -0.258838 0.024619 9.553600 0.259997 0.962016 -0.083223 16.065399 -0.002143 0.086762 0.996227 -5.227800 0.000000 0.000000 0.000000 1.000000
0.964553 -0.252112 0.077952 9.553600 0.257161 0.964292 -0.063314 16.065399 -0.059206 0.081116 0.994945 -5.227800 0.000000 0.000000 0.000000 1.000000
0.966662 -0.225790 0.120761 9.553600 0.232873 0.971323 -0.047984 16.065399 -0.106464 0.074506 0.991521 -5.227800 0.000000 0.000000 0.000000 1.000000
0.971610 -0.182082 0.151065 9.553600 0.189387 0.981266 -0.035350 16.065399 -0.141798 0.062956 0.987892 -5.227800 0.000000 0.000000 0.000000 1.000000
0.976846 -0.125671 0.173145 9.553600 0.131272 0.991119 -0.021238 16.065399 -0.168938 0.043476 0.984667 -5.227800 0.000000 0.000000 0.000000 1.000000
0.978997 -0.064041 0.193557 9.553600 0.066029 0.997810 -0.003831 16.065399 -0.192887 0.016531 0.981082 -5.227800 0.000000 0.000000 0.000000 1.000000
0.976586 -0.005160 0.215066 9.553600 0.002172 0.999898 0.014125 16.065399 -0.215116 -0.013327 0.976497 -5.227800 0.000000 0.000000 0.000000 1.000000
0.971379 0.045017 0.233229 9.553600 -0.052668 0.998256 0.026679 16.065399 -0.231621 -0.038199 0.972056 -5.227800 0.000000 0.000000 0.000000 1.000000
0.965885 0.088284 0.243457 9.553600 -0.098695 0.994639 0.030875 16.065399 -0.239426 -0.053850 0.969420 -5.227800 0.000000 0.000000 0.000000 1.000000
0.962989 0.125187 0.238705 9.553600 -0.134543 0.990635 0.023248 16.065399 -0.233559 -0.054503 0.970814 -5.227800 0.000000 0.000000 0.000000 1.000000
0.962485 0.158725 0.220068 9.553600 -0.164144 0.986415 0.006439 16.065399 -0.216056 -0.042321 0.975463 -5.227800 0.000000 0.000000 0.000000 1.000000
0.963504 0.186730 0.191810 9.553600 -0.187562 0.982153 -0.013974 16.065399 -0.190996 -0.022512 0.981333 -5.227800 0.000000 0.000000 0.000000 1.000000
0.965993 0.204347 0.158430 9.553600 -0.201919 0.978897 -0.031451 16.065399 -0.161513 -0.001608 0.986869 -5.227800 0.000000 0.000000 0.000000 1.000000
0.970344 0.209115 0.121258 9.553600 -0.205479 0.977765 -0.041887 16.065399 -0.127321 0.015729 0.991737 -5.227800 0.000000 0.000000 0.000000 1.000000
0.976049 0.202654 0.079114 9.553600 -0.199538 0.978830 -0.045560 16.065399 -0.086672 0.028683 0.995824 -5.227800 0.000000 0.000000 0.000000 1.000000
0.981539 0.188532 0.032185 9.553600 -0.186965 0.981277 -0.046259 16.065399 -0.040304 0.039388 0.998411 -5.227800 0.000000 0.000000 0.000000 1.000000
