<?xml version="1.0" encoding="utf-8"?>
<COLLADA xmlns="http://www.collada.org/2005/11/COLLADASchema" version="1.4.1">
  <asset><contributor><author>Mixamo</author><authoring_tool>COLLADA Mixamo exporter</authoring_tool><comments></comments></contributor><created>2019-12-01T03:41:11Z</created><modified>2019-12-01T03:41:11Z</modified><revision></revision><title></title><unit meter="0.010000"/><up_axis>Y_UP</up_axis></asset>
  <library_animations>
    <animation id="Mutant_Hips-anim" name="Mutant_Hips"><source id="Mutant_Hips-Matrix-animation-input"><float_array id="Mutant_Hips-Matrix-animation-input-array" count="44">

0.000000 0.033333 0.066667 0.100000 0.133333 0.166667 0.200000 0.233333 0.266667 0.300000 0.333333 0.366667 0.400000 0.433333 0.466667 0.500000
0.533333 0.566667 0.600000 0.633333 0.666667 0.700000 0.733333 0.766667 0.800000 0.833333 0.866667 0.900000 0.933333 0.966667 1.000000 1.033333
1.066667 1.100000 1.133333 1.166667 1.200000 1.233333 1.266667 1.300000 1.333333 1.366667 1.400000 1.433333</float_array><technique_common><accessor source="#Mutant_Hips-Matrix-animation-input-array" count="44"><param name="TIME" type="float"/></accessor></technique_common></source><source id="Mutant_Hips-Matrix-animation-output-transform"><float_array id="Mutant_Hips-Matrix-animation-output-transform-array" count="704">

0.989618 -0.096983 0.106066 2.563446 0.108451 0.988183 -0.108315 91.180573 -0.094308 0.118693 0.988442 -1.510993 0.000000 0.000000 0.000000 1.000000
0.989747 -0.105533 0.096244 2.266171 0.114018 0.989627 -0.087394 91.336891 -0.086023 0.097471 0.991514 -1.997197 0.000000 0.000000 0.000000 1.000000
0.990594 -0.107822 0.084250 2.084120 0.114355 0.990452 -0.076994 91.068176 -0.075144 0.085904 0.993466 -2.467608 0.000000 0.000000 0.000000 1.000000
0.992147 -0.105523 0.067151 2.023764 0.110641 0.990818 -0.077713 90.448730 -0.058334 0.084532 0.994712 -2.918678 0.000000 0.000000 0.000000 1.000000
0.993914 -0.100786 0.044470 2.071694 0.104271 0.990943 -0.084616 89.581215 -0.035539 0.088738 0.995421 -3.353166 0.000000 0.000000 0.000000 1.000000
0.995285 -0.095124 0.018937 2.191614 0.096471 0.991082 -0.091918 88.472809 -0.010024 0.093311 0.995587 -3.725166 0.000000 0.000000 0.000000 1.000000
0.996006 -0.089034 -0.006640 2.390193 0.087970 0.991363 -0.097269 87.112198 0.015243 0.096296 0.995236 -4.009190 0.000000 0.000000 0.000000 1.000000
0.996176 -0.081017 -0.032705 2.727758 0.077334 0.991833 -0.101421 85.490311 0.040654 0.098503 0.994306 -4.153440 0.000000 0.000000 0.000000 1.000000
0.995395 -0.072377 -0.062857 3.227805 0.065354 0.992068 -0.107377 83.634720 0.070130 0.102775 0.992229 -4.219632 0.000000 0.000000 0.000000 1.000000
0.992828 -0.064898 -0.100402 3.843461 0.052658 0.991366 -0.120090 81.827332 0.107329 0.113942 0.987673 -4.127842 0.000000 0.000000 0.000000 1.000000
0.987605 -0.065617 -0.142589 4.451092 0.044966 0.988627 -0.143508 80.355286 0.150384 0.135317 0.979323 -3.840465 0.000000 0.000000 0.000000 1.000000
0.980400 -0.072802 -0.183071 5.038837 0.040526 0.983870 -0.174231 78.980927 0.192802 0.163397 0.967537 -3.061629 0.000000 0.000000 0.000000 1.000000
0.974374 -0.082683 -0.209187 5.538449 0.039945 0.978812 -0.200826 77.672913 0.221360 0.187324 0.957032 -1.959924 0.000000 0.000000 0.000000 1.000000
0.972613 -0.091092 -0.213839 6.019331 0.044739 0.976170 -0.212343 76.996544 0.228086 0.196961 0.953511 -1.127053 0.000000 0.000000 0.000000 1.000000
0.974139 -0.095305 -0.204867 6.500184 0.052191 0.977081 -0.206372 76.922035 0.219840 0.190343 0.956786 -0.524318 0.000000 0.000000 0.000000 1.000000
0.976513 -0.095265 -0.193251 6.934666 0.057361 0.979518 -0.193012 77.600082 0.207680 0.177393 0.961977 -0.117829 0.000000 0.000000 0.000000 1.000000
0.979169 -0.089804 -0.182109 7.273067 0.055910 0.981453 -0.183370 79.079567 0.195199 0.169368 0.966029 0.331753 0.000000 0.000000 0.000000 1.000000
0.982563 -0.076962 -0.169251 7.615229 0.046112 0.982737 -0.179170 81.143341 0.180119 0.168241 0.969150 0.817714 0.000000 0.000000 0.000000 1.000000
0.986676 -0.056060 -0.152737 7.976238 0.028976 0.984304 -0.174088 83.400543 0.160099 0.167343 0.972813 1.253045 0.000000 0.000000 0.000000 1.000000
0.990345 -0.028280 -0.135706 8.184322 0.005845 0.986617 -0.162947 85.578079 0.138498 0.160581 0.977257 1.673770 0.000000 0.000000 0.000000 1.000000
0.992431 0.002706 -0.122770 8.158892 -0.020948 0.988834 -0.147543 87.465240 0.121000 0.148998 0.981406 2.147010 0.000000 0.000000 0.000000 1.000000
0.993080 0.031462 -0.113149 7.987601 -0.046735 0.989747 -0.134971 88.962021 0.107743 0.139325 0.984368 2.691077 0.000000 0.000000 0.000000 1.000000
0.993494 0.052584 -0.101013 8.025271 -0.065207 0.989882 -0.126022 90.007454 0.093364 0.131789 0.986871 3.270441 0.000000 0.000000 0.000000 1.000000
0.994573 0.063647 -0.082302 8.331647 -0.073332 0.989992 -0.120578 90.616676 0.073804 0.125959 0.989286 3.894314 0.000000 0.000000 0.000000 1.000000
0.995893 0.068807 -0.058851 8.614451 -0.075359 0.990207 -0.117518 90.761497 0.050189 0.121470 0.991325 4.564866 0.000000 0.000000 0.000000 1.000000
0.996886 0.071422 -0.033420 8.803206 -0.074831 0.990503 -0.115342 90.445435 0.024864 0.117484 0.992763 5.283675 0.000000 0.000000 0.000000 1.000000
0.997371 0.072016 -0.008016 8.935006 -0.072460 0.990890 -0.113519 89.611778 -0.000232 0.113802 0.993503 5.922624 0.000000 0.000000 0.000000 1.000000
0.997371 0.070634 0.016176 9.031288 -0.068391 0.991353 -0.111987 88.162827 -0.023947 0.110587 0.993578 6.282733 0.000000 0.000000 0.000000 1.000000
0.997048 0.066399 0.038544 9.117438 -0.061777 0.991928 -0.110739 86.016434 -0.045586 0.108031 0.993102 6.245389 0.000000 0.000000 0.000000 1.000000
0.996734 0.057796 0.056396 9.054555 -0.051228 0.992425 -0.111657 83.500648 -0.062422 0.108404 0.992145 5.945328 0.000000 0.000000 0.000000 1.000000
0.996353 0.047576 0.070833 8.798832 -0.039274 0.992669 -0.114302 80.889542 -0.075752 0.111103 0.990918 5.611932 0.000000 0.000000 0.000000 1.000000
0.995764 0.038723 0.083397 8.433601 -0.028707 0.992585 -0.118115 78.415726 -0.087352 0.115220 0.989492 5.247194 0.000000 0.000000 0.000000 1.000000
0.995217 0.032634 0.092078 7.960117 -0.020819 0.991752 -0.126471 76.860023 -0.095446 0.123949 0.987688 4.738493 0.000000 0.000000 0.000000 1.000000
0.994796 0.028581 0.097794 7.390726 -0.014717 0.990090 -0.139660 76.602394 -0.100816 0.137494 0.985359 4.172126 0.000000 0.000000 0.000000 1.000000
0.994377 0.024003 0.103145 6.827162 -0.008001 0.988219 -0.152836 77.292007 -0.105598 0.151151 0.982854 3.667078 0.000000 0.000000 0.000000 1.000000
0.993993 0.016838 0.108145 6.295275 0.000936 0.986751 -0.162237 78.664490 -0.109444 0.161364 0.980808 3.259259 0.000000 0.000000 0.000000 1.000000
0.993625 0.005369 0.112606 5.767083 0.013655 0.985779 -0.167491 80.562347 -0.111904 0.167961 0.979422 2.939229 0.000000 0.000000 0.000000 1.000000
0.993026 -0.009601 0.117500 5.225197 0.029621 0.985025 -0.169848 82.787766 -0.114110 0.172144 0.978440 2.702830 0.000000 0.000000 0.000000 1.000000
0.992241 -0.026731 0.121418 4.663928 0.047315 0.984314 -0.169962 85.096413 -0.114970 0.174388 0.977942 2.476695 0.000000 0.000000 0.000000 1.000000
0.991333 -0.043865 0.123830 4.116882 0.064378 0.983877 -0.166858 87.210289 -0.114514 0.173384 0.978174 2.162935 0.000000 0.000000 0.000000 1.000000
0.990507 -0.059554 0.123891 3.617153 0.079202 0.983892 -0.160261 88.942299 -0.112351 0.168552 0.979269 1.766629 0.000000 0.000000 0.000000 1.000000
0.989999 -0.075266 0.119318 3.162326 0.092359 0.985126 -0.144901 90.207993 -0.106637 0.154472 0.982225 1.297021 0.000000 0.000000 0.000000 1.000000
0.989742 -0.090138 0.110840 2.755636 0.103460 0.987247 -0.120990 90.950340 -0.098521 0.131217 0.986446 0.786819 0.000000 0.000000 0.000000 1.000000
0.989645 -0.096792 0.105994 2.569003 0.108257 0.988199 -0.108370 91.182327 -0.094253 0.118723 0.988444 -1.510992 0.000000 0.000000 0.000000 1.000000</float_array><technique_common><accessor source="#Mutant_Hips-Matrix-animation-output-transform-array" count="44" stride="16"><param type="float4x4"/></accessor></technique_common></source><source id="Mutant_Hips-Interpolations"><Name_array id="Mutant_Hips-Interpolations-array" count="44">
 LINEAR LINEAR LINEAR LINEAR LINEAR LINEAR LINEAR LINEAR LINEAR LINEAR LINEAR
LINEAR LINEAR LINEAR LINEAR LINEAR LINEAR LINEAR LINEAR LINEAR LINEAR LINEAR LINEAR
LINEAR LINEAR LINEAR LINEAR LINEAR LINEAR LINEAR LINEAR LINEAR LINEAR LINEAR LINEAR
LINEAR LINEAR LINEAR LINEAR LINEAR LINEAR LINEAR LINEAR LINEAR</Name_array><technique_common><accessor source="#Mutant_Hips-Interpolations-array" count="44"><param type="name"/></accessor></technique_common></source><sampler id="Mutant_Hips-Matrix-animation-transform"><input semantic="INPUT" source="#Mutant_Hips-Matrix-animation-input"/><input semantic="OUTPUT" source="#Mutant_Hips-Matrix-animation-output-transform"/><input semantic="INTERPOLATION" source="#Mutant_Hips-Interpolations"/></sampler><channel source="#Mutant_Hips-Matrix-animation-transform" target="Mutant_Hips/matrix"/></animation>
    <animation id="Mutant_Spine-anim" name="Mutant_Spine"><source id="Mutant_Spine-Matrix-animation-input"><float_array id="Mutant_Spine-Matrix-animation-input-array" count="44">

0.000000 0.033333 0.066667 0.100000 0.133333 0.166667 0.200000 0.233333 0.266667 0.300000 0.333333 0.366667 0.400000 0.433333 0.466667 0.500000
0.533333 0.566667 0.600000 0.633333 0.666667 0.700000 0.733333 0.766667 0.800000 0.833333 0.866667 0.900000 0.933333 0.966667 1.000000 1.033333
1.066667 1.100000 1.133333 1.166667 1.200000 1.233333 1.266667 1.300000 1.333333 1.366667 1.400000 1.433333</float_array><technique_common><accessor source="#Mutant_Spine-Matrix-animation-input-array" count="44"><param name="TIME" type="float"/></accessor></technique_common></source><source id="Mutant_Spine-Matrix-animation-output-transform"><float_array id="Mutant_Spine-Matrix-animation-output-transform-array" count="704">

0.999484 0.024955 0.020214 0.000000 -0.023235 0.996423 -0.081248 10.763900 -0.022169 0.080736 0.996489 1.243500 0.000000 0.000000 0.000000 1.000000
0.999084 0.029290 0.031192 0.000000 -0.026596 0.996149 -0.083542 10.763900 -0.033519 0.082636 0.996016 1.243500 0.000000 0.000000 0.000000 1.000000
0.998643 0.032295 0.040861 0.000000 -0.028729 0.995964 -0.085033 10.763900 -0.043442 0.083744 0.995540 1.243500 0.000000 0.000000 0.000000 1.000000
0.998178 0.034846 0.049263 0.000000 -0.030557 0.995888 -0.085285 10.763900 -0.052032 0.083624 0.995138 1.243500 0.000000 0.000000 0.000000 1.000000
0.997675 0.037984 0.056578 0.000000 -0.033128 0.995879 -0.084430 10.763900 -0.059552 0.082359 0.994822 1.243500 0.000000 0.000000 0.000000 1.000000
0.997133 0.041684 0.063145 0.000000 -0.036378 0.995888 -0.082970 10.763900 -0.066343 0.080435 0.994550 1.243500 0.000000 0.000000 0.000000 1.000000
0.996588 0.044477 0.069522 0.000000 -0.038780 0.995939 -0.081244 10.763900 -0.072853 0.078271 0.994267 1.243500 0.000000 0.000000 0.000000 1.000000
0.996061 0.045290 0.076226 0.000000 -0.039215 0.996072 -0.079392 10.763900 -0.079522 0.076090 0.993925 1.243500 0.000000 0.000000 0.000000 1.000000
0.995511 0.045636 0.082923 -0.000000 -0.039201 0.996210 -0.077640 10.763900 -0.086152 0.074041 0.993527 1.243500 0.000000 0.000000 0.000000 1.000000
0.994906 0.048547 0.088346 0.000000 -0.041854 0.996222 -0.076097 10.763900 -0.091707 0.072011 0.993179 1.243500 0.000000 0.000000 0.000000 1.000000
0.994307 0.054443 0.091592 -0.000000 -0.047692 0.996091 -0.074346 10.763900 -0.095281 0.069554 0.993017 1.243500 0.000000 0.000000 0.000000 1.000000
0.993891 0.060144 0.092538 -0.000000 -0.053528 0.995939 -0.072385 10.763900 -0.096516 0.066989 0.993075 1.243500 0.000000 0.000000 0.000000 1.000000
0.993866 0.063083 0.090831 0.000000 -0.056628 0.995798 -0.071963 10.763900 -0.094989 0.066378 0.993263 1.243500 0.000000 0.000000 0.000000 1.000000
0.994262 0.063758 0.085896 0.000000 -0.057349 0.995524 -0.075127 10.763900 -0.090301 0.069770 0.993468 1.243500 0.000000 0.000000 0.000000 1.000000
0.994947 0.063494 0.077781 0.000000 -0.057142 0.995048 -0.081325 10.763900 -0.082560 0.076470 0.993648 1.243500 0.000000 0.000000 0.000000 1.000000
0.995837 0.061749 0.067052 0.000000 -0.055790 0.994613 -0.087368 10.763900 -0.072085 0.083263 0.993917 1.243500 0.000000 0.000000 0.000000 1.000000
0.996913 0.056713 0.054299 0.000000 -0.051655 0.994564 -0.090416 10.763900 -0.059132 0.087332 0.994423 1.243500 0.000000 0.000000 0.000000 1.000000
0.998034 0.048076 0.040199 0.000000 -0.044287 0.994925 -0.090351 10.763900 -0.044338 0.088393 0.995098 1.243500 0.000000 0.000000 0.000000 1.000000
0.998944 0.038112 0.025641 0.000000 -0.035692 0.995394 -0.088976 10.763900 -0.028914 0.087967 0.995704 1.243500 0.000000 0.000000 0.000000 1.000000
0.999490 0.029801 0.011503 0.000000 -0.028683 0.995757 -0.087442 10.763900 -0.014060 0.087067 0.996103 1.243500 0.000000 0.000000 0.000000 1.000000
0.999697 0.024549 -0.001841 0.000000 -0.024617 0.996050 -0.085309 10.763900 -0.000260 0.085329 0.996353 1.243500 0.000000 0.000000 0.000000 1.000000
0.999655 0.021793 -0.014681 -0.000000 -0.022929 0.996351 -0.082214 10.763900 0.012836 0.082523 0.996507 1.243500 0.000000 0.000000 0.000000 1.000000
0.999424 0.019993 -0.027406 0.000000 -0.022115 0.996595 -0.079427 10.763900 0.025725 0.079987 0.996464 1.243500 0.000000 0.000000 0.000000 1.000000
0.999060 0.017474 -0.039677 -0.000000 -0.020564 0.996675 -0.078844 10.763900 0.038167 0.079585 0.996097 1.243500 0.000000 0.000000 0.000000 1.000000
0.998659 0.012813 -0.050150 0.000000 -0.016851 0.996576 -0.080950 10.763900 0.048941 0.081686 0.995456 1.243500 0.000000 0.000000 0.000000 1.000000
0.998344 0.005161 -0.057295 -0.000000 -0.010013 0.996354 -0.084727 10.763900 0.056649 0.085161 0.994756 1.243500 0.000000 0.000000 0.000000 1.000000
0.998132 -0.005358 -0.060859 0.000000 -0.000082 0.996027 -0.089047 10.763900 0.061094 0.088885 0.994166 1.243500 0.000000 0.000000 0.000000 1.000000
0.997911 -0.017132 -0.062290 0.000000 0.011272 0.995579 -0.093244 10.763900 0.063612 0.092347 0.993693 1.243500 0.000000 0.000000 0.000000 1.000000
0.997613 -0.027106 -0.063508 0.000000 0.020883 0.995096 -0.096679 10.763900 0.065818 0.095122 0.993287 1.243500 0.000000 0.000000 0.000000 1.000000
0.997319 -0.032556 -0.065537 -0.000000 0.025991 0.994783 -0.098643 10.763900 0.068406 0.096675 0.992963 1.243500 0.000000 0.000000 0.000000 1.000000
0.997118 -0.033369 -0.068136 0.000000 0.026518 0.994725 -0.099088 10.763900 0.071083 0.096996 0.992743 1.243500 0.000000 0.000000 0.000000 1.000000
0.997023 -0.031936 -0.070174 0.000000 0.024890 0.994769 -0.099072 10.763900 0.072971 0.097030 0.992603 1.243500 0.000000 0.000000 0.000000 1.000000
0.997049 -0.030917 -0.070273 -0.000000 0.023794 0.994699 -0.100034 10.763900 0.072993 0.098067 0.992499 1.243500 0.000000 0.000000 0.000000 1.000000
0.997223 -0.031347 -0.067557 0.000000 0.024318 0.994438 -0.102475 10.763900 0.070393 0.100548 0.992439 1.243500 0.000000 0.000000 0.000000 1.000000
0.997565 -0.032270 -0.061833 -0.000000 0.025609 0.994075 -0.105640 10.763900 0.064875 0.103799 0.992480 1.243500 0.000000 0.000000 0.000000 1.000000
0.998074 -0.031750 -0.053291 0.000000 0.025825 0.993770 -0.108413 10.763900 0.056401 0.106828 0.992677 1.243500 0.000000 0.000000 0.000000 1.000000
0.998681 -0.028298 -0.042834 0.000000 0.023442 0.993667 -0.109895 10.763900 0.045672 0.108746 0.993020 1.243500 0.000000 0.000000 0.000000 1.000000
0.999243 -0.021605 -0.032362 -0.000000 0.017954 0.993866 -0.109125 10.763900 0.034521 0.108462 0.993501 1.243500 0.000000 0.000000 0.000000 1.000000
0.999647 -0.012424 -0.023466 0.000000 0.009891 0.994408 -0.105141 10.763900 0.024641 0.104871 0.994180 1.243500 0.000000 0.000000 0.000000 1.000000
0.999874 -0.002200 -0.015711 0.000000 0.000649 0.995182 -0.098043 10.763900 0.015851 0.098021 0.995058 1.243500 0.000000 0.000000 0.000000 1.000000
0.999947 0.007465 -0.007081 0.000000 -0.008072 0.995917 -0.089910 10.763900 0.006381 0.089963 0.995925 1.243500 0.000000 0.000000 0.000000 1.000000
0.999873 0.015545 0.003403 0.000000 -0.015206 0.996370 -0.083757 10.763900 -0.004692 0.083694 0.996480 1.243500 0.000000 0.000000 0.000000 1.000000
0.999676 0.021470 0.013693 -0.000000 -0.020289 0.996491 -0.081208 10.763900 -0.015388 0.080904 0.996603 1.243500 0.000000 0.000000 0.000000 1.000000
0.999549 0.023805 0.018281 0.000000 -0.022253 0.996475 -0.080882 10.763900 -0.020142 0.080438 0.996556 1.243500 0.000000 0.000000 0.000000 1.000000</float_array><technique_common><accessor source="#Mutant_Spine-Matrix-animation-output-transform-array" count="44" stride="16"><param type="float4x4"/></accessor></technique_common></source><source id="Mutant_Spine-Interpolations"><Name_array id="Mutant_Spine-Interpolations-array" count="44">
 LINEAR LINEAR LINEAR LINEAR LINEAR LINEAR LINEAR LINEAR LINEAR LINEAR LINEAR
LINEAR LINEAR LINEAR LINEAR LINEAR LINEAR LINEAR LINEAR LINEAR LINEAR LINEAR LINEAR
LINEAR LINEAR LINEAR LINEAR LINEAR LINEAR LINEAR LINEAR LINEAR LINEAR LINEAR LINEAR
LINEAR LINEAR LINEAR LINEAR LINEAR LINEAR LINEAR LINEAR LINEAR</Name_array><technique_common><accessor source="#Mutant_Spine-Interpolations-array" count="44"><param type="name"/></accessor></technique_common></source><sampler id="Mutant_Spine-Matrix-animation-transform"><input semantic="INPUT" source="#Mutant_Spine-Matrix-animation-input"/><input semantic="OUTPUT" source="#Mutant_Spine-Matrix-animation-output-transform"/><input semantic="INTERPOLATION" source="#Mutant_Spine-Interpolations"/></sampler><channel source="#Mutant_Spine-Matrix-animation-transform" target="Mutant_Spine/matrix"/></animation>
    <animation id="Mutant_Spine1-anim" name="Mutant_Spine1"><source id="Mutant_Spine1-Matrix-animation-input"><float_array id="Mutant_Spine1-Matrix-animation-input-array" count="44">

0.000000 0.033333 0.066667 0.100000 0.133333 0.166667 0.200000 0.233333 0.266667 0.300000 0.333333 0.366667 0.400000 0.433333 0.466667 0.500000
0.533333 0.566667 0.600000 0.633333 0.666667 0.700000 0.733333 0.766667 0.800000 0.833333 0.866667 0.900000 0.933333 0.966667 1.000000 1.033333
1.066667 1.100000 1.133333 1.166667 1.200000 1.233333 1.266667 1.300000 1.333333 1.366667 1.400000 1.433333</float_array><technique_common><accessor source="#Mutant_Spine1-Matrix-animation-input-array" count="44"><param name="TIME" type="float"/></accessor></technique_common></source><source id="Mutant_Spine1-Matrix-animation-output-transform"><float_array id="Mutant_Spine1-Matrix-animation-output-transform-array" count="704">

0.998224 0.049351 0.033370 -0.018900 -0.042886 0.984078 -0.172485 13.061300 -0.041351 0.170747 0.984447 0.227500 0.000000 0.000000 0.000000 1.000000
0.996716 0.062079 0.051991 -0.018900 -0.051788 0.982292 -0.180056 13.061300 -0.062248 0.176772 0.982281 0.227500 0.000000 0.000000 0.000000 1.000000
0.995240 0.071451 0.066279 -0.018900 -0.058015 0.980800 -0.186189 13.061300 -0.078310 0.181457 0.980276 0.227500 0.000000 0.000000 0.000000 1.000000
0.994011 0.077589 0.076950 -0.018900 -0.061792 0.979874 -0.189814 13.061300 -0.090129 0.183922 0.978800 0.227500 0.000000 0.000000 0.000000 1.000000
0.993009 0.081620 0.085273 -0.018900 -0.064100 0.979480 -0.191076 13.061300 -0.099119 0.184274 0.977864 0.227500 0.000000 0.000000 0.000000 1.000000
0.992111 0.085071 0.092076 -0.018900 -0.066223 0.979304 -0.191255 13.061300 -0.106441 0.183649 0.977212 0.227500 0.000000 0.000000 0.000000 1.000000
0.991258 0.088937 0.097452 -0.018900 -0.068988 0.979017 -0.191746 13.061300 -0.112461 0.183347 0.976594 0.227500 0.000000 0.000000 0.000000 1.000000
0.990379 0.093590 0.101937 -0.018900 -0.072574 0.978464 -0.193241 13.061300 -0.117827 0.183983 0.975842 0.227500 0.000000 0.000000 0.000000 1.000000
0.989296 0.099203 0.107013 -0.018900 -0.076920 0.977728 -0.195271 13.061300 -0.124001 0.184950 0.974893 0.227500 0.000000 0.000000 0.000000 1.000000
0.987841 0.106130 0.113604 -0.018900 -0.082408 0.977088 -0.196232 13.061300 -0.131827 0.184485 0.973954 0.227500 0.000000 0.000000 0.000000 1.000000
0.986087 0.114720 0.120296 -0.018900 -0.089896 0.976758 -0.194585 13.061300 -0.139822 0.181064 0.973481 0.227500 0.000000 0.000000 0.000000 1.000000
0.984411 0.124806 0.123928 -0.018900 -0.099738 0.976481 -0.191145 13.061300 -0.144870 0.175805 0.973707 0.227500 0.000000 0.000000 0.000000 1.000000
0.983257 0.135152 0.122225 -0.018900 -0.110536 0.975623 -0.189584 13.061300 -0.144868 0.172900 0.974227 0.227500 0.000000 0.000000 0.000000 1.000000
0.982969 0.142969 0.115468 -0.018900 -0.119000 0.973975 -0.192905 13.061300 -0.140042 0.175879 0.974400 0.227500 0.000000 0.000000 0.000000 1.000000
0.983788 0.144893 0.105676 -0.018900 -0.121761 0.972287 -0.199581 13.061300 -0.131665 0.183478 0.974166 0.227500 0.000000 0.000000 0.000000 1.000000
0.985765 0.139154 0.094356 -0.018900 -0.117606 0.971778 -0.204490 13.061300 -0.120149 0.190482 0.974310 0.227500 0.000000 0.000000 0.000000 1.000000
0.988683 0.126328 0.080913 -0.018900 -0.107668 0.973099 -0.203680 13.061300 -0.104467 0.192663 0.975688 0.227500 0.000000 0.000000 0.000000 1.000000
0.992112 0.108129 0.063419 -0.018900 -0.093702 0.975754 -0.197798 13.061300 -0.083269 0.190295 0.978189 0.227500 0.000000 0.000000 0.000000 1.000000
0.995439 0.086134 0.041009 -0.018900 -0.076810 0.978591 -0.190946 13.061300 -0.056578 0.186925 0.980743 0.227500 0.000000 0.000000 0.000000 1.000000
0.997977 0.061722 0.015210 -0.018900 -0.057813 0.980740 -0.186564 13.061300 -0.026432 0.185307 0.982325 0.227500 0.000000 0.000000 0.000000 1.000000
0.999263 0.036732 -0.011159 -0.018900 -0.038163 0.982006 -0.184954 13.061300 0.004164 0.185244 0.982684 0.227500 0.000000 0.000000 0.000000 1.000000
0.999266 0.013395 -0.035884 -0.018900 -0.019804 0.982594 -0.184707 13.061300 0.032785 0.185282 0.982138 0.227500 0.000000 0.000000 0.000000 1.000000
0.998306 -0.006680 -0.057798 -0.018900 -0.004136 0.982728 -0.185009 13.061300 0.058036 0.184935 0.981036 0.227500 0.000000 0.000000 0.000000 1.000000
0.996842 -0.023029 -0.075999 -0.018900 0.008521 0.982521 -0.185956 13.061300 0.078953 0.184721 0.979615 0.227500 0.000000 0.000000 0.000000 1.000000
0.995335 -0.035864 -0.089564 -0.018900 0.018489 0.982040 -0.187764 13.061300 0.094689 0.185232 0.978122 0.227500 0.000000 0.000000 0.000000 1.000000
0.994121 -0.045734 -0.098146 -0.018900 0.026340 0.981338 -0.190480 13.061300 0.105026 0.186775 0.976773 0.227500 0.000000 0.000000 0.000000 1.000000
0.993292 -0.053644 -0.102433 -0.018900 0.032941 0.980442 -0.194030 13.061300 0.110838 0.189354 0.975633 0.227500 0.000000 0.000000 0.000000 1.000000
0.992761 -0.060451 -0.103781 -0.018900 0.038936 0.979421 -0.198036 13.061300 0.113616 0.192562 0.974685 0.227500 0.000000 0.000000 0.000000 1.000000
0.992441 -0.065946 -0.103500 -0.018900 0.043990 0.978474 -0.201627 13.061300 0.114568 0.195550 0.973979 0.227500 0.000000 0.000000 0.000000 1.000000
0.992305 -0.069318 -0.102600 -0.018900 0.047230 0.977860 -0.203861 13.061300 0.114459 0.197447 0.973609 0.227500 0.000000 0.000000 0.000000 1.000000
0.992310 -0.070420 -0.101792 -0.018900 0.048375 0.977619 -0.204746 13.061300 0.113932 0.198247 0.973508 0.227500 0.000000 0.000000 0.000000 1.000000
0.992423 -0.069860 -0.101071 -0.018900 0.047854 0.977440 -0.205720 13.061300 0.113162 0.199325 0.973378 0.227500 0.000000 0.000000 0.000000 1.000000
0.992702 -0.068082 -0.099537 -0.018900 0.046093 0.976932 -0.208519 13.061300 0.111437 0.202409 0.972940 0.227500 0.000000 0.000000 0.000000 1.000000
0.993236 -0.064995 -0.096216 -0.018900 0.043228 0.976072 -0.213108 13.061300 0.107764 0.207507 0.972280 0.227500 0.000000 0.000000 0.000000 1.000000
0.994051 -0.060341 -0.090668 -0.018900 0.039373 0.975288 -0.217400 13.061300 0.101546 0.212537 0.971862 0.227500 0.000000 0.000000 0.000000 1.000000
0.995108 -0.054026 -0.082717 -0.018900 0.034688 0.974995 -0.219504 13.061300 0.092508 0.215560 0.972099 0.227500 0.000000 0.000000 0.000000 1.000000
0.996302 -0.045973 -0.072589 -0.018900 0.029042 0.975277 -0.219071 13.061300 0.080866 0.216153 0.973005 0.227500 0.000000 0.000000 0.000000 1.000000
0.997479 -0.035788 -0.061272 -0.018900 0.021780 0.976231 -0.215634 13.061300 0.067533 0.213755 0.974550 0.227500 0.000000 0.000000 0.000000 1.000000
0.998512 -0.022842 -0.049508 -0.018900 0.012087 0.978154 -0.207529 13.061300 0.053167 0.206622 0.976975 0.227500 0.000000 0.000000 0.000000 1.000000
0.999320 -0.007117 -0.036184 -0.018900 -0.000060 0.980888 -0.194575 13.061300 0.036877 0.194445 0.980220 0.227500 0.000000 0.000000 0.000000 1.000000
0.999767 0.010170 -0.019054 -0.018900 -0.013448 0.983437 -0.180750 13.061300 0.016900 0.180964 0.983345 0.227500 0.000000 0.000000 0.000000 1.000000
0.999632 0.027069 0.001779 -0.018900 -0.026361 0.984770 -0.171852 13.061300 -0.006404 0.171742 0.985121 0.227500 0.000000 0.000000 0.000000 1.000000
0.998928 0.041045 0.021395 -0.018900 -0.036816 0.984723 -0.170189 13.061300 -0.028054 0.169219 0.985179 0.227500 0.000000 0.000000 0.000000 1.000000
0.998453 0.046890 0.029889 -0.018900 -0.041109 0.984400 -0.171075 13.061300 -0.037444 0.169582 0.984805 0.227500 0.000000 0.000000 0.000000 1.000000</float_array><technique_common><accessor source="#Mutant_Spine1-Matrix-animation-output-transform-array" count="44" stride="16"><param type="float4x4"/></accessor></technique_common></source><source id="Mutant_Spine1-Interpolations"><Name_array id="Mutant_Spine1-Interpolations-array" count="44">
 LINEAR LINEAR LINEAR LINEAR LINEAR LINEAR LINEAR LINEAR LINEAR LINEAR LINEAR
LINEAR LINEAR LINEAR LINEAR LINEAR LINEAR LINEAR LINEAR LINEAR LINEAR LINEAR LINEAR
LINEAR LINEAR LINEAR LINEAR LINEAR LINEAR LINEAR LINEAR LINEAR LINEAR LINEAR LINEAR
LINEAR LINEAR LINEAR LINEAR LINEAR LINEAR LINEAR LINEAR LINEAR</Name_array><technique_common><accessor source="#Mutant_Spine1-Interpolations-array" count="44"><param type="name"/></accessor></technique_common></source><sampler id="Mutant_Spine1-Matrix-animation-transform"><input semantic="INPUT" source="#Mutant_Spine1-Matrix-animation-input"/><input semantic="OUTPUT" source="#Mutant_Spine1-Matrix-animation-output-transform"/><input semantic="INTERPOLATION" source="#Mutant_Spine1-Interpolations"/></sampler><channel source="#Mutant_Spine1-Matrix-animation-transform" target="Mutant_Spine1/matrix"/></animation>
    <animation id="Mutant_Spine2-anim" name="Mutant_Spine2"><source id="Mutant_Spine2-Matrix-animation-input"><float_array id="Mutant_Spine2-Matrix-animation-input-array" count="44">

0.000000 0.033333 0.066667 0.100000 0.133333 0.166667 0.200000 0.233333 0.266667 0.300000 0.333333 0.366667 0.400000 0.433333 0.466667 0.500000
0.533333 0.566667 0.600000 0.633333 0.666667 0.700000 0.733333 0.766667 0.800000 0.833333 0.866667 0.900000 0.933333 0.966667 1.000000 1.033333
1.066667 1.100000 1.133333 1.166667 1.200000 1.233333 1.266667 1.300000 1.333333 1.366667 1.400000 1.433333</float_array><technique_common><accessor source="#Mutant_Spine2-Matrix-animation-input-array" count="44"><param name="TIME" type="float"/></accessor></technique_common></source><source id="Mutant_Spine2-Matrix-animation-output-transform"><float_array id="Mutant_Spine2-Matrix-animation-output-transform-array" count="704">

0.998355 0.048313 0.030868 -0.021600 -0.042265 0.983992 -0.173130 12.988200 -0.038738 0.171541 0.984415 -0.916700 0.000000 0.000000 0.000000 1.000000
0.996916 0.061095 0.049260 -0.021600 -0.051245 0.982143 -0.181023 12.988200 -0.059440 0.177940 0.982244 -0.916700 0.000000 0.000000 0.000000 1.000000
0.995512 0.070324 0.063333 -0.021600 -0.057343 0.980593 -0.187479 12.988200 -0.075288 0.183006 0.980225 -0.916700 0.000000 0.000000 0.000000 1.000000
0.994368 0.076087 0.073775 -0.021600 -0.060752 0.979615 -0.191475 12.988200 -0.086840 0.185915 0.978721 -0.916700 0.000000 0.000000 0.000000 1.000000
0.993464 0.079606 0.081801 -0.021600 -0.062554 0.979167 -0.193183 12.988200 -0.095476 0.186804 0.977747 -0.916700 0.000000 0.000000 0.000000 1.000000
0.992672 0.082617 0.088183 -0.021600 -0.064252 0.978924 -0.193854 12.988200 -0.102341 0.186768 0.977059 -0.916700 0.000000 0.000000 0.000000 1.000000
0.991920 0.086302 0.092987 -0.021600 -0.066876 0.978556 -0.194821 12.988200 -0.107806 0.187028 0.976421 -0.916700 0.000000 0.000000 0.000000 1.000000
0.991131 0.091101 0.096748 -0.021600 -0.070680 0.977904 -0.196745 12.988200 -0.112534 0.188162 0.975670 -0.916700 0.000000 0.000000 0.000000 1.000000
0.990134 0.097125 0.101004 -0.021600 -0.075522 0.977047 -0.199189 12.988200 -0.118031 0.189596 0.974742 -0.916700 0.000000 0.000000 0.000000 1.000000
0.988761 0.104597 0.106823 -0.021600 -0.081608 0.976275 -0.200569 12.988200 -0.125267 0.189597 0.973838 -0.916700 0.000000 0.000000 0.000000 1.000000
0.987064 0.113752 0.112980 -0.021600 -0.089651 0.975837 -0.199262 12.988200 -0.132916 0.186556 0.973412 -0.916700 0.000000 0.000000 0.000000 1.000000
0.985390 0.124322 0.116411 -0.021600 -0.099929 0.975512 -0.195933 12.988200 -0.137919 0.181437 0.973683 -0.916700 0.000000 0.000000 0.000000 1.000000
0.984184 0.134923 0.114796 -0.021600 -0.110969 0.974669 -0.194182 12.988200 -0.138088 0.178372 0.974225 -0.916700 0.000000 0.000000 0.000000 1.000000
0.983823 0.142650 0.108370 -0.021600 -0.119385 0.973091 -0.197082 12.988200 -0.133567 0.180956 0.974379 -0.916700 0.000000 0.000000 0.000000 1.000000
0.984565 0.144204 0.099183 -0.021600 -0.121822 0.971526 -0.203217 12.988200 -0.125663 0.187997 0.974097 -0.916700 0.000000 0.000000 0.000000 1.000000
0.986440 0.138066 0.088741 -0.021600 -0.117261 0.971177 -0.207522 12.988200 -0.114835 0.194302 0.974197 -0.916700 0.000000 0.000000 0.000000 1.000000
0.989212 0.125055 0.076291 -0.021600 -0.107072 0.972666 -0.206050 12.988200 -0.099973 0.195658 0.975563 -0.916700 0.000000 0.000000 0.000000 1.000000
0.992476 0.106922 0.059652 -0.021600 -0.093101 0.975470 -0.199475 12.988200 -0.079517 0.192420 0.978086 -0.916700 0.000000 0.000000 0.000000 1.000000
0.995656 0.085105 0.037771 -0.021600 -0.076349 0.978424 -0.191984 12.988200 -0.053295 0.188267 0.980671 -0.916700 0.000000 0.000000 0.000000 1.000000
0.998073 0.060854 0.012144 -0.021600 -0.057516 0.980656 -0.187096 12.988200 -0.023294 0.186037 0.982267 -0.916700 0.000000 0.000000 0.000000 1.000000
0.999250 0.035992 -0.014310 -0.021600 -0.038021 0.981979 -0.185127 12.988200 0.007389 0.185533 0.982610 -0.916700 0.000000 0.000000 0.000000 1.000000
0.999148 0.012782 -0.039234 -0.021600 -0.019820 0.982610 -0.184622 12.988200 0.036191 0.185243 0.982026 -0.916700 0.000000 0.000000 0.000000 1.000000
0.998091 -0.007127 -0.061350 -0.021600 -0.004336 0.982782 -0.184720 12.988200 0.061610 0.184633 0.980874 -0.916700 0.000000 0.000000 0.000000 1.000000
0.996548 -0.023234 -0.079703 -0.021600 0.008073 0.982612 -0.185495 12.988200 0.082626 0.184211 0.979408 -0.916700 0.000000 0.000000 0.000000 1.000000
0.994993 -0.035693 -0.093353 -0.021600 0.017673 0.982169 -0.187170 12.988200 0.098369 0.184583 0.977882 -0.916700 0.000000 0.000000 0.000000 1.000000
0.993772 -0.045012 -0.101941 -0.021600 0.024986 0.981503 -0.189808 12.988200 0.108599 0.186078 0.976515 -0.916700 0.000000 0.000000 0.000000 1.000000
0.992980 -0.052204 -0.106140 -0.021600 0.030888 0.980643 -0.193352 12.988200 0.114179 0.188716 0.975371 -0.916700 0.000000 0.000000 0.000000 1.000000
0.992519 -0.058208 -0.107325 -0.021600 0.036104 0.979651 -0.197435 12.988200 0.116633 0.192083 0.974423 -0.916700 0.000000 0.000000 0.000000 1.000000
0.992278 -0.062953 -0.106873 -0.021600 0.040428 0.978726 -0.201148 12.988200 0.117262 0.195274 0.973713 -0.916700 0.000000 0.000000 0.000000 1.000000
0.992202 -0.065791 -0.105859 -0.021600 0.043149 0.978129 -0.203473 12.988200 0.116930 0.197319 0.973341 -0.916700 0.000000 0.000000 0.000000 1.000000
0.992233 -0.066708 -0.104997 -0.021600 0.044120 0.977902 -0.204354 12.988200 0.116309 0.198135 0.973250 -0.916700 0.000000 0.000000 0.000000 1.000000
0.992341 -0.066277 -0.104244 -0.021600 0.043740 0.977732 -0.205249 12.988200 0.115526 0.199117 0.973142 -0.916700 0.000000 0.000000 0.000000 1.000000
0.992607 -0.064723 -0.102672 -0.021600 0.042205 0.977220 -0.207991 12.988200 0.113795 0.202120 0.972727 -0.916700 0.000000 0.000000 0.000000 1.000000
0.993140 -0.061759 -0.099291 -0.021600 0.039457 0.976338 -0.212620 12.988200 0.110073 0.207244 0.972077 -0.916700 0.000000 0.000000 0.000000 1.000000
0.993964 -0.057146 -0.093652 -0.021600 0.035638 0.975516 -0.217020 12.988200 0.103761 0.212373 0.971664 -0.916700 0.000000 0.000000 0.000000 1.000000
0.995027 -0.050931 -0.085602 -0.021600 0.031058 0.975184 -0.219205 12.988200 0.094642 0.215456 0.971916 -0.916700 0.000000 0.000000 0.000000 1.000000
0.996218 -0.043147 -0.075413 -0.021600 0.025687 0.975440 -0.218763 12.988200 0.083000 0.215999 0.972860 -0.916700 0.000000 0.000000 0.000000 1.000000
0.997385 -0.033455 -0.064069 -0.021600 0.018924 0.976377 -0.215244 12.988200 0.069756 0.213469 0.974456 -0.916700 0.000000 0.000000 0.000000 1.000000
0.998409 -0.021232 -0.052235 -0.021600 0.009971 0.978277 -0.207060 12.988200 0.055497 0.206210 0.976933 -0.916700 0.000000 0.000000 0.000000 1.000000
0.999228 -0.006372 -0.038754 -0.021600 -0.001273 0.980976 -0.194126 12.988200 0.039254 0.194026 0.980211 -0.916700 0.000000 0.000000 0.000000 1.000000
0.999719 0.010089 -0.021449 -0.021600 -0.013798 0.983480 -0.180488 12.988200 0.019274 0.180733 0.983343 -0.916700 0.000000 0.000000 0.000000 1.000000
0.999652 0.026387 -0.000543 -0.021600 -0.026087 0.984765 -0.171924 12.988200 -0.004002 0.171878 0.985110 -0.916700 0.000000 0.000000 0.000000 1.000000
0.999016 0.040062 0.019011 -0.021600 -0.036240 0.984672 -0.170612 12.988200 -0.025555 0.169756 0.985155 -0.916700 0.000000 0.000000 0.000000 1.000000
0.998572 0.045834 0.027445 -0.021600 -0.040462 0.984326 -0.171656 12.988200 -0.034883 0.170301 0.984775 -0.916700 0.000000 0.000000 0.000000 1.000000</float_array><technique_common><accessor source="#Mutant_Spine2-Matrix-animation-output-transform-array" count="44" stride="16"><param type="float4x4"/></accessor></technique_common></source><source id="Mutant_Spine2-Interpolations"><Name_array id="Mutant_Spine2-Interpolations-array" count="44">
 LINEAR LINEAR LINEAR LINEAR LINEAR LINEAR LINEAR LINEAR LINEAR LINEAR LINEAR
LINEAR LINEAR LINEAR LINEAR LINEAR LINEAR LINEAR LINEAR LINEAR LINEAR LINEAR LINEAR
LINEAR LINEAR LINEAR LINEAR LINEAR LINEAR LINEAR LINEAR LINEAR LINEAR LINEAR LINEAR
LINEAR LINEAR LINEAR LINEAR LINEAR LINEAR LINEAR LINEAR LINEAR</Name_array><technique_common><accessor source="#Mutant_Spine2-Interpolations-array" count="44"><param type="name"/></accessor></technique_common></source><sampler id="Mutant_Spine2-Matrix-animation-transform"><input semantic="INPUT" source="#Mutant_Spine2-Matrix-animation-input"/><input semantic="OUTPUT" source="#Mutant_Spine2-Matrix-animation-output-transform"/><input semantic="INTERPOLATION" source="#Mutant_Spine2-Interpolations"/></sampler><channel source="#Mutant_Spine2-Matrix-animation-transform" target="Mutant_Spine2/matrix"/></animation>
    <animation id="Mutant_Neck-anim" name="Mutant_Neck"><source id="Mutant_Neck-Matrix-animation-input"><float_array id="Mutant_Neck-Matrix-animation-input-array" count="44">

0.000000 0.033333 0.066667 0.100000 0.133333 0.166667 0.200000 0.233333 0.266667 0.300000 0.333333 0.366667 0.400000 0.433333 0.466667 0.500000
0.533333 0.566667 0.600000 0.633333 0.666667 0.700000 0.733333 0.766667 0.800000 0.833333 0.866667 0.900000 0.933333 0.966667 1.000000 1.033333
1.066667 1.100000 1.133333 1.166667 1.200000 1.233333 1.266667 1.300000 1.333333 1.366667 1.400000 1.433333</float_array><technique_common><accessor source="#Mutant_Neck-Matrix-animation-input-array" count="44"><param name="TIME" type="float"/></accessor></technique_common></source><source id="Mutant_Neck-Matrix-animation-output-transform"><float_array id="Mutant_Neck-Matrix-animation-output-transform-array" count="704">

0.999579 -0.019191 -0.021746 -0.011900 0.019087 0.999805 -0.004992 24.670700 0.021838 0.004574 0.999751 2.028100 0.000000 0.000000 0.000000 1.000000
0.999537 -0.021054 -0.021975 -0.011900 0.021000 0.999776 -0.002713 24.670700 0.022028 0.002251 0.999755 2.028100 0.000000 0.000000 0.000000 1.000000
0.999491 -0.022070 -0.023014 -0.011900 0.022055 0.999756 -0.000932 24.670700 0.023029 0.000424 0.999735 2.028100 0.000000 0.000000 0.000000 1.000000
0.999452 -0.022146 -0.024609 -0.011900 0.022153 0.999755 0.000038 24.670700 0.024602 -0.000583 0.999697 2.028100 0.000000 0.000000 0.000000 1.000000
0.999420 -0.021539 -0.026390 -0.011900 0.021548 0.999768 0.000030 24.670700 0.026383 -0.000599 0.999652 2.028100 0.000000 0.000000 0.000000 1.000000
0.999395 -0.020653 -0.027981 -0.011900 0.020637 0.999787 -0.000856 24.670700 0.027992 0.000278 0.999608 2.028100 0.000000 0.000000 0.000000 1.000000
0.999383 -0.019593 -0.029162 -0.011900 0.019534 0.999807 -0.002306 24.670700 0.029202 0.001735 0.999572 2.028100 0.000000 0.000000 0.000000 1.000000
0.999393 -0.018129 -0.029745 -0.011900 0.018026 0.999831 -0.003733 24.670700 0.029807 0.003195 0.999551 2.028100 0.000000 0.000000 0.000000 1.000000
0.999448 -0.016147 -0.029044 -0.011900 0.016036 0.999863 -0.004047 24.670700 0.029105 0.003579 0.999570 2.028100 0.000000 0.000000 0.000000 1.000000
0.999571 -0.014051 -0.025702 -0.011900 0.014004 0.999900 -0.002012 24.670700 0.025728 0.001651 0.999668 2.028100 0.000000 0.000000 0.000000 1.000000
0.999743 -0.012512 -0.018925 -0.011900 0.012558 0.999919 0.002287 24.670700 0.018895 -0.002524 0.999818 2.028100 0.000000 0.000000 0.000000 1.000000
0.999877 -0.011753 -0.010401 -0.011900 0.011823 0.999908 0.006692 24.670700 0.010322 -0.006814 0.999924 2.028100 0.000000 0.000000 0.000000 1.000000
0.999928 -0.011445 -0.003626 -0.011900 0.011476 0.999895 0.008881 24.670700 0.003524 -0.008922 0.999954 2.028100 0.000000 0.000000 0.000000 1.000000
0.999936 -0.011304 -0.000679 -0.011900 0.011309 0.999900 0.008518 24.670700 0.000583 -0.008525 0.999963 2.028100 0.000000 0.000000 0.000000 1.000000
0.999938 -0.011098 -0.001110 -0.011900 0.011106 0.999917 0.006601 24.670700 0.001037 -0.006613 0.999978 2.028100 0.000000 0.000000 0.000000 1.000000
0.999941 -0.010248 -0.003489 -0.011900 0.010262 0.999939 0.004015 24.670700 0.003447 -0.004051 0.999986 2.028100 0.000000 0.000000 0.000000 1.000000
0.999944 -0.008228 -0.006729 -0.011900 0.008237 0.999965 0.001325 24.670700 0.006718 -0.001380 0.999976 2.028100 0.000000 0.000000 0.000000 1.000000
0.999936 -0.005356 -0.009979 -0.011900 0.005348 0.999985 -0.000882 24.670700 0.009984 0.000829 0.999950 2.028100 0.000000 0.000000 0.000000 1.000000
0.999922 -0.002627 -0.012223 -0.011900 0.002601 0.999994 -0.002171 24.670700 0.012229 0.002139 0.999923 2.028100 0.000000 0.000000 0.000000 1.000000
0.999920 -0.000680 -0.012623 -0.011900 0.000646 0.999996 -0.002706 24.670700 0.012625 0.002697 0.999917 2.028100 0.000000 0.000000 0.000000 1.000000
0.999938 0.000736 -0.011111 -0.011900 -0.000771 0.999995 -0.003114 24.670700 0.011109 0.003123 0.999933 2.028100 0.000000 0.000000 0.000000 1.000000
0.999962 0.002135 -0.008446 -0.011900 -0.002167 0.999991 -0.003764 24.670700 0.008437 0.003782 0.999957 2.028100 0.000000 0.000000 0.000000 1.000000
0.999978 0.003486 -0.005569 -0.011900 -0.003510 0.999984 -0.004419 24.670700 0.005554 0.004439 0.999975 2.028100 0.000000 0.000000 0.000000 1.000000
0.999986 0.004240 -0.003096 -0.011900 -0.004254 0.999980 -0.004710 24.670700 0.003076 0.004723 0.999984 2.028100 0.000000 0.000000 0.000000 1.000000
0.999991 0.003906 -0.001471 -0.011900 -0.003913 0.999981 -0.004693 24.670700 0.001453 0.004698 0.999988 2.028100 0.000000 0.000000 0.000000 1.000000
0.999996 0.002312 -0.001323 -0.011900 -0.002318 0.999986 -0.004671 24.670700 0.001312 0.004674 0.999988 2.028100 0.000000 0.000000 0.000000 1.000000
0.999994 -0.000449 -0.003547 -0.011900 0.000432 0.999989 -0.004767 24.670700 0.003549 0.004766 0.999982 2.028100 0.000000 0.000000 0.000000 1.000000
0.999956 -0.004094 -0.008490 -0.011900 0.004053 0.999980 -0.004879 24.670700 0.008510 0.004844 0.999952 2.028100 0.000000 0.000000 0.000000 1.000000
