<?xml version="1.0" encoding="utf-8"?>
<COLLADA xmlns="http://www.collada.org/2005/11/COLLADASchema" version="1.4.1">
  <asset><contributor><author>Mixamo</author><authoring_tool>COLLADA Mixamo exporter</authoring_tool><comments></comments></contributor><created>2019-11-25T05:40:56Z</created><modified>2019-11-25T05:40:56Z</modified><revision></revision><title></title><unit meter="0.010000"/><up_axis>Y_UP</up_axis></asset>
  <library_animations>
    <animation id="mixamorig_Hips-anim" name="mixamorig_Hips"><source id="mixamorig_Hips-Matrix-animation-input"><float_array id="mixamorig_Hips-Matrix-animation-input-array" count="77">

0.000000 0.033333 0.066667 0.100000 0.133333 0.166667 0.200000 0.233333 0.266667 0.300000 0.333333 0.366667 0.400000 0.433333 0.466667 0.500000
0.533333 0.566667 0.600000 0.633333 0.666667 0.700000 0.733333 0.766667 0.800000 0.833333 0.866667 0.900000 0.933333 0.966667 1.000000 1.033333
1.066667 1.100000 1.133333 1.166667 1.200000 1.233333 1.266667 1.300000 1.333333 1.366667 1.400000 1.433333 1.466667 1.500000 1.533333 1.566667
1.600000 1.633333 1.666667 1.700000 1.733333 1.766667 1.800000 1.833333 1.866667 1.900000 1.933333 1.966667 2.000000 2.033333 2.066667 2.100000
2.133333 2.166667 2.200000 2.233333 2.266667 2.300000 2.333333 2.366667 2.400000 2.433333 2.466667 2.500000 2.533333</float_array><technique_common><accessor source="#mixamorig_Hips-Matrix-animation-input-array" count="77"><param name="TIME" type="float"/></accessor></technique_common></source><source id="mixamorig_Hips-Matrix-animation-output-transform"><float_array id="mixamorig_Hips-Matrix-animation-output-transform-array" count="1232">

0.769626 0.012778 0.638367 0.440242 -0.010348 0.999918 -0.007539 91.869202 -0.638411 -0.000803 0.769695 0.496429 0.000000 0.000000 0.000000 1.000000
0.769898 0.014985 0.637991 0.445179 -0.011866 0.999888 -0.009166 91.872040 -0.638057 -0.000514 0.769989 0.527640 0.000000 0.000000 0.000000 1.000000
0.769619 0.025211 0.638006 0.325480 -0.014448 0.999652 -0.022073 91.799606 -0.638341 0.007770 0.769715 0.752831 0.000000 0.000000 0.000000 1.000000
0.750769 0.027206 0.660004 -0.038490 -0.016903 0.999616 -0.021978 91.618240 -0.660349 0.005344 0.750940 1.142326 0.000000 0.000000 0.000000 1.000000
0.731757 0.022255 0.681202 -0.508583 -0.017193 0.999751 -0.014194 91.397583 -0.681349 -0.001325 0.731957 1.587580 0.000000 0.000000 0.000000 1.000000
0.711825 0.014312 0.702212 -1.058817 -0.016859 0.999852 -0.003289 91.140274 -0.702155 -0.009497 0.711961 2.091330 0.000000 0.000000 0.000000 1.000000
0.691769 0.007742 0.722078 -1.661694 -0.017547 0.999827 0.006091 90.849518 -0.721906 -0.016884 0.691785 2.654489 0.000000 0.000000 0.000000 1.000000
0.665042 -0.000731 0.746806 -2.319095 -0.015862 0.999760 0.015104 90.530838 -0.746638 -0.021891 0.664871 3.272429 0.000000 0.000000 0.000000 1.000000
0.625593 -0.006890 0.780119 -3.002416 -0.010688 0.999791 0.017402 90.188080 -0.780077 -0.019225 0.625389 3.956417 0.000000 0.000000 0.000000 1.000000
0.579899 -0.010798 0.814617 -3.704012 -0.000089 0.999911 0.013318 89.825577 -0.814689 -0.007796 0.579846 4.703306 0.000000 0.000000 0.000000 1.000000
0.526724 -0.018505 0.849835 -4.440239 0.011041 0.999828 0.014928 89.450668 -0.849965 0.001520 0.526838 5.459941 0.000000 0.000000 0.000000 1.000000
0.472595 -0.026123 0.880892 -5.185855 0.023665 0.999576 0.016946 89.066254 -0.880962 0.012837 0.473013 6.234892 0.000000 0.000000 0.000000 1.000000
0.415995 -0.043255 0.908337 -5.971436 0.037378 0.998837 0.030446 88.679718 -0.908598 0.021286 0.417129 6.999540 0.000000 0.000000 0.000000 1.000000
0.354509 -0.056481 0.933345 -6.731091 0.046663 0.997999 0.042670 88.295479 -0.933888 0.028425 0.356435 7.751058 0.000000 0.000000 0.000000 1.000000
0.341275 -0.060673 0.938003 -7.440111 0.052550 0.997585 0.045407 87.921249 -0.938494 0.033795 0.343639 8.492187 0.000000 0.000000 0.000000 1.000000
0.329795 -0.060998 0.942080 -8.103903 0.056002 0.997417 0.044977 87.560646 -0.942390 0.037926 0.332359 9.204213 0.000000 0.000000 0.000000 1.000000
0.320026 -0.064428 0.945216 -8.741718 0.060016 0.997060 0.047642 87.218025 -0.945506 0.041482 0.322951 9.880698 0.000000 0.000000 0.000000 1.000000
0.313733 -0.067222 0.947129 -9.328366 0.062656 0.996782 0.049992 86.899185 -0.947442 0.043659 0.316936 10.509789 0.000000 0.000000 0.000000 1.000000
0.311901 -0.071723 0.947404 -9.864131 0.064387 0.996450 0.054239 86.609528 -0.947930 0.044083 0.315412 11.081414 0.000000 0.000000 0.000000 1.000000
0.313040 -0.074315 0.946828 -10.323584 0.069034 0.996077 0.055356 86.352715 -0.947228 0.048034 0.316942 11.607627 0.000000 0.000000 0.000000 1.000000
0.313512 -0.074723 0.946640 -10.695703 0.071007 0.995953 0.055099 86.134895 -0.946926 0.049944 0.317549 12.055652 0.000000 0.000000 0.000000 1.000000
0.313280 -0.077480 0.946495 -10.852381 0.070040 0.995837 0.058337 86.025208 -0.947075 0.048017 0.317402 12.294358 0.000000 0.000000 0.000000 1.000000
0.314077 -0.078529 0.946144 -10.902240 0.070056 0.995773 0.059393 85.974686 -0.946809 0.047629 0.318251 12.371023 0.000000 0.000000 0.000000 1.000000
0.312940 -0.078205 0.946548 -10.977901 0.069299 0.995828 0.059366 85.960396 -0.947241 0.047017 0.317053 12.393158 0.000000 0.000000 0.000000 1.000000
0.312645 -0.077698 0.946687 -11.030396 0.067634 0.995940 0.059404 85.951546 -0.947459 0.045456 0.316630 12.340570 0.000000 0.000000 0.000000 1.000000
0.312740 -0.077701 0.946655 -11.118674 0.066540 0.995992 0.059768 85.931061 -0.947505 0.044298 0.316657 12.215827 0.000000 0.000000 0.000000 1.000000
0.312871 -0.075952 0.946754 -11.218969 0.064997 0.996173 0.058437 85.914024 -0.947569 0.043253 0.316611 12.010402 0.000000 0.000000 0.000000 1.000000
0.312359 -0.077323 0.946812 -11.261448 0.063269 0.996162 0.060480 85.861824 -0.947855 0.041013 0.316052 11.686055 0.000000 0.000000 0.000000 1.000000
0.310785 -0.072999 0.947673 -11.338554 0.059380 0.996590 0.057293 85.637726 -0.948624 0.038467 0.314060 11.105571 0.000000 0.000000 0.000000 1.000000
0.308259 -0.069150 0.948786 -11.475923 0.056616 0.996920 0.054263 85.344276 -0.949616 0.036989 0.311225 10.299581 0.000000 0.000000 0.000000 1.000000
0.309755 -0.064137 0.948651 -11.512330 0.053788 0.997307 0.049863 84.996529 -0.949294 0.035581 0.312371 9.047375 0.000000 0.000000 0.000000 1.000000
0.322592 -0.061336 0.944549 -11.373163 0.051669 0.997551 0.047131 84.650246 -0.945127 0.033600 0.324972 7.579186 0.000000 0.000000 0.000000 1.000000
0.349771 -0.052887 0.935341 -11.064507 0.046048 0.998169 0.039220 84.381409 -0.935703 0.029352 0.351566 6.084622 0.000000 0.000000 0.000000 1.000000
0.382616 -0.040448 0.923022 -10.497975 0.039089 0.998855 0.027568 84.337059 -0.923080 0.025533 0.383759 4.759527 0.000000 0.000000 0.000000 1.000000
0.394073 -0.034155 0.918444 -9.413499 0.028166 0.999289 0.025076 84.854172 -0.918647 0.015987 0.394755 3.900724 0.000000 0.000000 0.000000 1.000000
0.396061 -0.027629 0.917808 -8.070053 0.000306 0.999551 0.029957 85.846008 -0.918224 -0.011584 0.395892 3.258151 0.000000 0.000000 0.000000 1.000000
0.424916 -0.027714 0.904808 -6.669815 -0.021713 0.998932 0.040794 86.638344 -0.904972 -0.036980 0.423861 2.247129 0.000000 0.000000 0.000000 1.000000
0.473264 -0.026995 0.880507 -5.170762 -0.028210 0.998553 0.045777 87.150421 -0.880469 -0.046504 0.471818 1.102337 0.000000 0.000000 0.000000 1.000000
0.531102 -0.034992 0.846585 -3.838713 -0.038799 0.997094 0.065553 87.414169 -0.846419 -0.067662 0.528202 0.022661 0.000000 0.000000 0.000000 1.000000
0.593020 -0.049621 0.803657 -2.511265 -0.047068 0.994256 0.096122 87.473427 -0.803811 -0.094829 0.587278 -1.264680 0.000000 0.000000 0.000000 1.000000
0.636584 -0.062238 0.768692 -1.219626 -0.065634 0.988750 0.134409 87.192184 -0.768409 -0.136015 0.625338 -2.615120 0.000000 0.000000 0.000000 1.000000
0.657400 -0.058042 0.751303 -0.139651 -0.075037 0.987031 0.141911 86.898735 -0.749797 -0.149668 0.644519 -3.949342 0.000000 0.000000 0.000000 1.000000
0.667459 -0.054410 0.742656 0.798542 -0.084562 0.985337 0.148189 86.485359 -0.739830 -0.161711 0.653071 -5.473511 0.000000 0.000000 0.000000 1.000000
0.667847 -0.053501 0.742373 1.662016 -0.099085 0.982145 0.159919 85.934196 -0.737674 -0.180359 0.650621 -6.840419 0.000000 0.000000 0.000000 1.000000
0.678786 -0.050202 0.732618 2.388264 -0.107199 0.980199 0.166490 85.584915 -0.726469 -0.191548 0.659964 -7.985775 0.000000 0.000000 0.000000 1.000000
0.694327 -0.050031 0.717919 3.188761 -0.115541 0.976890 0.179822 85.259033 -0.710324 -0.207804 0.672500 -9.050564 0.000000 0.000000 0.000000 1.000000
0.709863 -0.048065 0.702698 3.916293 -0.123407 0.973749 0.191270 84.949463 -0.693445 -0.222493 0.685296 -9.959110 0.000000 0.000000 0.000000 1.000000
0.721640 -0.046137 0.690729 4.473103 -0.123686 0.973129 0.194220 84.670456 -0.681130 -0.225591 0.696542 -10.655817 0.000000 0.000000 0.000000 1.000000
0.731646 -0.046208 0.680117 5.015546 -0.123411 0.972235 0.198817 84.354698 -0.670420 -0.229398 0.705630 -11.274808 0.000000 0.000000 0.000000 1.000000
0.743203 -0.048283 0.667321 5.495979 -0.122475 0.970722 0.206636 84.013596 -0.657761 -0.235303 0.715530 -11.791577 0.000000 0.000000 0.000000 1.000000
0.754999 -0.046281 0.654091 5.932783 -0.122009 0.970172 0.209476 83.769951 -0.644275 -0.237959 0.726832 -12.256380 0.000000 0.000000 0.000000 1.000000
0.762437 -0.039145 0.645877 6.305940 -0.124341 0.970702 0.205613 83.471863 -0.635003 -0.237076 0.735232 -12.737664 0.000000 0.000000 0.000000 1.000000
0.766464 -0.035471 0.641307 6.609453 -0.127269 0.970288 0.205774 83.131645 -0.629552 -0.239337 0.739177 -13.088796 0.000000 0.000000 0.000000 1.000000
0.766839 -0.030100 0.641134 6.839672 -0.132664 0.969896 0.204210 82.869965 -0.627980 -0.241652 0.739761 -13.387733 0.000000 0.000000 0.000000 1.000000
0.765085 -0.025030 0.643442 7.036279 -0.136786 0.970122 0.200383 82.631706 -0.629233 -0.241324 0.738802 -13.614405 0.000000 0.000000 0.000000 1.000000
0.763219 -0.021271 0.645789 7.206794 -0.140156 0.970212 0.197599 82.451797 -0.630756 -0.241323 0.737503 -13.783227 0.000000 0.000000 0.000000 1.000000
0.761901 -0.018431 0.647432 7.074809 -0.140832 0.970965 0.193374 82.670593 -0.632198 -0.238511 0.737183 -13.411315 0.000000 0.000000 0.000000 1.000000
0.760494 -0.017324 0.649114 6.859856 -0.142027 0.971002 0.192312 82.984108 -0.633622 -0.238444 0.735981 -12.924563 0.000000 0.000000 0.000000 1.000000
0.758673 -0.015786 0.651281 6.579649 -0.143254 0.971195 0.190415 83.382889 -0.635527 -0.237762 0.734558 -12.323862 0.000000 0.000000 0.000000 1.000000
0.757035 -0.012297 0.653259 6.255915 -0.129254 0.977245 0.168183 83.862015 -0.640462 -0.211757 0.738219 -11.533140 0.000000 0.000000 0.000000 1.000000
0.754739 -0.009844 0.655951 5.878729 -0.115362 0.982315 0.147478 84.412155 -0.645802 -0.186979 0.740256 -10.664860 0.000000 0.000000 0.000000 1.000000
0.753313 -0.007043 0.657624 5.462207 -0.100705 0.986915 0.125928 85.018478 -0.649906 -0.161089 0.742747 -9.724833 0.000000 0.000000 0.000000 1.000000
0.752399 -0.004643 0.658691 5.013965 -0.086286 0.990664 0.105545 85.664673 -0.653032 -0.136248 0.744974 -8.741199 0.000000 0.000000 0.000000 1.000000
0.752047 -0.002288 0.659106 4.542206 -0.070857 0.993918 0.084299 86.334938 -0.655290 -0.110099 0.747311 -7.716727 0.000000 0.000000 0.000000 1.000000
0.755600 0.000238 0.655033 4.054576 -0.058173 0.996073 0.066742 87.015022 -0.652445 -0.088535 0.752647 -6.688934 0.000000 0.000000 0.000000 1.000000
0.759145 0.003683 0.650911 3.565958 -0.045724 0.997815 0.047681 87.697906 -0.649313 -0.065960 0.757655 -5.653272 0.000000 0.000000 0.000000 1.000000
0.762936 0.005442 0.646451 3.074554 -0.033144 0.998979 0.030707 88.373238 -0.645624 -0.044854 0.762337 -4.635706 0.000000 0.000000 0.000000 1.000000
0.766536 0.008408 0.642147 2.600495 -0.020537 0.999724 0.011424 89.027245 -0.641873 -0.021945 0.766497 -3.636582 0.000000 0.000000 0.000000 1.000000
0.768778 0.008761 0.639456 2.135273 -0.011231 0.999937 -0.000197 89.663101 -0.639417 -0.007030 0.768828 -2.706584 0.000000 0.000000 0.000000 1.000000
0.769426 0.010798 0.638644 1.705682 -0.008949 0.999941 -0.006125 90.239510 -0.638673 -0.001003 0.769478 -1.870581 0.000000 0.000000 0.000000 1.000000
0.769869 0.012190 0.638085 1.311918 -0.009629 0.999926 -0.007485 90.752846 -0.638129 -0.000381 0.769929 -1.129849 0.000000 0.000000 0.000000 1.000000
0.769791 0.012364 0.638177 0.961468 -0.009841 0.999923 -0.007502 91.204910 -0.638221 -0.000505 0.769853 -0.479800 0.000000 0.000000 0.000000 1.000000
0.769710 0.012558 0.638271 0.667934 -0.010078 0.999921 -0.007520 91.580650 -0.638315 -0.000644 0.769775 0.067370 0.000000 0.000000 0.000000 1.000000
0.769626 0.012778 0.638367 0.440244 -0.010348 0.999918 -0.007539 91.869186 -0.638411 -0.000803 0.769695 0.496429 0.000000 0.000000 0.000000 1.000000
0.769626 0.012778 0.638367 0.440247 -0.010348 0.999918 -0.007539 91.869186 -0.638411 -0.000803 0.769695 0.496426 0.000000 0.000000 0.000000 1.000000
0.769625 0.012778 0.638368 0.440238 -0.010348 0.999918 -0.007539 91.869171 -0.638412 -0.000803 0.769695 0.496425 0.000000 0.000000 0.000000 1.000000
0.769626 0.012778 0.638367 0.440242 -0.010348 0.999918 -0.007539 91.869202 -0.638411 -0.000803 0.769695 0.496429 0.000000 0.000000 0.000000 1.000000</float_array><technique_common><accessor source="#mixamorig_Hips-Matrix-animation-output-transform-array" count="77" stride="16"><param type="float4x4"/></accessor></technique_common></source><source id="mixamorig_Hips-Interpolations"><Name_array id="mixamorig_Hips-Interpolations-array" count="77">
 LINEAR LINEAR LINEAR LINEAR LINEAR LINEAR LINEAR LINEAR LINEAR LINEAR LINEAR
LINEAR LINEAR LINEAR LINEAR LINEAR LINEAR LINEAR LINEAR LINEAR LINEAR LINEAR LINEAR
LINEAR LINEAR LINEAR LINEAR LINEAR LINEAR LINEAR LINEAR LINEAR LINEAR LINEAR LINEAR
LINEAR LINEAR LINEAR LINEAR LINEAR LINEAR LINEAR LINEAR LINEAR LINEAR LINEAR LINEAR
LINEAR LINEAR LINEAR LINEAR LINEAR LINEAR LINEAR LINEAR LINEAR LINEAR LINEAR LINEAR
LINEAR LINEAR LINEAR LINEAR LINEAR LINEAR LINEAR LINEAR LINEAR LINEAR LINEAR LINEAR
LINEAR LINEAR LINEAR LINEAR LINEAR LINEAR</Name_array><technique_common><accessor source="#mixamorig_Hips-Interpolations-array" count="77"><param type="name"/></accessor></technique_common></source><sampler id="mixamorig_Hips-Matrix-animation-transform"><input semantic="INPUT" source="#mixamorig_Hips-Matrix-animation-input"/><input semantic="OUTPUT" source="#mixamorig_Hips-Matrix-animation-output-transform"/><input semantic="INTERPOLATION" source="#mixamorig_Hips-Interpolations"/></sampler><channel source="#mixamorig_Hips-Matrix-animation-transform" target="mixamorig_Hips/matrix"/></animation>
    <animation id="mixamorig_Spine-anim" name="mixamorig_Spine"><source id="mixamorig_Spine-Matrix-animation-input"><float_array id="mixamorig_Spine-Matrix-animation-input-array" count="77">

0.000000 0.033333 0.066667 0.100000 0.133333 0.166667 0.200000 0.233333 0.266667 0.300000 0.333333 0.366667 0.400000 0.433333 0.466667 0.500000
0.533333 0.566667 0.600000 0.633333 0.666667 0.700000 0.733333 0.766667 0.800000 0.833333 0.866667 0.900000 0.933333 0.966667 1.000000 1.033333
1.066667 1.100000 1.133333 1.166667 1.200000 1.233333 1.266667 1.300000 1.333333 1.366667 1.400000 1.433333 1.466667 1.500000 1.533333 1.566667
1.600000 1.633333 1.666667 1.700000 1.733333 1.766667 1.800000 1.833333 1.866667 1.900000 1.933333 1.966667 2.000000 2.033333 2.066667 2.100000
2.133333 2.166667 2.200000 2.233333 2.266667 2.300000 2.333333 2.366667 2.400000 2.433333 2.466667 2.500000 2.533333</float_array><technique_common><accessor source="#mixamorig_Spine-Matrix-animation-input-array" count="77"><param name="TIME" type="float"/></accessor></technique_common></source><source id="mixamorig_Spine-Matrix-animation-output-transform"><float_array id="mixamorig_Spine-Matrix-animation-output-transform-array" count="1232">

0.999261 -0.022439 -0.031202 0.000000 0.027056 0.987313 0.156466 7.463500 0.027295 -0.157194 0.987190 -1.336300 0.000000 0.000000 0.000000 1.000000
0.999225 -0.023671 -0.031440 -0.000000 0.028339 0.987113 0.157498 7.463500 0.027307 -0.158267 0.987019 -1.336300 0.000000 0.000000 0.000000 1.000000
0.999265 -0.023534 -0.030267 0.000000 0.028060 0.986868 0.159072 7.463500 0.026126 -0.159804 0.986803 -1.336300 0.000000 0.000000 0.000000 1.000000
0.999409 -0.020943 -0.027271 0.000000 0.025048 0.986776 0.160145 7.463500 0.023556 -0.160733 0.986717 -1.336300 0.000000 0.000000 0.000000 1.000000
0.999600 -0.016354 -0.023059 0.000000 0.019834 0.986944 0.159839 7.463500 0.020144 -0.160233 0.986874 -1.336300 0.000000 0.000000 0.000000 1.000000
0.999753 -0.011753 -0.018856 0.000000 0.014598 0.987231 0.158624 7.463500 0.016751 -0.158860 0.987159 -1.336300 0.000000 0.000000 0.000000 1.000000
0.999846 -0.008635 -0.015291 0.000000 0.010936 0.987459 0.157494 7.463500 0.013739 -0.157637 0.987402 -1.336300 0.000000 0.000000 0.000000 1.000000
0.999898 -0.007188 -0.012336 0.000000 0.009034 0.987586 0.156819 7.463500 0.011055 -0.156914 0.987550 -1.336300 0.000000 0.000000 0.000000 1.000000
0.999930 -0.006750 -0.009709 0.000000 0.008185 0.987669 0.156343 7.463500 0.008534 -0.156411 0.987655 -1.336300 0.000000 0.000000 0.000000 1.000000
0.999950 -0.006836 -0.007236 0.000000 0.007881 0.987753 0.155824 7.463500 0.006082 -0.155873 0.987758 -1.336300 0.000000 0.000000 0.000000 1.000000
0.999962 -0.007173 -0.004896 0.000000 0.007846 0.987838 0.155291 7.463500 0.003723 -0.155323 0.987857 -1.336300 0.000000 0.000000 0.000000 1.000000
0.999965 -0.007877 -0.002712 0.000000 0.008202 0.987914 0.154789 7.463500 0.001460 -0.154806 0.987944 -1.336300 0.000000 0.000000 0.000000 1.000000
0.999960 -0.008863 -0.000731 0.000000 0.008869 0.987974 0.154369 7.463500 -0.000646 -0.154369 0.988013 -1.336300 0.000000 0.000000 0.000000 1.000000
0.999949 -0.010045 0.001102 -0.000000 0.009755 0.988028 0.153966 7.463500 -0.002636 -0.153948 0.988075 -1.336300 0.000000 0.000000 0.000000 1.000000
0.999930 -0.011452 0.002944 -0.000000 0.010865 0.988085 0.153528 7.463500 -0.004667 -0.153485 0.988140 -1.336300 0.000000 0.000000 0.000000 1.000000
0.999905 -0.012971 0.004634 0.000000 0.012109 0.988140 0.153081 7.463500 -0.006565 -0.153010 0.988203 -1.336300 0.000000 0.000000 0.000000 1.000000
0.999875 -0.014546 0.006116 0.000000 0.013443 0.988189 0.152652 7.463500 -0.008264 -0.152551 0.988261 -1.336300 0.000000 0.000000 0.000000 1.000000
0.999843 -0.016101 0.007420 0.000000 0.014785 0.988234 0.152232 7.463500 -0.009784 -0.152098 0.988317 -1.336300 0.000000 0.000000 0.000000 1.000000
0.999808 -0.017651 0.008557 0.000000 0.016148 0.988277 0.151816 7.463500 -0.011136 -0.151648 0.988372 -1.336300 0.000000 0.000000 0.000000 1.000000
0.999768 -0.019341 0.009472 -0.000000 0.017685 0.988321 0.151359 7.463500 -0.012289 -0.151156 0.988434 -1.336300 0.000000 0.000000 0.000000 1.000000
0.999733 -0.020817 0.010024 -0.000000 0.019068 0.988370 0.150866 7.463500 -0.013048 -0.150635 0.988503 -1.336300 0.000000 0.000000 0.000000 1.000000
0.999720 -0.021403 0.010109 0.000000 0.019639 0.988416 0.150495 7.463500 -0.013213 -0.150254 0.988559 -1.336300 0.000000 0.000000 0.000000 1.000000
0.999731 -0.020950 0.009978 0.000000 0.019211 0.988427 0.150474 7.463500 -0.013015 -0.150242 0.988564 -1.336300 0.000000 0.000000 0.000000 1.000000
0.999750 -0.019973 0.010086 0.000000 0.018223 0.988381 0.150901 7.463500 -0.012983 -0.150679 0.988497 -1.336300 0.000000 0.000000 0.000000 1.000000
0.999760 -0.019032 0.010860 -0.000000 0.017168 0.988306 0.151517 7.463500 -0.013616 -0.151294 0.988395 -1.336300 0.000000 0.000000 0.000000 1.000000
0.999753 -0.018640 0.012108 0.000000 0.016586 0.988254 0.151918 7.463500 -0.014797 -0.151679 0.988319 -1.336300 0.000000 0.000000 0.000000 1.000000
0.999724 -0.019587 0.012972 0.000000 0.017388 0.988219 0.152058 7.463500 -0.015798 -0.151790 0.988286 -1.336300 0.000000 0.000000 0.000000 1.000000
0.999664 -0.022495 0.012911 -0.000000 0.020264 0.988085 0.152569 7.463500 -0.016190 -0.152256 0.988209 -1.336300 0.000000 0.000000 0.000000 1.000000
0.999556 -0.026856 0.012922 -0.000000 0.024547 0.987754 0.154079 7.463500 -0.016902 -0.153694 0.987974 -1.336300 0.000000 0.000000 0.000000 1.000000
0.999390 -0.031647 0.014786 -0.000000 0.028955 0.987315 0.156109 7.463500 -0.019538 -0.155586 0.987629 -1.336300 0.000000 0.000000 0.000000 1.000000
0.999148 -0.036592 0.019084 -0.000000 0.033153 0.987061 0.156881 7.463500 -0.024578 -0.156115 0.987433 -1.336300 0.000000 0.000000 0.000000 1.000000
0.998836 -0.042331 0.023139 0.000000 0.038231 0.987092 0.155522 7.463500 -0.029424 -0.154457 0.987561 -1.336300 0.000000 0.000000 0.000000 1.000000
0.998623 -0.047363 0.022562 -0.000000 0.043351 0.987184 0.153583 7.463500 -0.029547 -0.152394 0.987878 -1.336300 0.000000 0.000000 0.000000 1.000000
0.998744 -0.047759 0.015146 0.000000 0.044888 0.987209 0.152979 7.463500 -0.022258 -0.152107 0.988113 -1.336300 0.000000 0.000000 0.000000 1.000000
0.999112 -0.041982 0.003532 0.000000 0.040939 0.987231 0.153947 7.463500 -0.009950 -0.153666 0.988073 -1.336300 0.000000 0.000000 0.000000 1.000000
0.999400 -0.033925 -0.006929 0.000000 0.034591 0.987148 0.156022 7.463500 0.001546 -0.156168 0.987729 -1.336300 0.000000 0.000000 0.000000 1.000000
0.999543 -0.026950 -0.013715 0.000000 0.028788 0.986883 0.158851 7.463500 0.009254 -0.159173 0.987207 -1.336300 0.000000 0.000000 0.000000 1.000000
0.999668 -0.019284 -0.017079 0.000000 0.021794 0.986611 0.161631 7.463500 0.013733 -0.161949 0.986703 -1.336300 0.000000 0.000000 0.000000 1.000000
0.999808 -0.008752 -0.017540 0.000000 0.011500 0.986509 0.163305 7.463500 0.015875 -0.163475 0.986420 -1.336300 0.000000 0.000000 0.000000 1.000000
0.999858 0.002581 -0.016633 -0.000000 0.000179 0.986484 0.163860 7.463500 0.016831 -0.163840 0.986343 -1.336300 0.000000 0.000000 0.000000 1.000000
0.999784 0.012886 -0.016295 0.000000 -0.010021 0.986231 0.165068 7.463500 0.018198 -0.164869 0.986148 -1.336300 0.000000 0.000000 0.000000 1.000000
0.999605 0.022391 -0.016974 0.000000 -0.019230 0.985646 0.167726 7.463500 0.020486 -0.167334 0.985687 -1.336300 0.000000 0.000000 0.000000 1.000000
0.999347 0.031891 -0.016982 0.000000 -0.028533 0.984937 0.170542 7.463500 0.022165 -0.169946 0.985204 -1.336300 0.000000 0.000000 0.000000 1.000000
0.999080 0.040056 -0.015331 -0.000000 -0.036825 0.984383 0.172144 7.463500 0.021987 -0.171421 0.984953 -1.336300 0.000000 0.000000 0.000000 1.000000
0.998906 0.045132 -0.012280 0.000000 -0.042337 0.984048 0.172795 7.463500 0.019883 -0.172086 0.984881 -1.336300 0.000000 0.000000 0.000000 1.000000
0.998782 0.048708 -0.007833 -0.000000 -0.046610 0.983704 0.173647 7.463500 0.016163 -0.173070 0.984777 -1.336300 0.000000 0.000000 0.000000 1.000000
0.998519 0.054363 -0.001895 0.000000 -0.053191 0.983098 0.175185 7.463500 0.011386 -0.174825 0.984534 -1.336300 0.000000 0.000000 0.000000 1.000000
0.997963 0.063589 0.005209 0.000000 -0.063508 0.982216 0.176687 7.463500 0.006119 -0.176658 0.984253 -1.336300 0.000000 0.000000 0.000000 1.000000
0.997161 0.074230 0.012660 0.000000 -0.075299 0.981302 0.177134 7.463500 0.000726 -0.177585 0.984105 -1.336300 0.000000 0.000000 0.000000 1.000000
0.996388 0.082774 0.018980 0.000000 -0.084829 0.980610 0.176660 7.463500 -0.003989 -0.177632 0.984089 -1.336300 0.000000 0.000000 0.000000 1.000000
0.995904 0.087502 0.022789 -0.000000 -0.090157 0.980193 0.176334 7.463500 -0.006908 -0.177666 0.984067 -1.336300 0.000000 0.000000 0.000000 1.000000
0.995707 0.089375 0.024088 0.000000 -0.092233 0.979952 0.176597 7.463500 -0.007822 -0.178060 0.983988 -1.336300 0.000000 0.000000 0.000000 1.000000
0.995674 0.089786 0.023909 -0.000000 -0.092609 0.979849 0.176972 7.463500 -0.007538 -0.178421 0.983925 -1.336300 0.000000 0.000000 0.000000 1.000000
0.995732 0.089371 0.023023 0.000000 -0.092042 0.979904 0.176963 7.463500 -0.006745 -0.178327 0.983948 -1.336300 0.000000 0.000000 0.000000 1.000000
0.995862 0.088236 0.021736 -0.000000 -0.090694 0.980085 0.176658 7.463500 -0.005715 -0.177899 0.984032 -1.336300 0.000000 0.000000 0.000000 1.000000
0.995976 0.087262 0.020420 -0.000000 -0.089500 0.980246 0.176374 7.463500 -0.004625 -0.177492 0.984111 -1.336300 0.000000 0.000000 0.000000 1.000000
0.996004 0.087127 0.019598 0.000000 -0.089220 0.980319 0.176108 7.463500 -0.003868 -0.177153 0.984176 -1.336300 0.000000 0.000000 0.000000 1.000000
0.996055 0.086639 0.019175 -0.000000 -0.088663 0.980460 0.175604 7.463500 -0.003586 -0.176612 0.984274 -1.336300 0.000000 0.000000 0.000000 1.000000
0.996398 0.082948 0.017653 -0.000000 -0.084758 0.980997 0.174529 7.463500 -0.002841 -0.175396 0.984494 -1.336300 0.000000 0.000000 0.000000 1.000000
0.997177 0.073862 0.013535 0.000000 -0.075090 0.982114 0.172663 7.463500 -0.000539 -0.173192 0.984888 -1.336300 0.000000 0.000000 0.000000 1.000000
0.998030 0.062190 0.008316 0.000000 -0.062697 0.983372 0.170434 7.463500 0.002422 -0.170620 0.985334 -1.336300 0.000000 0.000000 0.000000 1.000000
0.998696 0.050938 0.003458 -0.000000 -0.050793 0.984415 0.168364 7.463500 0.005172 -0.168320 0.985719 -1.336300 0.000000 0.000000 0.000000 1.000000
0.999145 0.041328 -0.000620 0.000000 -0.040646 0.985169 0.166701 7.463500 0.007501 -0.166533 0.986007 -1.336300 0.000000 0.000000 0.000000 1.000000
0.999452 0.032798 -0.004400 -0.000000 -0.031620 0.985739 0.165285 7.463500 0.009758 -0.165055 0.986236 -1.336300 0.000000 0.000000 0.000000 1.000000
0.999665 0.024560 -0.008216 0.000000 -0.022882 0.986204 0.163943 7.463500 0.012129 -0.163700 0.986436 -1.336300 0.000000 0.000000 0.000000 1.000000
0.999793 0.016363 -0.012105 0.000000 -0.014178 0.986587 0.162618 7.463500 0.014603 -0.162413 0.986615 -1.336300 0.000000 0.000000 0.000000 1.000000
0.999838 0.008442 -0.015870 0.000000 -0.005771 0.986877 0.161370 7.463500 0.017024 -0.161253 0.986766 -1.336300 0.000000 0.000000 0.000000 1.000000
0.999812 0.001181 -0.019351 0.000000 0.001936 0.987077 0.160235 7.463500 0.019290 -0.160243 0.986889 -1.336300 0.000000 0.000000 0.000000 1.000000
0.999736 -0.005065 -0.022428 0.000000 0.008574 0.987201 0.159249 7.463500 0.021335 -0.159399 0.986984 -1.336300 0.000000 0.000000 0.000000 1.000000
0.999621 -0.010771 -0.025331 0.000000 0.014650 0.987276 0.158338 7.463500 0.023303 -0.158649 0.987060 -1.336300 0.000000 0.000000 0.000000 1.000000
0.999482 -0.015930 -0.027961 -0.000000 0.020142 0.987312 0.157509 7.463500 0.025097 -0.157990 0.987122 -1.336300 0.000000 0.000000 0.000000 1.000000
0.999354 -0.019876 -0.029940 -0.000000 0.024336 0.987319 0.156870 7.463500 0.026442 -0.157497 0.987165 -1.336300 0.000000 0.000000 0.000000 1.000000
0.999277 -0.022011 -0.030998 0.000000 0.026603 0.987316 0.156524 7.463500 0.027159 -0.157235 0.987188 -1.336300 0.000000 0.000000 0.000000 1.000000
0.999252 -0.022677 -0.031316 0.000000 0.027308 0.987312 0.156426 7.463500 0.027371 -0.157164 0.987193 -1.336300 0.000000 0.000000 0.000000 1.000000
0.999261 -0.022443 -0.031201 -0.000000 0.027060 0.987313 0.156465 7.463500 0.027294 -0.157193 0.987191 -1.336300 0.000000 0.000000 0.000000 1.000000
0.999264 -0.022359 -0.031162 0.000000 0.026971 0.987313 0.156479 7.463500 0.027268 -0.157205 0.987190 -1.336300 0.000000 0.000000 0.000000 1.000000
0.999261 -0.022439 -0.031202 0.000000 0.027056 0.987313 0.156466 7.463500 0.027295 -0.157194 0.987190 -1.336300 0.000000 0.000000 0.000000 1.000000</float_array><technique_common><accessor source="#mixamorig_Spine-Matrix-animation-output-transform-array" count="77" stride="16"><param type="float4x4"/></accessor></technique_common></source><source id="mixamorig_Spine-Interpolations"><Name_array id="mixamorig_Spine-Interpolations-array" count="77">
 LINEAR LINEAR LINEAR LINEAR LINEAR LINEAR LINEAR LINEAR LINEAR LINEAR LINEAR
LINEAR LINEAR LINEAR LINEAR LINEAR LINEAR LINEAR LINEAR LINEAR LINEAR LINEAR LINEAR
LINEAR LINEAR LINEAR LINEAR LINEAR LINEAR LINEAR LINEAR LINEAR LINEAR LINEAR LINEAR
LINEAR LINEAR LINEAR LINEAR LINEAR LINEAR LINEAR LINEAR LINEAR LINEAR LINEAR LINEAR
LINEAR LINEAR LINEAR LINEAR LINEAR LINEAR LINEAR LINEAR LINEAR LINEAR LINEAR LINEAR
LINEAR LINEAR LINEAR LINEAR LINEAR LINEAR LINEAR LINEAR LINEAR LINEAR LINEAR LINEAR
LINEAR LINEAR LINEAR LINEAR LINEAR LINEAR</Name_array><technique_common><accessor source="#mixamorig_Spine-Interpolations-array" count="77"><param type="name"/></accessor></technique_common></source><sampler id="mixamorig_Spine-Matrix-animation-transform"><input semantic="INPUT" source="#mixamorig_Spine-Matrix-animation-input"/><input semantic="OUTPUT" source="#mixamorig_Spine-Matrix-animation-output-transform"/><input semantic="INTERPOLATION" source="#mixamorig_Spine-Interpolations"/></sampler><channel source="#mixamorig_Spine-Matrix-animation-transform" target="mixamorig_Spine/matrix"/></animation>
    <animation id="mixamorig_Spine1-anim" name="mixamorig_Spine1"><source id="mixamorig_Spine1-Matrix-animation-input"><float_array id="mixamorig_Spine1-Matrix-animation-input-array" count="77">

0.000000 0.033333 0.066667 0.100000 0.133333 0.166667 0.200000 0.233333 0.266667 0.300000 0.333333 0.366667 0.400000 0.433333 0.466667 0.500000
0.533333 0.566667 0.600000 0.633333 0.666667 0.700000 0.733333 0.766667 0.800000 0.833333 0.866667 0.900000 0.933333 0.966667 1.000000 1.033333
1.066667 1.100000 1.133333 1.166667 1.200000 1.233333 1.266667 1.300000 1.333333 1.366667 1.400000 1.433333 1.466667 1.500000 1.533333 1.566667
1.600000 1.633333 1.666667 1.700000 1.733333 1.766667 1.800000 1.833333 1.866667 1.900000 1.933333 1.966667 2.000000 2.033333 2.066667 2.100000
2.133333 2.166667 2.200000 2.233333 2.266667 2.300000 2.333333 2.366667 2.400000 2.433333 2.466667 2.500000 2.533333</float_array><technique_common><accessor source="#mixamorig_Spine1-Matrix-animation-input-array" count="77"><param name="TIME" type="float"/></accessor></technique_common></source><source id="mixamorig_Spine1-Matrix-animation-output-transform"><float_array id="mixamorig_Spine1-Matrix-animation-output-transform-array" count="1232">

0.999034 -0.006583 -0.043449 0.000000 0.004712 0.999063 -0.043032 8.845900 0.043692 0.042786 0.998128 0.000000 0.000000 0.000000 0.000000 1.000000
0.999022 -0.007705 -0.043545 0.000000 0.005919 0.999141 -0.041013 8.845900 0.043824 0.040715 0.998209 0.000000 0.000000 0.000000 0.000000 1.000000
0.999116 -0.007619 -0.041347 0.000000 0.006048 0.999260 -0.037976 8.845900 0.041606 0.037693 0.998423 0.000000 0.000000 0.000000 0.000000 1.000000
0.999336 -0.005160 -0.036061 -0.000000 0.003858 0.999341 -0.036082 8.845900 0.036224 0.035919 0.998698 0.000000 0.000000 0.000000 0.000000 1.000000
0.999592 -0.000298 -0.028548 0.000000 -0.000758 0.999315 -0.036993 8.845900 0.028539 0.037000 0.998908 -0.000000 0.000000 0.000000 0.000000 1.000000
0.999770 0.005267 -0.020788 0.000000 -0.006089 0.999194 -0.039671 8.845900 0.020562 0.039788 0.998997 0.000000 0.000000 0.000000 0.000000 1.000000
0.999856 0.009561 -0.014028 0.000000 -0.010144 0.999060 -0.042153 8.845900 0.013612 0.042289 0.999013 -0.000000 0.000000 0.000000 0.000000 1.000000
0.999896 0.011762 -0.008373 0.000000 -0.012118 0.998966 -0.043815 8.845900 0.007849 0.043911 0.999005 0.000000 0.000000 0.000000 0.000000 1.000000
0.999917 0.012401 -0.003382 0.000000 -0.012541 0.998900 -0.045186 8.845900 0.002818 0.045225 0.998973 0.000000 0.000000 0.000000 0.000000 1.000000
0.999924 0.012249 0.001300 0.000000 -0.012175 0.998835 -0.046701 8.845900 -0.001870 0.046682 0.998908 0.000000 0.000000 0.000000 0.000000 1.000000
0.999916 0.011654 0.005747 -0.000000 -0.011363 0.998768 -0.048306 8.845900 -0.006303 0.048236 0.998816 0.000000 0.000000 0.000000 0.000000 1.000000
0.999895 0.010598 0.009899 0.000000 -0.010092 0.998704 -0.049877 8.845900 -0.010414 0.049772 0.998706 0.000000 0.000000 0.000000 0.000000 1.000000
0.999864 0.009102 0.013727 0.000000 -0.008386 0.998645 -0.051353 8.845900 -0.014176 0.051231 0.998586 0.000000 0.000000 0.000000 0.000000 1.000000
0.999824 0.007328 0.017260 0.000000 -0.006407 0.998584 -0.052805 8.845900 -0.017622 0.052686 0.998456 0.000000 0.000000 0.000000 0.000000 1.000000
0.999775 0.005362 0.020505 0.000000 -0.004242 0.998516 -0.054287 8.845900 -0.020766 0.054188 0.998315 0.000000 0.000000 0.000000 0.000000 1.000000
0.999719 0.003353 0.023458 0.000000 -0.002041 0.998442 -0.055760 8.845900 -0.023608 0.055696 0.998169 -0.000000 0.000000 0.000000 0.000000 1.000000
0.999659 0.001379 0.026088 -0.000000 0.000115 0.998364 -0.057176 8.845900 -0.026124 0.057159 0.998023 -0.000000 0.000000 0.000000 0.000000 1.000000
0.999596 -0.000462 0.028418 -0.000000 0.002126 0.998283 -0.058533 8.845900 -0.028342 0.058570 0.997881 0.000000 0.000000 0.000000 0.000000 1.000000
0.999532 -0.002089 0.030530 0.000000 0.003915 0.998200 -0.059849 8.845900 -0.030350 0.059940 0.997740 0.000000 0.000000 0.000000 0.000000 1.000000
0.999469 -0.003384 0.032414 0.000000 0.005363 0.998112 -0.061186 8.845900 -0.032145 0.061327 0.997600 0.000000 0.000000 0.000000 0.000000 1.000000
0.999421 -0.004060 0.033767 0.000000 0.006165 0.998028 -0.062464 8.845900 -0.033446 0.062636 0.997476 0.000000 0.000000 0.000000 0.000000 1.000000
0.999408 -0.004004 0.034176 -0.000000 0.006164 0.997975 -0.063309 8.845900 -0.033853 0.063482 0.997409 -0.000000 0.000000 0.000000 0.000000 1.000000
0.999422 -0.003511 0.033809 0.000000 0.005647 0.997980 -0.063278 8.845900 -0.033519 0.063433 0.997423 0.000000 0.000000 0.000000 0.000000 1.000000
0.999427 -0.002871 0.033737 -0.000000 0.004971 0.998044 -0.062320 8.845900 -0.033492 0.062452 0.997486 0.000000 0.000000 0.000000 0.000000 1.000000
0.999381 -0.002137 0.035125 -0.000000 0.004281 0.998125 -0.061055 8.845900 -0.034928 0.061167 0.997516 0.000000 0.000000 0.000000 0.000000 1.000000
0.999283 -0.001503 0.037829 0.000000 0.003785 0.998173 -0.060305 8.845900 -0.037669 0.060405 0.997463 -0.000000 0.000000 0.000000 0.000000 1.000000
0.999186 -0.001489 0.040310 -0.000000 0.003916 0.998180 -0.060181 8.845900 -0.040147 0.060290 0.997373 0.000000 0.000000 0.000000 0.000000 1.000000
0.999124 -0.002320 0.041775 0.000000 0.004810 0.998211 -0.059603 8.845900 -0.041562 0.059751 0.997348 0.000000 0.000000 0.000000 0.000000 1.000000
0.999028 -0.003711 0.043923 -0.000000 0.006236 0.998327 -0.057488 8.845900 -0.043636 0.057706 0.997380 -0.000000 0.000000 0.000000 0.000000 1.000000
0.998736 -0.006177 0.049876 0.000000 0.008916 0.998453 -0.054874 8.845900 -0.049460 0.055249 0.997247 0.000000 0.000000 0.000000 0.000000 1.000000
0.998122 -0.011273 0.060205 -0.000000 0.014581 0.998392 -0.054787 8.845900 -0.059490 0.055562 0.996681 0.000000 0.000000 0.000000 0.000000 1.000000
0.997392 -0.019492 0.069487 0.000000 0.023558 0.998029 -0.058172 8.845900 -0.068216 0.059657 0.995885 -0.000000 0.000000 0.000000 0.000000 1.000000
0.997238 -0.027847 0.068851 0.000000 0.032124 0.997571 -0.061809 8.845900 -0.066963 0.063850 0.995710 0.000000 0.000000 0.000000 0.000000 1.000000
0.998075 -0.031927 0.053170 -0.000000 0.035234 0.997425 -0.062459 8.845900 -0.051039 0.064212 0.996630 -0.000000 0.000000 0.000000 0.000000 1.000000
0.999129 -0.031730 0.027088 0.000000 0.033308 0.997646 -0.059944 8.845900 -0.025122 0.060794 0.997834 0.000000 0.000000 0.000000 0.000000 1.000000
0.999487 -0.031981 0.001873 -0.000000 0.032036 0.997968 -0.055071 8.845900 -0.000108 0.055103 0.998481 0.000000 0.000000 0.000000 0.000000 1.000000
0.999312 -0.033516 -0.015863 -0.000000 0.032715 0.998295 -0.048334 8.845900 0.017456 0.047782 0.998705 0.000000 0.000000 0.000000 0.000000 1.000000
0.999202 -0.030675 -0.025571 -0.000000 0.029603 0.998709 -0.041286 8.845900 0.026805 0.040496 0.998820 0.000000 0.000000 0.000000 0.000000 1.000000
0.999359 -0.021428 -0.028661 0.000000 0.020367 0.999114 -0.036825 8.845900 0.029424 0.036217 0.998911 0.000000 0.000000 0.000000 0.000000 1.000000
0.999511 -0.011123 -0.029216 0.000000 0.010081 0.999316 -0.035579 8.845900 0.029591 0.035267 0.998940 0.000000 0.000000 0.000000 0.000000 1.000000
0.999481 -0.003659 -0.031995 0.000000 0.002576 0.999425 -0.033807 8.845900 0.032100 0.033707 0.998916 0.000000 0.000000 0.000000 0.000000 1.000000
0.999295 0.002493 -0.037449 -0.000000 -0.003584 0.999570 -0.029094 8.845900 0.037360 0.029208 0.998875 0.000000 0.000000 0.000000 0.000000 1.000000
0.999088 0.009640 -0.041588 0.000000 -0.010636 0.999660 -0.023793 8.845900 0.041345 0.024213 0.998852 -0.000000 0.000000 0.000000 0.000000 1.000000
0.999004 0.016483 -0.041456 0.000000 -0.017353 0.999635 -0.020711 8.845900 0.041100 0.021409 0.998926 0.000000 0.000000 0.000000 0.000000 1.000000
0.999107 0.020778 -0.036799 0.000000 -0.021503 0.999580 -0.019416 8.845900 0.036380 0.020190 0.999134 0.000000 0.000000 0.000000 0.000000 1.000000
0.999327 0.022701 -0.028804 -0.000000 -0.023217 0.999574 -0.017711 8.845900 0.028390 0.018368 0.999428 -0.000000 0.000000 0.000000 0.000000 1.000000
0.999518 0.024266 -0.019347 0.000000 -0.024544 0.999597 -0.014297 8.845900 0.018992 0.014765 0.999711 0.000000 0.000000 0.000000 0.000000 1.000000
0.999585 0.027128 -0.009649 0.000000 -0.027227 0.999577 -0.010230 8.845900 0.009368 0.010489 0.999901 0.000000 0.000000 0.000000 0.000000 1.000000
0.999512 0.031237 0.000091 0.000000 -0.031235 0.999483 -0.007682 8.845900 -0.000331 0.007675 0.999970 -0.000000 0.000000 0.000000 0.000000 1.000000
0.999339 0.035183 0.009193 0.000000 -0.035120 0.999359 -0.006964 8.845900 -0.009432 0.006637 0.999933 0.000000 0.000000 0.000000 0.000000 1.000000
0.999155 0.037807 0.016127 -0.000000 -0.037707 0.999268 -0.006475 8.845900 -0.016360 0.005861 0.999849 0.000000 0.000000 0.000000 0.000000 1.000000
0.999037 0.039097 0.019919 0.000000 -0.038995 0.999224 -0.005474 8.845900 -0.020118 0.004692 0.999787 0.000000 0.000000 0.000000 0.000000 1.000000
0.999007 0.039376 0.020830 -0.000000 -0.039283 0.999216 -0.004823 8.845900 -0.021004 0.004000 0.999771 0.000000 0.000000 0.000000 0.000000 1.000000
0.999039 0.038992 0.019995 -0.000000 -0.038894 0.999229 -0.005276 8.845900 -0.020186 0.004493 0.999786 0.000000 0.000000 0.000000 0.000000 1.000000
0.999088 0.038503 0.018448 0.000000 -0.038391 0.999242 -0.006405 8.845900 -0.018680 0.005691 0.999809 0.000000 0.000000 0.000000 0.000000 1.000000
0.999115 0.038581 0.016729 0.000000 -0.038463 0.999233 -0.007345 8.845900 -0.016999 0.006695 0.999833 0.000000 0.000000 0.000000 0.000000 1.000000
0.999097 0.039506 0.015650 -0.000000 -0.039385 0.999193 -0.007941 8.845900 -0.015951 0.007317 0.999846 0.000000 0.000000 0.000000 0.000000 1.000000
0.999067 0.040380 0.015345 -0.000000 -0.040247 0.999150 -0.008856 8.845900 -0.015690 0.008230 0.999843 0.000000 0.000000 0.000000 0.000000 1.000000
0.999126 0.039427 0.013873 -0.000000 -0.039275 0.999168 -0.011000 8.845900 -0.014295 0.010446 0.999843 -0.000000 0.000000 0.000000 0.000000 1.000000
0.999309 0.035888 0.009631 0.000000 -0.035744 0.999252 -0.014732 8.845900 -0.010152 0.014378 0.999845 0.000000 0.000000 0.000000 0.000000 1.000000
0.999505 0.031216 0.003976 -0.000000 -0.031135 0.999332 -0.019120 8.845900 -0.004570 0.018987 0.999809 0.000000 0.000000 0.000000 0.000000 1.000000
0.999640 0.026828 -0.001025 0.000000 -0.026844 0.999375 -0.022986 8.845900 0.000407 0.023006 0.999735 -0.000000 0.000000 0.000000 0.000000 1.000000
0.999721 0.023053 -0.005117 0.000000 -0.023178 0.999395 -0.025919 8.845900 0.004516 0.026031 0.999651 0.000000 0.000000 0.000000 0.000000 1.000000
0.999768 0.019465 -0.009218 -0.000000 -0.019719 0.999404 -0.028339 8.845900 0.008661 0.028514 0.999556 0.000000 0.000000 0.000000 0.000000 1.000000
0.999780 0.015775 -0.013789 0.000000 -0.016191 0.999399 -0.030641 8.845900 0.013298 0.030858 0.999435 0.000000 0.000000 0.000000 0.000000 1.000000
0.999755 0.012010 -0.018619 0.000000 -0.012618 0.999379 -0.032898 8.845900 0.018213 0.033125 0.999285 -0.000000 0.000000 0.000000 0.000000 1.000000
0.999692 0.008328 -0.023382 0.000000 -0.009144 0.999346 -0.034993 8.845900 0.023075 0.035196 0.999114 0.000000 0.000000 0.000000 0.000000 1.000000
0.999598 0.004905 -0.027914 0.000000 -0.005933 0.999303 -0.036866 8.845900 0.027714 0.037017 0.998930 0.000000 0.000000 0.000000 0.000000 1.000000
