<?xml version="1.0" encoding="utf-8"?>
<COLLADA xmlns="http://www.collada.org/2005/11/COLLADASchema" version="1.4.1">
  <asset><contributor><author>Mixamo</author><authoring_tool>COLLADA Mixamo exporter</authoring_tool><comments></comments></contributor><created>2019-11-25T05:41:43Z</created><modified>2019-11-25T05:41:43Z</modified><revision></revision><title></title><unit meter="0.010000"/><up_axis>Y_UP</up_axis></asset>
  <library_animations>
    <animation id="mixamorig_Hips-anim" name="mixamorig_Hips"><source id="mixamorig_Hips-Matrix-animation-input"><float_array id="mixamorig_Hips-Matrix-animation-input-array" count="73">

0.000000 0.033333 0.066667 0.100000 0.133333 0.166667 0.200000 0.233333 0.266667 0.300000 0.333333 0.366667 0.400000 0.433333 0.466667 0.500000
0.533333 0.566667 0.600000 0.633333 0.666667 0.700000 0.733333 0.766667 0.800000 0.833333 0.866667 0.900000 0.933333 0.966667 1.000000 1.033333
1.066667 1.100000 1.133333 1.166667 1.200000 1.233333 1.266667 1.300000 1.333333 1.366667 1.400000 1.433333 1.466667 1.500000 1.533333 1.566667
1.600000 1.633333 1.666667 1.700000 1.733333 1.766667 1.800000 1.833333 1.866667 1.900000 1.933333 1.966667 2.000000 2.033333 2.066667 2.100000
2.133333 2.166667 2.200000 2.233333 2.266667 2.300000 2.333333 2.366667 2.400000</float_array><technique_common><accessor source="#mixamorig_Hips-Matrix-animation-input-array" count="73"><param name="TIME" type="float"/></accessor></technique_common></source><source id="mixamorig_Hips-Matrix-animation-output-transform"><float_array id="mixamorig_Hips-Matrix-animation-output-transform-array" count="1168">

0.963394 -0.000615 -0.268088 1.009652 -0.022946 0.996139 -0.084742 91.594162 0.267105 0.087792 0.959660 -0.981484 0.000000 0.000000 0.000000 1.000000
0.962501 0.012159 -0.271006 0.838548 -0.031487 0.997250 -0.067083 91.350838 0.269445 0.073100 0.960237 -0.155205 0.000000 0.000000 0.000000 1.000000
0.961690 0.032678 -0.272184 0.656522 -0.045328 0.998158 -0.040318 90.882538 0.270365 0.051111 0.961400 0.686080 0.000000 0.000000 0.000000 1.000000
0.959449 0.047005 -0.277937 0.659036 -0.055001 0.998265 -0.021038 90.233818 0.276466 0.035472 0.960369 1.093787 0.000000 0.000000 0.000000 1.000000
0.952755 0.038846 -0.301245 1.127169 -0.055069 0.997443 -0.045546 89.339386 0.298706 0.059983 0.952458 0.151771 0.000000 0.000000 0.000000 1.000000
0.946753 -0.006637 -0.321893 1.915268 -0.035056 0.991718 -0.123557 88.160194 0.320047 0.128263 0.938679 -2.152184 0.000000 0.000000 0.000000 1.000000
0.953056 -0.056155 -0.297541 2.921275 -0.010534 0.975908 -0.217926 87.083145 0.302611 0.210830 0.929504 -4.780617 0.000000 0.000000 0.000000 1.000000
0.963411 -0.096100 -0.250209 3.884115 0.012746 0.948884 -0.315368 85.942169 0.267726 0.300640 0.915390 -7.451750 0.000000 0.000000 0.000000 1.000000
0.965981 -0.131098 -0.222922 4.741996 0.029966 0.912924 -0.407029 84.723976 0.256871 0.386502 0.885795 -9.884937 0.000000 0.000000 0.000000 1.000000
0.962668 -0.143109 -0.229760 5.136887 0.021676 0.886844 -0.461560 83.458488 0.269815 0.439348 0.856839 -11.870073 0.000000 0.000000 0.000000 1.000000
0.958443 -0.140418 -0.248333 5.204060 0.006089 0.880348 -0.474288 82.258255 0.285218 0.453067 0.844619 -13.733362 0.000000 0.000000 0.000000 1.000000
0.953605 -0.139469 -0.266807 5.190551 -0.004468 0.879569 -0.475751 81.115715 0.301028 0.454871 0.838138 -15.175578 0.000000 0.000000 0.000000 1.000000
0.948267 -0.147328 -0.281221 5.201616 -0.004827 0.879010 -0.476779 79.975227 0.317439 0.453471 0.832825 -16.031855 0.000000 0.000000 0.000000 1.000000
0.942558 -0.159171 -0.293682 5.154608 0.001126 0.880683 -0.473704 78.774651 0.334041 0.446163 0.830274 -16.494255 0.000000 0.000000 0.000000 1.000000
0.936869 -0.170345 -0.305385 5.061470 0.009418 0.885297 -0.464931 77.497131 0.349555 0.432703 0.831011 -16.732937 0.000000 0.000000 0.000000 1.000000
0.931783 -0.176289 -0.317336 4.939358 0.016243 0.893539 -0.448693 76.120903 0.362652 0.412930 0.835448 -16.911995 0.000000 0.000000 0.000000 1.000000
0.927540 -0.175950 -0.329713 4.795746 0.021445 0.905844 -0.423069 74.591553 0.373108 0.385343 0.843980 -17.001736 0.000000 0.000000 0.000000 1.000000
0.924000 -0.172182 -0.341433 4.630287 0.027757 0.920734 -0.389202 72.932823 0.381383 0.350146 0.855538 -16.938322 0.000000 0.000000 0.000000 1.000000
0.921063 -0.165095 -0.352685 4.447933 0.033825 0.936177 -0.349897 71.221146 0.387942 0.310347 0.867863 -16.828091 0.000000 0.000000 0.000000 1.000000
0.918742 -0.155370 -0.363007 4.235587 0.038984 0.950532 -0.308170 69.547928 0.392930 0.268977 0.879350 -16.759079 0.000000 0.000000 0.000000 1.000000
0.917617 -0.141673 -0.371360 3.975821 0.041630 0.963437 -0.264683 68.036804 0.395280 0.227418 0.889963 -16.842535 0.000000 0.000000 0.000000 1.000000
0.918268 -0.126381 -0.375249 3.697191 0.042079 0.973476 -0.224887 66.864349 0.393717 0.190716 0.899230 -17.146778 0.000000 0.000000 0.000000 1.000000
0.920343 -0.110483 -0.375183 3.425128 0.041701 0.981524 -0.186742 65.980553 0.388882 0.156221 0.907946 -17.646563 0.000000 0.000000 0.000000 1.000000
0.924660 -0.094009 -0.369006 3.130680 0.041287 0.988085 -0.148270 65.189316 0.378548 0.121864 0.917524 -18.342051 0.000000 0.000000 0.000000 1.000000
0.930595 -0.079104 -0.357401 2.834479 0.040732 0.992685 -0.113654 64.530479 0.363777 0.091208 0.927010 -19.230165 0.000000 0.000000 0.000000 1.000000
0.936943 -0.065214 -0.343344 2.518227 0.038571 0.995730 -0.083869 63.964020 0.347348 0.065338 0.935457 -20.362652 0.000000 0.000000 0.000000 1.000000
0.944870 -0.047945 -0.323917 2.178779 0.032953 0.998123 -0.051614 63.368889 0.325783 0.038094 0.944677 -21.725527 0.000000 0.000000 0.000000 1.000000
0.952880 -0.032343 -0.301618 1.897451 0.026886 0.999391 -0.022226 62.762718 0.302154 0.013069 0.953170 -23.248749 0.000000 0.000000 0.000000 1.000000
0.960758 -0.019314 -0.276713 1.599504 0.021578 0.999754 0.005139 62.054035 0.276546 -0.010908 0.960939 -24.987473 0.000000 0.000000 0.000000 1.000000
0.968453 -0.007517 -0.249083 1.332056 0.016061 0.999350 0.032288 61.168991 0.248678 -0.035270 0.967944 -26.953644 0.000000 0.000000 0.000000 1.000000
0.974818 0.000471 -0.223001 1.032167 0.011401 0.998585 0.051946 60.061790 0.222710 -0.053180 0.973433 -29.047625 0.000000 0.000000 0.000000 1.000000
0.982243 0.005610 -0.187531 0.744984 0.007513 0.997575 0.069194 58.666519 0.187465 -0.069374 0.979818 -31.337101 0.000000 0.000000 0.000000 1.000000
0.988810 0.015857 -0.148335 0.427143 -0.002882 0.996180 0.087281 56.858952 0.149152 -0.085877 0.985078 -33.927341 0.000000 0.000000 0.000000 1.000000
0.993336 0.027320 -0.111971 0.023184 -0.015942 0.994731 0.101273 54.739460 0.114148 -0.098813 0.988537 -36.694347 0.000000 0.000000 0.000000 1.000000
0.997126 0.034071 -0.067672 -0.454764 -0.025407 0.991832 0.124994 52.251469 0.071378 -0.122916 0.989847 -39.652256 0.000000 0.000000 0.000000 1.000000
0.999113 0.036929 -0.020252 -1.010234 -0.033211 0.986492 0.160410 49.326450 0.025903 -0.159595 0.986843 -42.735954 0.000000 0.000000 0.000000 1.000000
0.998683 0.043199 0.027693 -1.620925 -0.047953 0.977794 0.204008 45.992268 -0.018265 -0.205067 0.978578 -45.726414 0.000000 0.000000 0.000000 1.000000
0.994989 0.053270 0.084616 -2.316245 -0.073381 0.963870 0.256066 42.009880 -0.067918 -0.260992 0.962949 -48.692230 0.000000 0.000000 0.000000 1.000000
0.987477 0.063175 0.144563 -3.096822 -0.105893 0.944655 0.310507 37.742722 -0.116946 -0.321926 0.939514 -51.621193 0.000000 0.000000 0.000000 1.000000
0.977471 0.076371 0.196768 -4.058946 -0.146165 0.917461 0.370002 33.083549 -0.152269 -0.390427 0.907954 -54.343262 0.000000 0.000000 0.000000 1.000000
0.961145 0.105596 0.255050 -5.370962 -0.212675 0.872293 0.440312 28.156326 -0.175983 -0.477446 0.860857 -56.772415 0.000000 0.000000 0.000000 1.000000
0.935158 0.147050 0.322267 -6.974968 -0.298477 0.817043 0.493308 23.251583 -0.190765 -0.557510 0.807955 -58.773792 0.000000 0.000000 0.000000 1.000000
0.908035 0.159073 0.387515 -8.703167 -0.372712 0.729057 0.574074 17.617138 -0.191201 -0.665711 0.721298 -60.746433 0.000000 0.000000 0.000000 1.000000
0.899077 0.152478 0.410378 -10.654904 -0.404489 0.647918 0.645439 13.971309 -0.167476 -0.746293 0.644204 -61.966106 0.000000 0.000000 0.000000 1.000000
0.911686 0.111120 0.395577 -11.834756 -0.396777 0.488229 0.777304 14.403530 -0.106758 -0.865613 0.489201 -63.362053 0.000000 0.000000 0.000000 1.000000
0.907103 0.113752 0.405247 -11.993899 -0.417653 0.362788 0.833037 14.580402 -0.052259 -0.924903 0.376595 -64.843636 0.000000 0.000000 0.000000 1.000000
0.914032 0.113191 0.389529 -11.946632 -0.405391 0.288601 0.867391 13.790718 -0.014237 -0.950735 0.309677 -66.388962 0.000000 0.000000 0.000000 1.000000
0.924105 0.094718 0.370214 -11.429545 -0.381112 0.157473 0.911019 12.789581 0.027991 -0.982970 0.181620 -67.971992 0.000000 0.000000 0.000000 1.000000
0.927350 0.056778 0.369862 -10.503769 -0.371120 0.013120 0.928492 12.591590 0.047865 -0.998301 0.033239 -69.177063 0.000000 0.000000 0.000000 1.000000
0.922821 0.001322 0.385228 -9.608316 -0.377941 -0.190495 0.906020 12.401183 0.074582 -0.981687 -0.175293 -70.707428 0.000000 0.000000 0.000000 1.000000
0.928184 -0.007442 0.372048 -8.658800 -0.363660 -0.230141 0.902655 12.726031 0.078906 -0.973129 -0.216320 -73.166405 0.000000 0.000000 0.000000 1.000000
0.960400 -0.003844 0.278598 -8.177195 -0.273132 -0.210557 0.938651 13.370549 0.055052 -0.977574 -0.203269 -75.720612 0.000000 0.000000 0.000000 1.000000
0.980267 -0.003714 0.197642 -7.519238 -0.194175 -0.205455 0.959210 13.654747 0.037044 -0.978659 -0.202122 -78.074020 0.000000 0.000000 0.000000 1.000000
0.986063 -0.014396 0.165748 -6.457560 -0.165408 -0.191915 0.967372 13.559908 0.017884 -0.981306 -0.191622 -79.823235 0.000000 0.000000 0.000000 1.000000
0.987998 -0.033188 0.150859 -5.504971 -0.153764 -0.118310 0.980999 13.324138 -0.014709 -0.992422 -0.121993 -80.874741 0.000000 0.000000 0.000000 1.000000
0.987108 -0.070215 0.143830 -5.032442 -0.149691 -0.086898 0.984907 12.722419 -0.056657 -0.993740 -0.096289 -81.506958 0.000000 0.000000 0.000000 1.000000
0.987521 -0.092646 0.127352 -5.048494 -0.133932 -0.068644 0.988610 12.557335 -0.082848 -0.993330 -0.080196 -82.156166 0.000000 0.000000 0.000000 1.000000
0.983636 -0.128284 0.126505 -5.113354 -0.135882 -0.067153 0.988447 13.059946 -0.118307 -0.989461 -0.083485 -81.776680 0.000000 0.000000 0.000000 1.000000
0.976298 -0.156629 0.149365 -5.070634 -0.160763 -0.062748 0.984996 12.832827 -0.144906 -0.985662 -0.086441 -81.479744 0.000000 0.000000 0.000000 1.000000
0.968437 -0.174158 0.178325 -5.192423 -0.189910 -0.052158 0.980415 12.407101 -0.161446 -0.983335 -0.083586 -81.352852 0.000000 0.000000 0.000000 1.000000
0.962977 -0.177703 0.202724 -5.018911 -0.211247 -0.030229 0.976965 11.924984 -0.167482 -0.983620 -0.066649 -81.148796 0.000000 0.000000 0.000000 1.000000
0.954623 -0.182357 0.235460 -4.682781 -0.243063 -0.020203 0.969800 11.858379 -0.172093 -0.983025 -0.063611 -81.181030 0.000000 0.000000 0.000000 1.000000
0.943216 -0.191781 0.271226 -4.226148 -0.279350 -0.016143 0.960054 11.870428 -0.179742 -0.981305 -0.068800 -81.281075 0.000000 0.000000 0.000000 1.000000
0.928050 -0.208408 0.308690 -3.636225 -0.320047 -0.022299 0.947139 12.064354 -0.190508 -0.977788 -0.087395 -81.276154 0.000000 0.000000 0.000000 1.000000
0.905122 -0.230420 0.357295 -2.773038 -0.372681 -0.025571 0.927607 12.162491 -0.204603 -0.972755 -0.109018 -81.205757 0.000000 0.000000 0.000000 1.000000
0.878066 -0.252558 0.406467 -1.921981 -0.427470 -0.032155 0.903458 12.363417 -0.215105 -0.967047 -0.136195 -81.194519 0.000000 0.000000 0.000000 1.000000
0.857494 -0.276531 0.433860 -1.268343 -0.459973 -0.034254 0.887272 12.460234 -0.230497 -0.960394 -0.156570 -81.106949 0.000000 0.000000 0.000000 1.000000
0.839240 -0.298852 0.454273 -0.740069 -0.485509 -0.035634 0.873505 12.490621 -0.244861 -0.953634 -0.175000 -81.061111 0.000000 0.000000 0.000000 1.000000
0.822839 -0.319435 0.469997 -0.275624 -0.506403 -0.036880 0.861508 12.486620 -0.257863 -0.946890 -0.192110 -81.014938 0.000000 0.000000 0.000000 1.000000
0.807510 -0.339507 0.482351 0.150120 -0.524053 -0.037605 0.850855 12.439455 -0.270732 -0.939852 -0.208286 -80.985863 0.000000 0.000000 0.000000 1.000000
0.792292 -0.359310 0.493123 0.574009 -0.540353 -0.037865 0.840586 12.369755 -0.283359 -0.932450 -0.224155 -80.946732 0.000000 0.000000 0.000000 1.000000
0.776025 -0.379672 0.503621 1.021912 -0.556742 -0.037173 0.829854 12.272299 -0.296352 -0.924374 -0.240226 -80.887253 0.000000 0.000000 0.000000 1.000000
0.757928 -0.399656 0.515577 1.479210 -0.575060 -0.036200 0.817310 12.182867 -0.307979 -0.915950 -0.257263 -80.844978 0.000000 0.000000 0.000000 1.000000</float_array><technique_common><accessor source="#mixamorig_Hips-Matrix-animation-output-transform-array" count="73" stride="16"><param type="float4x4"/></accessor></technique_common></source><source id="mixamorig_Hips-Interpolations"><Name_array id="mixamorig_Hips-Interpolations-array" count="73">
 LINEAR LINEAR LINEAR LINEAR LINEAR LINEAR LINEAR LINEAR LINEAR LINEAR LINEAR
LINEAR LINEAR LINEAR LINEAR LINEAR LINEAR LINEAR LINEAR LINEAR LINEAR LINEAR LINEAR
LINEAR LINEAR LINEAR LINEAR LINEAR LINEAR LINEAR LINEAR LINEAR LINEAR LINEAR LINEAR
LINEAR LINEAR LINEAR LINEAR LINEAR LINEAR LINEAR LINEAR LINEAR LINEAR LINEAR LINEAR
LINEAR LINEAR LINEAR LINEAR LINEAR LINEAR LINEAR LINEAR LINEAR LINEAR LINEAR LINEAR
LINEAR LINEAR LINEAR LINEAR LINEAR LINEAR LINEAR LINEAR LINEAR LINEAR LINEAR LINEAR
LINEAR LINEAR</Name_array><technique_common><accessor source="#mixamorig_Hips-Interpolations-array" count="73"><param type="name"/></accessor></technique_common></source><sampler id="mixamorig_Hips-Matrix-animation-transform"><input semantic="INPUT" source="#mixamorig_Hips-Matrix-animation-input"/><input semantic="OUTPUT" source="#mixamorig_Hips-Matrix-animation-output-transform"/><input semantic="INTERPOLATION" source="#mixamorig_Hips-Interpolations"/></sampler><channel source="#mixamorig_Hips-Matrix-animation-transform" target="mixamorig_Hips/matrix"/></animation>
    <animation id="mixamorig_Spine-anim" name="mixamorig_Spine"><source id="mixamorig_Spine-Matrix-animation-input"><float_array id="mixamorig_Spine-Matrix-animation-input-array" count="73">

0.000000 0.033333 0.066667 0.100000 0.133333 0.166667 0.200000 0.233333 0.266667 0.300000 0.333333 0.366667 0.400000 0.433333 0.466667 0.500000
0.533333 0.566667 0.600000 0.633333 0.666667 0.700000 0.733333 0.766667 0.800000 0.833333 0.866667 0.900000 0.933333 0.966667 1.000000 1.033333
1.066667 1.100000 1.133333 1.166667 1.200000 1.233333 1.266667 1.300000 1.333333 1.366667 1.400000 1.433333 1.466667 1.500000 1.533333 1.566667
1.600000 1.633333 1.666667 1.700000 1.733333 1.766667 1.800000 1.833333 1.866667 1.900000 1.933333 1.966667 2.000000 2.033333 2.066667 2.100000
2.133333 2.166667 2.200000 2.233333 2.266667 2.300000 2.333333 2.366667 2.400000</float_array><technique_common><accessor source="#mixamorig_Spine-Matrix-animation-input-array" count="73"><param name="TIME" type="float"/></accessor></technique_common></source><source id="mixamorig_Spine-Matrix-animation-output-transform"><float_array id="mixamorig_Spine-Matrix-animation-output-transform-array" count="1168">

0.997137 -0.010771 0.074841 0.000000 0.027240 0.974513 -0.222672 7.463500 -0.070535 0.224074 0.972016 -1.336300 0.000000 0.000000 0.000000 1.000000
0.997146 -0.022599 0.072037 0.000000 0.036901 0.978299 -0.203886 7.463500 -0.065866 0.205962 0.976341 -1.336300 0.000000 0.000000 0.000000 1.000000
0.997163 -0.035195 0.066535 0.000000 0.047784 0.978980 -0.198279 7.463500 -0.058158 0.200896 0.977885 -1.336300 0.000000 0.000000 0.000000 1.000000
0.997403 -0.037477 0.061499 0.000000 0.049752 0.975974 -0.212129 7.463500 -0.052071 0.214638 0.975305 -1.336300 0.000000 0.000000 0.000000 1.000000
0.998404 -0.011573 0.055269 -0.000000 0.025623 0.965059 -0.260777 7.463500 -0.050320 0.261778 0.963816 -1.336300 0.000000 0.000000 0.000000 1.000000
0.998503 0.046446 0.028882 0.000000 -0.034636 0.945655 -0.323322 7.463500 -0.042329 0.321838 0.945848 -1.336300 0.000000 0.000000 0.000000 1.000000
0.997296 0.069951 -0.022534 -0.000000 -0.073218 0.919324 -0.386631 7.463500 -0.006330 0.387235 0.921959 -1.336300 0.000000 0.000000 0.000000 1.000000
0.996133 0.059926 -0.064252 0.000000 -0.081907 0.898002 -0.432299 7.463500 0.031792 0.435890 0.899438 -1.336300 0.000000 0.000000 0.000000 1.000000
0.994164 0.054013 -0.093381 0.000000 -0.090966 0.885048 -0.456525 7.463500 0.057989 0.462355 0.884796 -1.336300 0.000000 0.000000 0.000000 1.000000
0.995006 0.060906 -0.079081 0.000000 -0.091482 0.873365 -0.478397 7.463500 0.039929 0.483243 0.874575 -1.336300 0.000000 0.000000 0.000000 1.000000
0.993572 0.093108 -0.064393 0.000000 -0.113072 0.843844 -0.524540 7.463500 0.005499 0.528449 0.848947 -1.336300 0.000000 0.000000 0.000000 1.000000
0.988052 0.132574 -0.078600 -0.000000 -0.153510 0.801101 -0.578508 7.463500 -0.013729 0.583662 0.811881 -1.336300 0.000000 0.000000 0.000000 1.000000
0.985859 0.150141 -0.074434 0.000000 -0.164502 0.782327 -0.600752 7.463500 -0.031966 0.604501 0.795963 -1.336300 0.000000 0.000000 0.000000 1.000000
0.985056 0.160066 -0.063584 0.000000 -0.165081 0.772174 -0.613593 7.463500 -0.049117 0.614920 0.787058 -1.336300 0.000000 0.000000 0.000000 1.000000
0.984846 0.165371 -0.052261 -0.000000 -0.161716 0.766749 -0.621244 7.463500 -0.062665 0.620281 0.781872 -1.336300 0.000000 0.000000 0.000000 1.000000
0.984495 0.169049 -0.046825 0.000000 -0.160648 0.761711 -0.627685 7.463500 -0.070443 0.625475 0.777058 -1.336300 0.000000 0.000000 0.000000 1.000000
0.983980 0.171215 -0.049684 -0.000000 -0.163570 0.756189 -0.633580 7.463500 -0.070908 0.631557 0.772080 -1.336300 0.000000 0.000000 0.000000 1.000000
0.983613 0.170715 -0.057979 0.000000 -0.168114 0.752268 -0.637048 7.463500 -0.065138 0.636356 0.768641 -1.336300 0.000000 0.000000 0.000000 1.000000
0.983345 0.168428 -0.068295 0.000000 -0.172811 0.750094 -0.638353 7.463500 -0.056289 0.639524 0.766708 -1.336300 0.000000 0.000000 0.000000 1.000000
0.983175 0.165132 -0.078087 0.000000 -0.176575 0.749729 -0.637752 7.463500 -0.046769 0.640810 0.766274 -1.336300 0.000000 0.000000 0.000000 1.000000
0.983368 0.160516 -0.084984 0.000000 -0.177668 0.753007 -0.633573 7.463500 -0.037705 0.638135 0.769001 -1.336300 0.000000 0.000000 0.000000 1.000000
0.984004 0.153968 -0.089612 -0.000000 -0.175908 0.760268 -0.625339 7.463500 -0.028153 0.631100 0.775191 -1.336300 0.000000 0.000000 0.000000 1.000000
0.985067 0.146595 -0.090298 0.000000 -0.170811 0.766230 -0.619448 7.463500 -0.021619 0.625621 0.779827 -1.336300 0.000000 0.000000 0.000000 1.000000
0.985527 0.140663 -0.094603 -0.000000 -0.168998 0.771668 -0.613162 7.463500 -0.013248 0.620276 0.784272 -1.336300 0.000000 0.000000 0.000000 1.000000
0.985986 0.134403 -0.098825 -0.000000 -0.166759 0.777294 -0.606635 7.463500 -0.004717 0.614613 0.788814 -1.336300 0.000000 0.000000 0.000000 1.000000
0.986468 0.129501 -0.100548 0.000000 -0.163949 0.783317 -0.599613 7.463500 0.001110 0.607984 0.793948 -1.336300 0.000000 0.000000 0.000000 1.000000
0.987063 0.123141 -0.102678 -0.000000 -0.160167 0.786394 -0.596600 7.463500 0.007280 0.605327 0.795944 -1.336300 0.000000 0.000000 0.000000 1.000000
0.987809 0.116624 -0.103110 0.000000 -0.155212 0.788612 -0.594979 7.463500 0.011925 0.603730 0.797100 -1.336300 0.000000 0.000000 0.000000 1.000000
0.988418 0.111663 -0.102768 0.000000 -0.151009 0.790792 -0.593165 7.463500 0.015034 0.601814 0.798495 -1.336300 0.000000 0.000000 0.000000 1.000000
0.989321 0.106708 -0.099282 0.000000 -0.144953 0.791539 -0.593679 7.463500 0.015235 0.601731 0.798554 -1.336300 0.000000 0.000000 0.000000 1.000000
0.989721 0.104310 -0.097833 0.000000 -0.142086 0.794882 -0.589894 7.463500 0.016234 0.597731 0.801532 -1.336300 0.000000 0.000000 0.000000 1.000000
0.990846 0.096473 -0.094435 -0.000000 -0.133634 0.800164 -0.584704 7.463500 0.019155 0.591972 0.805731 -1.336300 0.000000 0.000000 0.000000 1.000000
0.992246 0.083304 -0.092237 0.000000 -0.121635 0.803357 -0.582942 7.463500 0.025538 0.589642 0.807261 -1.336300 0.000000 0.000000 0.000000 1.000000
0.994022 0.071776 -0.082266 0.000000 -0.106350 0.806913 -0.581018 7.463500 0.024678 0.586294 0.809723 -1.336300 0.000000 0.000000 0.000000 1.000000
0.994714 0.065546 -0.079046 0.000000 -0.099400 0.807812 -0.580998 7.463500 0.025772 0.585784 0.810057 -1.336300 0.000000 0.000000 0.000000 1.000000
0.995656 0.059858 -0.071324 0.000000 -0.090314 0.807218 -0.583303 7.463500 0.022659 0.587210 0.809117 -1.336300 0.000000 0.000000 0.000000 1.000000
0.996893 0.048863 -0.061776 -0.000000 -0.075883 0.806019 -0.587005 7.463500 0.021110 0.589869 0.807223 -1.336300 0.000000 0.000000 0.000000 1.000000
0.997863 0.031370 -0.057324 -0.000000 -0.059219 0.804982 -0.590336 7.463500 0.027626 0.592469 0.805120 -1.336300 0.000000 0.000000 0.000000 1.000000
0.998439 0.012202 -0.054495 0.000000 -0.042194 0.804079 -0.593024 7.463500 0.036582 0.594398 0.803339 -1.336300 0.000000 0.000000 0.000000 1.000000
0.999325 -0.002735 -0.036640 -0.000000 -0.019501 0.805688 -0.592020 7.463500 0.031139 0.592334 0.805090 -1.336300 0.000000 0.000000 0.000000 1.000000
0.999573 -0.023940 -0.016777 0.000000 0.009324 0.805011 -0.593187 7.463500 0.027707 0.592777 0.804890 -1.336300 0.000000 0.000000 0.000000 1.000000
0.998582 -0.053229 -0.000755 0.000000 0.043253 0.819529 -0.571402 7.463500 0.031034 0.570560 0.820670 -1.336300 0.000000 0.000000 0.000000 1.000000
0.998744 -0.049956 0.003728 0.000000 0.043450 0.826826 -0.560777 7.463500 0.024932 0.560234 0.827959 -1.336300 0.000000 0.000000 0.000000 1.000000
0.999802 0.003822 0.019511 0.000000 0.006339 0.868853 -0.495030 7.463500 -0.018844 0.495056 0.868657 -1.336300 0.000000 0.000000 0.000000 1.000000
0.996501 0.063790 0.054010 0.000000 -0.031892 0.887474 -0.459752 7.463500 -0.077260 0.456421 0.886403 -1.336300 0.000000 0.000000 0.000000 1.000000
0.997766 0.027773 0.060757 0.000000 -0.004282 0.934199 -0.356727 7.463500 -0.066666 0.355670 0.932231 -1.336300 0.000000 0.000000 0.000000 1.000000
0.997736 0.019730 0.064298 0.000000 -0.002127 0.964783 -0.263039 7.463500 -0.067223 0.262307 0.962640 -1.336300 0.000000 0.000000 0.000000 1.000000
0.997154 0.012597 0.074332 -0.000000 0.006483 0.967962 -0.251011 7.463500 -0.075113 0.250779 0.965126 -1.336300 0.000000 0.000000 0.000000 1.000000
0.996114 -0.002735 0.088032 0.000000 0.020006 0.980418 -0.195908 7.463500 -0.085772 0.196908 0.976663 -1.336300 0.000000 0.000000 0.000000 1.000000
0.998633 0.004384 0.052092 0.000000 0.006412 0.978680 -0.205293 7.463500 -0.051881 0.205346 0.977313 -1.336300 0.000000 0.000000 0.000000 1.000000
0.999854 0.009918 0.013923 0.000000 -0.007462 0.986007 -0.166535 7.463500 -0.015380 0.166407 0.985937 -1.336300 0.000000 0.000000 0.000000 1.000000
0.999909 0.012772 -0.004353 0.000000 -0.013215 0.992131 -0.124504 7.463500 0.002728 0.124550 0.992210 -1.336300 0.000000 0.000000 0.000000 1.000000
0.999514 0.000453 0.031183 0.000000 0.003072 0.993601 -0.112905 7.463500 -0.031035 0.112946 0.993116 -1.336300 0.000000 0.000000 0.000000 1.000000
0.998355 -0.030725 0.048414 0.000000 0.035718 0.993736 -0.105892 7.463500 -0.044858 0.107447 0.993198 -1.336300 0.000000 0.000000 0.000000 1.000000
0.997720 -0.050731 0.044506 0.000000 0.052372 0.997960 -0.036510 7.463500 -0.042563 0.038758 0.998342 -1.336300 0.000000 0.000000 0.000000 1.000000
0.997203 -0.042453 0.061511 0.000000 0.044003 0.998741 -0.024066 7.463500 -0.060412 0.026706 0.997816 -1.336300 0.000000 0.000000 0.000000 1.000000
0.998133 -0.022466 0.056804 0.000000 0.023160 0.999665 -0.011588 7.463500 -0.056524 0.012882 0.998318 -1.336300 0.000000 0.000000 0.000000 1.000000
0.998172 0.012797 0.059068 0.000000 -0.013718 0.999790 0.015207 7.463500 -0.058861 -0.015989 0.998138 -1.336300 0.000000 0.000000 0.000000 1.000000
0.997710 0.046233 0.049373 0.000000 -0.047733 0.998420 0.029634 7.463500 -0.047925 -0.031923 0.998341 -1.336300 0.000000 0.000000 0.000000 1.000000
0.997204 0.066092 0.034869 0.000000 -0.067473 0.996917 0.040047 7.463500 -0.032114 -0.042288 0.998589 -1.336300 0.000000 0.000000 0.000000 1.000000
0.997950 0.060337 0.021320 0.000000 -0.061265 0.997062 0.045974 7.463500 -0.018483 -0.047186 0.998715 -1.336300 0.000000 0.000000 0.000000 1.000000
0.998443 0.055580 -0.004830 0.000000 -0.055239 0.997017 0.053901 7.463500 0.007811 -0.053550 0.998535 -1.336300 0.000000 0.000000 0.000000 1.000000
0.997863 0.054515 -0.036028 0.000000 -0.052256 0.996774 0.060923 7.463500 0.039233 -0.058910 0.997492 -1.336300 0.000000 0.000000 0.000000 1.000000
0.996070 0.054288 -0.069983 -0.000000 -0.050224 0.997018 0.058592 7.463500 0.072955 -0.054847 0.995826 -1.336300 0.000000 0.000000 0.000000 1.000000
0.992569 0.047120 -0.112189 -0.000000 -0.040698 0.997436 0.058862 7.463500 0.114675 -0.053858 0.991942 -1.336300 0.000000 0.000000 0.000000 1.000000
0.987153 0.037726 -0.155260 0.000000 -0.029467 0.998043 0.055155 7.463500 0.157037 -0.049871 0.986333 -1.336300 0.000000 0.000000 0.000000 1.000000
0.982856 0.042106 -0.179501 -0.000000 -0.033686 0.998196 0.049701 7.463500 0.181270 -0.042802 0.982501 -1.336300 0.000000 0.000000 0.000000 1.000000
0.979159 0.047500 -0.197461 0.000000 -0.039751 0.998283 0.043026 7.463500 0.199166 -0.034280 0.979366 -1.336300 0.000000 0.000000 0.000000 1.000000
0.975979 0.053068 -0.211305 -0.000000 -0.046615 0.998285 0.035407 7.463500 0.212821 -0.024707 0.976779 -1.336300 0.000000 0.000000 0.000000 1.000000
0.973201 0.059528 -0.222116 -0.000000 -0.054782 0.998120 0.027473 7.463500 0.223334 -0.014569 0.974633 -1.336300 0.000000 0.000000 0.000000 1.000000
0.970511 0.066470 -0.231711 0.000000 -0.063651 0.997779 0.019628 7.463500 0.232502 -0.004300 0.972587 -1.336300 0.000000 0.000000 0.000000 1.000000
0.967578 0.074245 -0.241415 -0.000000 -0.073401 0.997224 0.012501 7.463500 0.241673 0.005625 0.970342 -1.336300 0.000000 0.000000 0.000000 1.000000
0.964012 0.080971 -0.253230 0.000000 -0.082081 0.996606 0.006198 7.463500 0.252872 0.014810 0.967386 -1.336300 0.000000 0.000000 0.000000 1.000000</float_array><technique_common><accessor source="#mixamorig_Spine-Matrix-animation-output-transform-array" count="73" stride="16"><param type="float4x4"/></accessor></technique_common></source><source id="mixamorig_Spine-Interpolations"><Name_array id="mixamorig_Spine-Interpolations-array" count="73">
 LINEAR LINEAR LINEAR LINEAR LINEAR LINEAR LINEAR LINEAR LINEAR LINEAR LINEAR
LINEAR LINEAR LINEAR LINEAR LINEAR LINEAR LINEAR LINEAR LINEAR LINEAR LINEAR LINEAR
LINEAR LINEAR LINEAR LINEAR LINEAR LINEAR LINEAR LINEAR LINEAR LINEAR LINEAR LINEAR
LINEAR LINEAR LINEAR LINEAR LINEAR LINEAR LINEAR LINEAR LINEAR LINEAR LINEAR LINEAR
LINEAR LINEAR LINEAR LINEAR LINEAR LINEAR LINEAR LINEAR LINEAR LINEAR LINEAR LINEAR
LINEAR LINEAR LINEAR LINEAR LINEAR LINEAR LINEAR LINEAR LINEAR LINEAR LINEAR LINEAR
LINEAR LINEAR</Name_array><technique_common><accessor source="#mixamorig_Spine-Interpolations-array" count="73"><param type="name"/></accessor></technique_common></source><sampler id="mixamorig_Spine-Matrix-animation-transform"><input semantic="INPUT" source="#mixamorig_Spine-Matrix-animation-input"/><input semantic="OUTPUT" source="#mixamorig_Spine-Matrix-animation-output-transform"/><input semantic="INTERPOLATION" source="#mixamorig_Spine-Interpolations"/></sampler><channel source="#mixamorig_Spine-Matrix-animation-transform" target="mixamorig_Spine/matrix"/></animation>
    <animation id="mixamorig_Spine1-anim" name="mixamorig_Spine1"><source id="mixamorig_Spine1-Matrix-animation-input"><float_array id="mixamorig_Spine1-Matrix-animation-input-array" count="73">

0.000000 0.033333 0.066667 0.100000 0.133333 0.166667 0.200000 0.233333 0.266667 0.300000 0.333333 0.366667 0.400000 0.433333 0.466667 0.500000
0.533333 0.566667 0.600000 0.633333 0.666667 0.700000 0.733333 0.766667 0.800000 0.833333 0.866667 0.900000 0.933333 0.966667 1.000000 1.033333
1.066667 1.100000 1.133333 1.166667 1.200000 1.233333 1.266667 1.300000 1.333333 1.366667 1.400000 1.433333 1.466667 1.500000 1.533333 1.566667
1.600000 1.633333 1.666667 1.700000 1.733333 1.766667 1.800000 1.833333 1.866667 1.900000 1.933333 1.966667 2.000000 2.033333 2.066667 2.100000
2.133333 2.166667 2.200000 2.233333 2.266667 2.300000 2.333333 2.366667 2.400000</float_array><technique_common><accessor source="#mixamorig_Spine1-Matrix-animation-input-array" count="73"><param name="TIME" type="float"/></accessor></technique_common></source><source id="mixamorig_Spine1-Matrix-animation-output-transform"><float_array id="mixamorig_Spine1-Matrix-animation-output-transform-array" count="1168">

0.999658 0.010628 0.023893 0.000000 -0.009068 0.997879 -0.064466 8.845900 -0.024527 0.064227 0.997634 0.000000 0.000000 0.000000 0.000000 1.000000
0.999691 0.010378 0.022597 0.000000 -0.009035 0.998231 -0.058759 8.845900 -0.023167 0.058536 0.998016 -0.000000 0.000000 0.000000 0.000000 1.000000
0.999737 0.009805 0.020713 0.000000 -0.008678 0.998515 -0.053782 8.845900 -0.021209 0.053589 0.998338 0.000000 0.000000 0.000000 0.000000 1.000000
0.999767 0.009233 0.019496 0.000000 -0.008300 0.998841 -0.047402 8.845900 -0.019911 0.047229 0.998686 0.000000 0.000000 0.000000 0.000000 1.000000
0.999787 0.008215 0.018934 -0.000000 -0.007549 0.999360 -0.034976 8.845900 -0.019209 0.034825 0.999209 0.000000 0.000000 0.000000 0.000000 1.000000
0.999834 0.009300 0.015643 0.000000 -0.008974 0.999743 -0.020800 8.845900 -0.015832 0.020656 0.999661 0.000000 0.000000 0.000000 0.000000 1.000000
0.999908 0.012440 0.005364 0.000000 -0.012400 0.999896 -0.007416 8.845900 -0.005455 0.007349 0.999958 0.000000 0.000000 0.000000 0.000000 1.000000
0.999918 0.010506 -0.007318 -0.000000 -0.010489 0.999942 0.002300 8.845900 0.007342 -0.002223 0.999971 -0.000000 0.000000 0.000000 0.000000 1.000000
0.999818 0.009571 -0.016480 0.000000 -0.009459 0.999931 0.006906 8.845900 0.016545 -0.006749 0.999840 0.000000 0.000000 0.000000 0.000000 1.000000
0.999881 0.006890 -0.013780 0.000000 -0.006841 0.999970 0.003627 8.845900 0.013804 -0.003532 0.999898 0.000000 0.000000 0.000000 0.000000 1.000000
0.999948 0.006814 -0.007608 0.000000 -0.006878 0.999940 -0.008516 8.845900 0.007550 0.008568 0.999935 -0.000000 0.000000 0.000000 0.000000 1.000000
0.999905 0.012188 -0.006496 -0.000000 -0.012372 0.999503 -0.028988 8.845900 0.006140 0.029066 0.999559 -0.000000 0.000000 0.000000 0.000000 1.000000
0.999906 0.013328 -0.003345 0.000000 -0.013432 0.999362 -0.033099 8.845900 0.002901 0.033141 0.999446 0.000000 0.000000 0.000000 0.000000 1.000000
0.999921 0.012538 0.000791 0.000000 -0.012508 0.999464 -0.030263 8.845900 -0.001170 0.030251 0.999542 0.000000 0.000000 0.000000 0.000000 1.000000
0.999925 0.011375 0.004630 -0.000000 -0.011253 0.999610 -0.025560 8.845900 -0.004919 0.025506 0.999663 0.000000 0.000000 0.000000 0.000000 1.000000
0.999911 0.011398 0.006891 0.000000 -0.011228 0.999646 -0.024101 8.845900 -0.007164 0.024021 0.999686 0.000000 0.000000 0.000000 0.000000 1.000000
0.999888 0.013200 0.007073 0.000000 -0.013000 0.999533 -0.027638 8.845900 -0.007434 0.027543 0.999593 0.000000 0.000000 0.000000 0.000000 1.000000
0.999856 0.015914 0.005930 0.000000 -0.015708 0.999319 -0.033383 8.845900 -0.006457 0.033285 0.999425 0.000000 0.000000 0.000000 0.000000 1.000000
0.999813 0.018902 0.004066 0.000000 -0.018726 0.999038 -0.039649 8.845900 -0.004812 0.039565 0.999205 0.000000 0.000000 0.000000 0.000000 1.000000
0.999766 0.021525 0.002087 0.000000 -0.021410 0.998768 -0.044757 8.845900 -0.003048 0.044701 0.998996 0.000000 0.000000 0.000000 0.000000 1.000000
0.999737 0.022917 0.000356 -0.000000 -0.022876 0.998668 -0.046244 8.845900 -0.001415 0.046223 0.998930 -0.000000 0.000000 0.000000 0.000000 1.000000
0.999721 0.023575 -0.001196 -0.000000 -0.023604 0.998689 -0.045426 8.845900 0.000123 0.045441 0.998967 0.000000 0.000000 0.000000 0.000000 1.000000
0.999767 0.021236 -0.003919 0.000000 -0.021389 0.998795 -0.044179 8.845900 0.002976 0.044253 0.999016 0.000000 0.000000 0.000000 0.000000 1.000000
0.999769 0.020534 -0.006321 -0.000000 -0.020789 0.998841 -0.043417 8.845900 0.005422 0.043539 0.999037 -0.000000 0.000000 0.000000 0.000000 1.000000
0.999763 0.020108 -0.008359 0.000000 -0.020446 0.998884 -0.042573 8.845900 0.007494 0.042734 0.999058 -0.000000 0.000000 0.000000 0.000000 1.000000
0.999770 0.018828 -0.010308 0.000000 -0.019242 0.998945 -0.041699 8.845900 0.009512 0.041888 0.999077 0.000000 0.000000 0.000000 0.000000 1.000000
0.999767 0.017902 -0.012036 0.000000 -0.018393 0.998948 -0.041997 8.845900 0.011272 0.042209 0.999045 0.000000 0.000000 0.000000 0.000000 1.000000
0.999773 0.016746 -0.013202 0.000000 -0.017291 0.998956 -0.042295 8.845900 0.012480 0.042513 0.999018 0.000000 0.000000 0.000000 0.000000 1.000000
0.999784 0.015192 -0.014205 0.000000 -0.015781 0.998979 -0.042337 8.845900 0.013547 0.042552 0.999002 -0.000000 0.000000 0.000000 0.000000 1.000000
0.999810 0.013276 -0.014261 0.000000 -0.013870 0.999006 -0.042368 8.845900 0.013684 0.042558 0.999000 0.000000 0.000000 0.000000 0.000000 1.000000
0.999826 0.012794 -0.013596 -0.000000 -0.013359 0.999013 -0.042374 8.845900 0.013040 0.042548 0.999009 0.000000 0.000000 0.000000 0.000000 1.000000
0.999849 0.009815 -0.014363 0.000000 -0.010384 0.999142 -0.040086 8.845900 0.013957 0.040229 0.999093 0.000000 0.000000 0.000000 0.000000 1.000000
0.999845 0.008527 -0.015400 0.000000 -0.009115 0.999218 -0.038471 8.845900 0.015060 0.038605 0.999141 0.000000 0.000000 0.000000 0.000000 1.000000
0.999871 0.005725 -0.015024 0.000000 -0.006284 0.999279 -0.037456 8.845900 0.014799 0.037546 0.999185 -0.000000 0.000000 0.000000 0.000000 1.000000
0.999874 0.005697 -0.014808 0.000000 -0.006261 0.999245 -0.038350 8.845900 0.014579 0.038438 0.999155 0.000000 0.000000 0.000000 0.000000 1.000000
0.999888 0.004662 -0.014231 0.000000 -0.005202 0.999257 -0.038197 8.845900 0.014043 0.038267 0.999169 0.000000 0.000000 0.000000 0.000000 1.000000
0.999900 0.003446 -0.013696 0.000000 -0.003971 0.999251 -0.038489 8.845900 0.013553 0.038539 0.999165 0.000000 0.000000 0.000000 0.000000 1.000000
0.999882 0.002904 -0.015061 0.000000 -0.003484 0.999247 -0.038645 8.845900 0.014937 0.038693 0.999140 0.000000 0.000000 0.000000 0.000000 1.000000
0.999847 0.002373 -0.017324 -0.000000 -0.003043 0.999244 -0.038753 8.845900 0.017219 0.038800 0.999099 0.000000 0.000000 0.000000 0.000000 1.000000
0.999852 -0.001280 -0.017171 0.000000 0.000620 0.999262 -0.038418 8.845900 0.017207 0.038402 0.999114 0.000000 0.000000 0.000000 0.000000 1.000000
0.999821 -0.005867 -0.017990 0.000000 0.005137 0.999173 -0.040336 8.845900 0.018212 0.040236 0.999024 0.000000 0.000000 0.000000 0.000000 1.000000
0.999737 -0.011969 -0.019571 0.000000 0.010826 0.998285 -0.057533 8.845900 0.020226 0.057306 0.998152 0.000000 0.000000 0.000000 0.000000 1.000000
0.999727 -0.014201 -0.018557 -0.000000 0.012223 0.994640 -0.102671 8.845900 0.019916 0.102417 0.994542 0.000000 0.000000 0.000000 0.000000 1.000000
0.999881 -0.013794 -0.006917 0.000000 0.012523 0.987270 -0.158557 8.845900 0.009016 0.158452 0.987326 0.000000 0.000000 0.000000 0.000000 1.000000
0.999874 -0.013423 0.008508 -0.000000 0.014946 0.976193 -0.216386 8.845900 -0.005401 0.216486 0.976271 0.000000 0.000000 0.000000 0.000000 1.000000
0.999885 -0.010816 0.010653 0.000000 0.012897 0.975350 -0.220284 8.845900 -0.008008 0.220396 0.975378 0.000000 0.000000 0.000000 0.000000 1.000000
0.999892 -0.000423 0.014710 -0.000000 0.003083 0.983422 -0.181308 8.845900 -0.014389 0.181333 0.983316 0.000000 0.000000 0.000000 0.000000 1.000000
0.999836 -0.005996 0.017091 0.000000 0.008410 0.989411 -0.144896 8.845900 -0.016041 0.145016 0.989299 0.000000 0.000000 0.000000 0.000000 1.000000
0.999621 -0.017816 0.020973 0.000000 0.019796 0.994954 -0.098364 8.845900 -0.019115 0.098742 0.994929 0.000000 0.000000 0.000000 0.000000 1.000000
0.999792 -0.015411 0.013363 0.000000 0.016270 0.997637 -0.066747 8.845900 -0.012303 0.066951 0.997680 -0.000000 0.000000 0.000000 0.000000 1.000000
0.999960 -0.006895 0.005679 -0.000000 0.007167 0.998756 -0.049353 8.845900 -0.005332 0.049392 0.998765 0.000000 0.000000 0.000000 0.000000 1.000000
0.999985 0.004133 0.003468 0.000000 -0.004000 0.999289 -0.037485 8.845900 -0.003621 0.037470 0.999291 -0.000000 0.000000 0.000000 0.000000 1.000000
0.999891 0.005181 0.013801 0.000000 -0.004739 0.999481 -0.031869 8.845900 -0.013959 0.031800 0.999397 0.000000 0.000000 0.000000 0.000000 1.000000
0.999842 0.000201 0.017769 0.000000 0.000262 0.999661 -0.026030 8.845900 -0.017769 0.026030 0.999503 0.000000 0.000000 0.000000 0.000000 1.000000
0.999807 0.006512 0.018534 -0.000000 -0.006133 0.999772 -0.020463 8.845900 -0.018663 0.020345 0.999619 0.000000 0.000000 0.000000 0.000000 1.000000
0.999659 0.007921 0.024879 -0.000000 -0.007339 0.999699 -0.023409 8.845900 -0.025057 0.023218 0.999416 -0.000000 0.000000 0.000000 0.000000 1.000000
0.999721 0.008468 0.022041 -0.000000 -0.008105 0.999831 -0.016498 8.845900 -0.022177 0.016314 0.999621 0.000000 0.000000 0.000000 0.000000 1.000000
0.999675 0.012859 0.022017 0.000000 -0.012472 0.999767 -0.017631 8.845900 -0.022238 0.017350 0.999602 0.000000 0.000000 0.000000 0.000000 1.000000
0.999648 0.018185 0.019308 0.000000 -0.017870 0.999706 -0.016372 8.845900 -0.019600 0.016022 0.999680 0.000000 0.000000 0.000000 0.000000 1.000000
0.999614 0.022587 0.016204 0.000000 -0.022349 0.999641 -0.014778 8.845900 -0.016532 0.014410 0.999759 0.000000 0.000000 0.000000 0.000000 1.000000
0.999629 0.023924 0.013056 -0.000000 -0.023724 0.999602 -0.015242 8.845900 -0.013416 0.014927 0.999799 0.000000 0.000000 0.000000 0.000000 1.000000
0.999685 0.024177 0.006746 0.000000 -0.024073 0.999596 -0.015092 8.845900 -0.007108 0.014924 0.999863 0.000000 0.000000 0.000000 0.000000 1.000000
0.999707 0.024175 -0.000912 0.000000 -0.024186 0.999595 -0.015002 8.845900 0.000549 0.015019 0.999887 -0.000000 0.000000 0.000000 0.000000 1.000000
0.999642 0.025282 -0.008810 0.000000 -0.025427 0.999536 -0.016769 8.845900 0.008382 0.016987 0.999821 0.000000 0.000000 0.000000 0.000000 1.000000
0.999405 0.028597 -0.019265 0.000000 -0.028950 0.999414 -0.018267 8.845900 0.018731 0.018814 0.999648 0.000000 0.000000 0.000000 0.000000 1.000000
0.998985 0.033739 -0.029840 0.000000 -0.034337 0.999214 -0.019782 8.845900 0.029149 0.020787 0.999359 0.000000 0.000000 0.000000 0.000000 1.000000
0.998640 0.038019 -0.035682 0.000000 -0.038827 0.998999 -0.022234 8.845900 0.034801 0.023589 0.999116 0.000000 0.000000 0.000000 0.000000 1.000000
0.998345 0.041402 -0.039925 0.000000 -0.042428 0.998782 -0.025189 8.845900 0.038833 0.026841 0.998885 0.000000 0.000000 0.000000 0.000000 1.000000
0.998099 0.044139 -0.043004 0.000000 -0.045388 0.998563 -0.028492 8.845900 0.041684 0.030390 0.998669 -0.000000 0.000000 0.000000 0.000000 1.000000
0.997889 0.046478 -0.045357 0.000000 -0.047952 0.998338 -0.031973 8.845900 0.043795 0.034080 0.998459 0.000000 0.000000 0.000000 0.000000 1.000000
0.997689 0.048663 -0.047422 0.000000 -0.050368 0.998101 -0.035453 8.845900 0.045607 0.037759 0.998246 0.000000 0.000000 0.000000 0.000000 1.000000
0.997468 0.050937 -0.049638 0.000000 -0.052884 0.997849 -0.038743 8.845900 0.047558 0.041270 0.998016 0.000000 0.000000 0.000000 0.000000 1.000000
0.997188 0.053540 -0.052444 0.000000 -0.055751 0.997576 -0.041652 8.845900 0.050087 0.044459 0.997755 0.000000 0.000000 0.000000 0.000000 1.000000</float_array><technique_common><accessor source="#mixamorig_Spine1-Matrix-animation-output-transform-array" count="73" stride="16"><param type="float4x4"/></accessor></technique_common></source><source id="mixamorig_Spine1-Interpolations"><Name_array id="mixamorig_Spine1-Interpolations-array" count="73">
 LINEAR LINEAR LINEAR LINEAR LINEAR LINEAR LINEAR LINEAR LINEAR LINEAR LINEAR
LINEAR LINEAR LINEAR LINEAR LINEAR LINEAR LINEAR LINEAR LINEAR LINEAR LINEAR LINEAR
LINEAR LINEAR LINEAR LINEAR LINEAR LINEAR LINEAR LINEAR LINEAR LINEAR LINEAR LINEAR
