<?xml version="1.0" encoding="utf-8"?>
<COLLADA xmlns="http://www.collada.org/2005/11/COLLADASchema" version="1.4.1">
  <asset><contributor><author>Mixamo</author><authoring_tool>COLLADA Mixamo exporter</authoring_tool><comments></comments></contributor><created>2019-12-01T03:05:11Z</created><modified>2019-12-01T03:05:11Z</modified><revision></revision><title></title><unit meter="0.010000"/><up_axis>Y_UP</up_axis></asset>
  <library_animations>
    <animation id="mixamorig_Hips-anim" name="mixamorig_Hips"><source id="mixamorig_Hips-Matrix-animation-input"><float_array id="mixamorig_Hips-Matrix-animation-input-array" count="44">

0.000000 0.033333 0.066667 0.100000 0.133333 0.166667 0.200000 0.233333 0.266667 0.300000 0.333333 0.366667 0.400000 0.433333 0.466667 0.500000
0.533333 0.566667 0.600000 0.633333 0.666667 0.700000 0.733333 0.766667 0.800000 0.833333 0.866667 0.900000 0.933333 0.966667 1.000000 1.033333
1.066667 1.100000 1.133333 1.166667 1.200000 1.233333 1.266667 1.300000 1.333333 1.366667 1.400000 1.433333</float_array><technique_common><accessor source="#mixamorig_Hips-Matrix-animation-input-array" count="44"><param name="TIME" type="float"/></accessor></technique_common></source><source id="mixamorig_Hips-Matrix-animation-output-transform"><float_array id="mixamorig_Hips-Matrix-animation-output-transform-array" count="704">

0.691546 0.000939 0.722332 -0.103983 -0.069387 0.995461 0.065135 82.448563 -0.718992 -0.095165 0.688473 -0.281270 0.000000 0.000000 0.000000 1.000000
0.727726 -0.010215 0.685792 0.943770 -0.092336 0.989327 0.112718 82.917633 -0.679624 -0.145351 0.719016 0.194037 0.000000 0.000000 0.000000 1.000000
0.801354 -0.023212 0.597739 3.313348 -0.125974 0.970289 0.206566 84.336533 -0.584775 -0.240832 0.774621 2.380342 0.000000 0.000000 0.000000 1.000000
0.872777 -0.011098 0.487993 6.540987 -0.170055 0.930194 0.325299 86.755234 -0.457538 -0.366900 0.809965 6.077853 0.000000 0.000000 0.000000 1.000000
0.889120 0.008069 0.457604 8.628151 -0.214728 0.890325 0.401515 88.854126 -0.404176 -0.455255 0.793337 8.747633 0.000000 0.000000 0.000000 1.000000
0.860842 0.006157 0.508835 8.987124 -0.256128 0.869276 0.422796 89.754463 -0.439715 -0.494288 0.749886 9.264501 0.000000 0.000000 0.000000 1.000000
0.827659 0.007241 0.561185 8.865102 -0.297060 0.854016 0.427097 89.783577 -0.476169 -0.520196 0.708985 8.912793 0.000000 0.000000 0.000000 1.000000
0.805278 0.020314 0.592550 8.816107 -0.335986 0.839086 0.427840 89.336952 -0.488509 -0.543619 0.682523 8.517076 0.000000 0.000000 0.000000 1.000000
0.780728 0.033810 0.623956 8.444864 -0.369747 0.829960 0.417677 88.351517 -0.503736 -0.556798 0.660474 7.824604 0.000000 0.000000 0.000000 1.000000
0.747602 0.044746 0.662639 7.568124 -0.401319 0.825411 0.397038 87.108467 -0.529184 -0.562756 0.635036 6.808403 0.000000 0.000000 0.000000 1.000000
0.711499 0.061026 0.700032 6.311437 -0.430036 0.825695 0.365098 85.864410 -0.555733 -0.560806 0.613725 5.641511 0.000000 0.000000 0.000000 1.000000
0.671580 0.085453 0.735988 4.776131 -0.454332 0.832159 0.317953 84.709770 -0.585289 -0.547913 0.597686 4.375779 0.000000 0.000000 0.000000 1.000000
0.626379 0.110830 0.771600 2.997884 -0.471848 0.841813 0.262127 83.614136 -0.620491 -0.528269 0.579589 3.058897 0.000000 0.000000 0.000000 1.000000
0.578850 0.132222 0.804643 1.102387 -0.480176 0.852810 0.205296 82.631729 -0.659063 -0.505206 0.557139 1.741602 0.000000 0.000000 0.000000 1.000000
0.535158 0.156424 0.830143 -0.653119 -0.477186 0.866878 0.144276 81.867668 -0.697065 -0.473343 0.538560 0.411966 0.000000 0.000000 0.000000 1.000000
0.504619 0.188052 0.842612 -2.088283 -0.461903 0.883363 0.079476 81.343597 -0.729387 -0.429310 0.532624 -0.963795 0.000000 0.000000 0.000000 1.000000
0.491837 0.216404 0.843366 -3.245561 -0.436515 0.899382 0.023791 80.974335 -0.753360 -0.379843 0.536813 -2.418498 0.000000 0.000000 0.000000 1.000000
0.491139 0.230971 0.839902 -4.234316 -0.402884 0.915110 -0.016063 80.656006 -0.772312 -0.330494 0.542501 -4.013433 0.000000 0.000000 0.000000 1.000000
0.497171 0.237376 0.834550 -5.077053 -0.360282 0.931485 -0.050315 80.361435 -0.789315 -0.275659 0.548630 -5.785604 0.000000 0.000000 0.000000 1.000000
0.509486 0.245522 0.824708 -5.777216 -0.310831 0.946226 -0.089675 80.148178 -0.802377 -0.210656 0.558404 -7.627392 0.000000 0.000000 0.000000 1.000000
0.522418 0.252236 0.814529 -6.354207 -0.258789 0.957091 -0.130403 80.057739 -0.812470 -0.142666 0.565277 -9.254505 0.000000 0.000000 0.000000 1.000000
0.525374 0.247265 0.814151 -6.760418 -0.203744 0.965566 -0.161775 80.033012 -0.826118 -0.080887 0.557662 -10.408587 0.000000 0.000000 0.000000 1.000000
0.516170 0.229924 0.825047 -6.961383 -0.144883 0.972851 -0.180471 80.017273 -0.844143 -0.026381 0.535469 -11.050091 0.000000 0.000000 0.000000 1.000000
0.502634 0.208937 0.838871 -7.057446 -0.089838 0.977725 -0.189692 80.109901 -0.859819 0.019983 0.510208 -11.279913 0.000000 0.000000 0.000000 1.000000
0.490552 0.187828 0.850928 -7.136247 -0.047588 0.980811 -0.189064 80.394806 -0.870111 0.052252 0.490077 -11.140145 0.000000 0.000000 0.000000 1.000000
0.476497 0.162490 0.864030 -7.102259 -0.016886 0.984282 -0.175793 80.776886 -0.879014 0.069174 0.471752 -10.659536 0.000000 0.000000 0.000000 1.000000
0.458847 0.133817 0.878380 -6.823468 0.006943 0.988023 -0.154147 81.087852 -0.888488 0.076829 0.452423 -9.977614 0.000000 0.000000 0.000000 1.000000
0.444601 0.108429 0.889142 -6.322503 0.021656 0.991055 -0.131686 81.288200 -0.895467 0.077803 0.438276 -9.224857 0.000000 0.000000 0.000000 1.000000
0.443201 0.086724 0.892217 -5.685398 0.023203 0.993866 -0.108130 81.451385 -0.896122 0.068626 0.438470 -8.391432 0.000000 0.000000 0.000000 1.000000
0.458517 0.063613 0.886406 -4.920335 0.013310 0.996831 -0.078423 81.673866 -0.888586 0.047757 0.456217 -7.432564 0.000000 0.000000 0.000000 1.000000
0.487088 0.039584 0.872455 -4.024218 -0.002665 0.999035 -0.043839 82.006699 -0.873349 0.019028 0.486723 -6.378594 0.000000 0.000000 0.000000 1.000000
0.520258 0.019420 0.853788 -3.080042 -0.019851 0.999746 -0.010644 82.424164 -0.853778 -0.011411 0.520512 -5.273693 0.000000 0.000000 0.000000 1.000000
0.549452 0.004992 0.835511 -2.237949 -0.034981 0.999243 0.017034 82.837456 -0.834793 -0.038586 0.549210 -4.184216 0.000000 0.000000 0.000000 1.000000
0.571402 -0.003184 0.820664 -1.642172 -0.046208 0.998281 0.036046 83.130203 -0.819368 -0.058518 0.570273 -3.287182 0.000000 0.000000 0.000000 1.000000
0.589001 -0.006607 0.808106 -1.244112 -0.054447 0.997370 0.047839 83.307816 -0.806296 -0.072176 0.587092 -2.604656 0.000000 0.000000 0.000000 1.000000
0.605180 -0.008093 0.796048 -0.919078 -0.061426 0.996493 0.056829 83.441124 -0.793716 -0.083289 0.602560 -2.006538 0.000000 0.000000 0.000000 1.000000
0.620025 -0.008369 0.784537 -0.652643 -0.067209 0.995701 0.063737 83.529930 -0.781698 -0.092246 0.616797 -1.480288 0.000000 0.000000 0.000000 1.000000
0.633572 -0.007711 0.773645 -0.444253 -0.071637 0.995070 0.068585 83.562317 -0.770360 -0.098875 0.629896 -1.040283 0.000000 0.000000 0.000000 1.000000
0.646359 -0.006811 0.763003 -0.266660 -0.074988 0.994552 0.072402 83.550682 -0.759340 -0.104014 0.642327 -0.661294 0.000000 0.000000 0.000000 1.000000
0.658275 -0.005923 0.752754 -0.125161 -0.076792 0.994224 0.074977 83.469223 -0.748850 -0.107161 0.654018 -0.371551 0.000000 0.000000 0.000000 1.000000
0.668037 -0.004363 0.744115 -0.084249 -0.075640 0.994405 0.073736 83.241142 -0.740274 -0.105543 0.663969 -0.282761 0.000000 0.000000 0.000000 1.000000
0.676158 -0.002278 0.736753 -0.107760 -0.072973 0.994871 0.070048 82.936287 -0.733134 -0.101126 0.672524 -0.313474 0.000000 0.000000 0.000000 1.000000
0.684145 -0.000567 0.729346 -0.110278 -0.071053 0.995191 0.067423 82.677208 -0.725877 -0.097949 0.680815 -0.304993 0.000000 0.000000 0.000000 1.000000
0.691546 0.000939 0.722332 -0.103985 -0.069387 0.995461 0.065135 82.448547 -0.718992 -0.095165 0.688473 -0.281275 0.000000 0.000000 0.000000 1.000000</float_array><technique_common><accessor source="#mixamorig_Hips-Matrix-animation-output-transform-array" count="44" stride="16"><param type="float4x4"/></accessor></technique_common></source><source id="mixamorig_Hips-Interpolations"><Name_array id="mixamorig_Hips-Interpolations-array" count="44">
 LINEAR LINEAR LINEAR LINEAR LINEAR LINEAR LINEAR LINEAR LINEAR LINEAR LINEAR
LINEAR LINEAR LINEAR LINEAR LINEAR LINEAR LINEAR LINEAR LINEAR LINEAR LINEAR LINEAR
LINEAR LINEAR LINEAR LINEAR LINEAR LINEAR LINEAR LINEAR LINEAR LINEAR LINEAR LINEAR
LINEAR LINEAR LINEAR LINEAR LINEAR LINEAR LINEAR LINEAR LINEAR</Name_array><technique_common><accessor source="#mixamorig_Hips-Interpolations-array" count="44"><param type="name"/></accessor></technique_common></source><sampler id="mixamorig_Hips-Matrix-animation-transform"><input semantic="INPUT" source="#mixamorig_Hips-Matrix-animation-input"/><input semantic="OUTPUT" source="#mixamorig_Hips-Matrix-animation-output-transform"/><input semantic="INTERPOLATION" source="#mixamorig_Hips-Interpolations"/></sampler><channel source="#mixamorig_Hips-Matrix-animation-transform" target="mixamorig_Hips/matrix"/></animation>
    <animation id="mixamorig_Spine-anim" name="mixamorig_Spine"><source id="mixamorig_Spine-Matrix-animation-input"><float_array id="mixamorig_Spine-Matrix-animation-input-array" count="44">

0.000000 0.033333 0.066667 0.100000 0.133333 0.166667 0.200000 0.233333 0.266667 0.300000 0.333333 0.366667 0.400000 0.433333 0.466667 0.500000
0.533333 0.566667 0.600000 0.633333 0.666667 0.700000 0.733333 0.766667 0.800000 0.833333 0.866667 0.900000 0.933333 0.966667 1.000000 1.033333
1.066667 1.100000 1.133333 1.166667 1.200000 1.233333 1.266667 1.300000 1.333333 1.366667 1.400000 1.433333</float_array><technique_common><accessor source="#mixamorig_Spine-Matrix-animation-input-array" count="44"><param name="TIME" type="float"/></accessor></technique_common></source><source id="mixamorig_Spine-Matrix-animation-output-transform"><float_array id="mixamorig_Spine-Matrix-animation-output-transform-array" count="704">

0.991647 -0.011123 -0.128498 0.000000 0.012862 0.999836 0.012711 7.463500 0.128335 -0.014257 0.991628 -1.336300 0.000000 0.000000 0.000000 1.000000
0.994714 -0.005249 -0.102550 0.000000 0.008535 0.999463 0.031634 7.463500 0.102329 -0.032342 0.994225 -1.336300 0.000000 0.000000 0.000000 1.000000
0.995345 0.010446 -0.095810 -0.000000 -0.002111 0.996234 0.086684 7.463500 0.096355 -0.086079 0.991618 -1.336300 0.000000 0.000000 0.000000 1.000000
0.992184 0.029161 -0.121325 0.000000 -0.007832 0.984945 0.172688 7.463500 0.124534 -0.170388 0.977476 -1.336300 0.000000 0.000000 0.000000 1.000000
0.987957 0.040471 -0.149345 0.000000 -0.003765 0.971190 0.238277 7.463500 0.154686 -0.234845 0.959646 -1.336300 0.000000 0.000000 0.000000 1.000000
0.987967 0.050838 -0.146071 0.000000 -0.010982 0.965109 0.261617 7.463500 0.154275 -0.256864 0.954055 -1.336300 0.000000 0.000000 0.000000 1.000000
0.990306 0.068446 -0.120865 0.000000 -0.033762 0.962677 0.268539 7.463500 0.134735 -0.261855 0.955656 -1.336300 0.000000 0.000000 0.000000 1.000000
0.990651 0.091373 -0.101304 0.000000 -0.060460 0.959714 0.274397 7.463500 0.122295 -0.265707 0.956265 -1.336300 0.000000 0.000000 0.000000 1.000000
0.988437 0.115855 -0.097831 0.000000 -0.085786 0.959248 0.269229 7.463500 0.125035 -0.257723 0.958094 -1.336300 0.000000 0.000000 0.000000 1.000000
0.985241 0.139516 -0.099175 0.000000 -0.111279 0.962290 0.248225 7.463500 0.130067 -0.233525 0.963612 -1.336300 0.000000 0.000000 0.000000 1.000000
0.982257 0.160301 -0.097335 0.000000 -0.135928 0.966123 0.219384 7.463500 0.129205 -0.202261 0.970771 -1.336300 0.000000 0.000000 0.000000 1.000000
0.979762 0.177065 -0.093347 0.000000 -0.157041 0.969140 0.190017 7.463500 0.124111 -0.171512 0.977333 -1.336300 0.000000 0.000000 0.000000 1.000000
0.977501 0.189682 -0.092259 0.000000 -0.173924 0.972287 0.156234 7.463500 0.119337 -0.136673 0.983402 -1.336300 0.000000 0.000000 0.000000 1.000000
0.975684 0.197460 -0.095129 0.000000 -0.186147 0.975654 0.115969 7.463500 0.115713 -0.095442 0.988687 -1.336300 0.000000 0.000000 0.000000 1.000000
0.974721 0.200901 -0.097764 0.000000 -0.193468 0.977803 0.080442 7.463500 0.111755 -0.059494 0.991953 -1.336300 0.000000 0.000000 0.000000 1.000000
0.974905 0.201247 -0.095182 -0.000000 -0.196504 0.978849 0.056922 7.463500 0.104624 -0.036790 0.993831 -1.336300 0.000000 0.000000 0.000000 1.000000
0.976505 0.197116 -0.087082 0.000000 -0.194809 0.980240 0.034325 7.463500 0.092128 -0.016554 0.995610 -1.336300 0.000000 0.000000 0.000000 1.000000
0.979275 0.186960 -0.077886 0.000000 -0.187428 0.982277 0.001320 7.463500 0.076753 0.013305 0.996961 -1.336300 0.000000 0.000000 0.000000 1.000000
0.982531 0.172397 -0.070091 -0.000000 -0.175183 0.983888 -0.035713 7.463500 0.062805 0.047368 0.996901 -1.336300 0.000000 0.000000 0.000000 1.000000
0.986030 0.154726 -0.061676 -0.000000 -0.158645 0.985212 -0.064720 7.463500 0.050750 0.073600 0.995996 -1.336300 0.000000 0.000000 0.000000 1.000000
0.989898 0.132134 -0.051407 0.000000 -0.136140 0.987092 -0.084353 7.463500 0.039597 0.090500 0.995109 -1.336300 0.000000 0.000000 0.000000 1.000000
0.993845 0.103349 -0.039881 0.000000 -0.106831 0.989410 -0.098258 7.463500 0.029304 0.101913 0.994362 -1.336300 0.000000 0.000000 0.000000 1.000000
0.997139 0.071140 -0.025540 0.000000 -0.073444 0.991763 -0.104939 7.463500 0.017864 0.106515 0.994151 -1.336300 0.000000 0.000000 0.000000 1.000000
0.999149 0.040372 -0.008477 0.000000 -0.041031 0.993841 -0.102943 7.463500 0.004269 0.103203 0.994651 -1.336300 0.000000 0.000000 0.000000 1.000000
0.999893 0.014252 0.003193 0.000000 -0.013876 0.995209 -0.096782 7.463500 -0.004557 0.096727 0.995301 -1.336300 0.000000 0.000000 0.000000 1.000000
0.999971 -0.007409 0.001474 -0.000000 0.007511 0.996003 -0.089005 7.463500 -0.000809 0.089013 0.996030 -1.336300 0.000000 0.000000 0.000000 1.000000
0.999585 -0.026158 -0.012094 -0.000000 0.025172 0.996828 -0.075500 7.463500 0.014030 0.075164 0.997072 -1.336300 0.000000 0.000000 0.000000 1.000000
0.998667 -0.041887 -0.030159 0.000000 0.040197 0.997699 -0.054600 7.463500 0.032377 0.053315 0.998053 -1.336300 0.000000 0.000000 0.000000 1.000000
0.997479 -0.052461 -0.047776 -0.000000 0.050909 0.998153 -0.033143 7.463500 0.049427 0.030628 0.998308 -1.336300 0.000000 0.000000 0.000000 1.000000
0.996444 -0.057251 -0.061822 0.000000 0.056231 0.998253 -0.018113 7.463500 0.062751 0.014572 0.997923 -1.336300 0.000000 0.000000 0.000000 1.000000
0.995877 -0.058576 -0.069264 0.000000 0.058139 0.998274 -0.008314 7.463500 0.069631 0.004253 0.997564 -1.336300 0.000000 0.000000 0.000000 1.000000
0.995793 -0.057930 -0.071000 0.000000 0.058154 0.998307 0.001092 7.463500 0.070817 -0.005216 0.997476 -1.336300 0.000000 0.000000 0.000000 1.000000
0.995893 -0.054768 -0.072089 -0.000000 0.055649 0.998398 0.010261 7.463500 0.071411 -0.014231 0.997345 -1.336300 0.000000 0.000000 0.000000 1.000000
0.995915 -0.049769 -0.075338 -0.000000 0.051117 0.998563 0.016070 7.463500 0.074430 -0.019855 0.997029 -1.336300 0.000000 0.000000 0.000000 1.000000
0.995833 -0.044409 -0.079654 0.000000 0.046056 0.998759 0.018966 7.463500 0.078712 -0.022556 0.996642 -1.336300 0.000000 0.000000 0.000000 1.000000
0.995686 -0.038968 -0.084211 0.000000 0.040866 0.998945 0.020934 7.463500 0.083306 -0.024285 0.996228 -1.336300 0.000000 0.000000 0.000000 1.000000
0.995456 -0.033532 -0.089121 0.000000 0.035636 0.999120 0.022121 7.463500 0.088300 -0.025196 0.995775 -1.336300 0.000000 0.000000 0.000000 1.000000
0.995136 -0.028371 -0.094339 0.000000 0.030624 0.999277 0.022515 7.463500 0.093632 -0.025294 0.995285 -1.336300 0.000000 0.000000 0.000000 1.000000
0.994736 -0.023614 -0.099709 0.000000 0.025982 0.999409 0.022510 7.463500 0.099118 -0.024982 0.994762 -1.336300 0.000000 0.000000 0.000000 1.000000
0.994248 -0.019633 -0.105290 -0.000000 0.022065 0.999515 0.021981 7.463500 0.104808 -0.024178 0.994199 -1.336300 0.000000 0.000000 0.000000 1.000000
0.993621 -0.017064 -0.111476 0.000000 0.019405 0.999612 0.019957 7.463500 0.111092 -0.021993 0.993567 -1.336300 0.000000 0.000000 0.000000 1.000000
0.992957 -0.014974 -0.117525 -0.000000 0.017101 0.999707 0.017106 7.463500 0.117235 -0.018996 0.992923 -1.336300 0.000000 0.000000 0.000000 1.000000
0.992294 -0.012981 -0.123223 0.000000 0.014918 0.999779 0.014814 7.463500 0.123004 -0.016538 0.992268 -1.336300 0.000000 0.000000 0.000000 1.000000
0.991647 -0.011123 -0.128497 0.000000 0.012862 0.999836 0.012710 7.463500 0.128335 -0.014257 0.991628 -1.336300 0.000000 0.000000 0.000000 1.000000</float_array><technique_common><accessor source="#mixamorig_Spine-Matrix-animation-output-transform-array" count="44" stride="16"><param type="float4x4"/></accessor></technique_common></source><source id="mixamorig_Spine-Interpolations"><Name_array id="mixamorig_Spine-Interpolations-array" count="44">
 LINEAR LINEAR LINEAR LINEAR LINEAR LINEAR LINEAR LINEAR LINEAR LINEAR LINEAR
LINEAR LINEAR LINEAR LINEAR LINEAR LINEAR LINEAR LINEAR LINEAR LINEAR LINEAR LINEAR
LINEAR LINEAR LINEAR LINEAR LINEAR LINEAR LINEAR LINEAR LINEAR LINEAR LINEAR LINEAR
LINEAR LINEAR LINEAR LINEAR LINEAR LINEAR LINEAR LINEAR LINEAR</Name_array><technique_common><accessor source="#mixamorig_Spine-Interpolations-array" count="44"><param type="name"/></accessor></technique_common></source><sampler id="mixamorig_Spine-Matrix-animation-transform"><input semantic="INPUT" source="#mixamorig_Spine-Matrix-animation-input"/><input semantic="OUTPUT" source="#mixamorig_Spine-Matrix-animation-output-transform"/><input semantic="INTERPOLATION" source="#mixamorig_Spine-Interpolations"/></sampler><channel source="#mixamorig_Spine-Matrix-animation-transform" target="mixamorig_Spine/matrix"/></animation>
    <animation id="mixamorig_Spine1-anim" name="mixamorig_Spine1"><source id="mixamorig_Spine1-Matrix-animation-input"><float_array id="mixamorig_Spine1-Matrix-animation-input-array" count="44">

0.000000 0.033333 0.066667 0.100000 0.133333 0.166667 0.200000 0.233333 0.266667 0.300000 0.333333 0.366667 0.400000 0.433333 0.466667 0.500000
0.533333 0.566667 0.600000 0.633333 0.666667 0.700000 0.733333 0.766667 0.800000 0.833333 0.866667 0.900000 0.933333 0.966667 1.000000 1.033333
1.066667 1.100000 1.133333 1.166667 1.200000 1.233333 1.266667 1.300000 1.333333 1.366667 1.400000 1.433333</float_array><technique_common><accessor source="#mixamorig_Spine1-Matrix-animation-input-array" count="44"><param name="TIME" type="float"/></accessor></technique_common></source><source id="mixamorig_Spine1-Matrix-animation-output-transform"><float_array id="mixamorig_Spine1-Matrix-animation-output-transform-array" count="704">

0.999723 -0.012683 -0.019822 0.000000 0.011920 0.999201 -0.038154 8.845900 0.020290 0.037907 0.999075 -0.000000 0.000000 0.000000 0.000000 1.000000
0.999721 -0.017778 -0.015540 0.000000 0.016772 0.997893 -0.062678 8.845900 0.016621 0.062400 0.997913 -0.000000 0.000000 0.000000 0.000000 1.000000
0.999465 -0.017992 -0.027330 -0.000000 0.016086 0.997526 -0.068436 8.845900 0.028494 0.067960 0.997281 0.000000 0.000000 0.000000 0.000000 1.000000
0.997746 -0.020258 -0.063976 0.000000 0.016899 0.998471 -0.052625 8.845900 0.064945 0.051426 0.996563 -0.000000 0.000000 0.000000 0.000000 1.000000
0.994330 -0.029965 -0.102030 0.000000 0.025448 0.998650 -0.045290 8.845900 0.103249 0.042437 0.993750 0.000000 0.000000 0.000000 0.000000 1.000000
0.992603 -0.036147 -0.115897 -0.000000 0.029203 0.997707 -0.061065 8.845900 0.117838 0.057229 0.991382 0.000000 0.000000 0.000000 0.000000 1.000000
0.993280 -0.029209 -0.111989 0.000000 0.020293 0.996593 -0.079947 8.845900 0.113942 0.077137 0.990488 -0.000000 0.000000 0.000000 0.000000 1.000000
0.994045 -0.014311 -0.108022 0.000000 0.004715 0.996059 -0.088567 8.845900 0.108864 0.087530 0.990195 0.000000 0.000000 0.000000 0.000000 1.000000
0.994036 0.002485 -0.109022 -0.000000 -0.012817 0.995474 -0.094169 8.845900 0.108294 0.095005 0.989569 0.000000 0.000000 0.000000 0.000000 1.000000
0.993546 0.018007 -0.111993 0.000000 -0.030452 0.993418 -0.110421 8.845900 0.109268 0.113119 0.987555 0.000000 0.000000 0.000000 0.000000 1.000000
0.993138 0.031533 -0.112615 0.000000 -0.046471 0.990080 -0.132597 8.845900 0.107316 0.136921 0.984752 0.000000 0.000000 0.000000 0.000000 1.000000
0.992955 0.041120 -0.111128 -0.000000 -0.058112 0.986316 -0.154283 8.845900 0.103263 0.159654 0.981757 0.000000 0.000000 0.000000 0.000000 1.000000
0.992774 0.047423 -0.110234 -0.000000 -0.066495 0.982077 -0.176363 8.845900 0.099895 0.182418 0.978133 0.000000 0.000000 0.000000 0.000000 1.000000
0.992463 0.052565 -0.110703 -0.000000 -0.074032 0.977040 -0.199781 8.845900 0.097660 0.206470 0.973567 -0.000000 0.000000 0.000000 0.000000 1.000000
0.992252 0.056663 -0.110571 -0.000000 -0.079896 0.972539 -0.218596 8.845900 0.095148 0.225737 0.969531 -0.000000 0.000000 0.000000 0.000000 1.000000
0.992494 0.058852 -0.107203 0.000000 -0.082272 0.969889 -0.229230 8.845900 0.090484 0.236329 0.967451 -0.000000 0.000000 0.000000 0.000000 1.000000
0.993212 0.059088 -0.100191 0.000000 -0.081694 0.967514 -0.239253 8.845900 0.082799 0.245814 0.965774 -0.000000 0.000000 0.000000 0.000000 1.000000
0.994076 0.057427 -0.092274 -0.000000 -0.079484 0.963175 -0.256858 8.845900 0.074125 0.262671 0.962034 0.000000 0.000000 0.000000 0.000000 1.000000
0.994902 0.053346 -0.085583 0.000000 -0.075323 0.957369 -0.278876 8.845900 0.067058 0.283900 0.956506 0.000000 0.000000 0.000000 0.000000 1.000000
0.995808 0.045796 -0.079174 0.000000 -0.067465 0.952260 -0.297740 8.845900 0.061759 0.301833 0.951358 0.000000 0.000000 0.000000 0.000000 1.000000
0.996853 0.033961 -0.071623 -0.000000 -0.054693 0.948710 -0.311382 8.845900 0.057375 0.314319 0.947582 0.000000 0.000000 0.000000 0.000000 1.000000
0.997883 0.018970 -0.062206 0.000000 -0.037922 0.946795 -0.319597 8.845900 0.052834 0.321279 0.945510 0.000000 0.000000 0.000000 0.000000 1.000000
0.998754 0.003155 -0.049811 -0.000000 -0.018978 0.947046 -0.320537 8.845900 0.046162 0.321082 0.945926 0.000000 0.000000 0.000000 0.000000 1.000000
0.999281 -0.012767 -0.035687 0.000000 0.000840 0.948794 -0.315893 8.845900 0.037893 0.315636 0.948123 0.000000 0.000000 0.000000 0.000000 1.000000
0.999259 -0.028763 -0.025577 0.000000 0.019426 0.950541 -0.309991 8.845900 0.033229 0.309265 0.950395 0.000000 0.000000 0.000000 0.000000 1.000000
0.998754 -0.043538 -0.024400 0.000000 0.034113 0.952375 -0.303014 8.845900 0.036431 0.301804 0.952674 -0.000000 0.000000 0.000000 0.000000 1.000000
0.998017 -0.055184 -0.030278 0.000000 0.044098 0.956236 -0.289256 8.845900 0.044915 0.287347 0.956773 0.000000 0.000000 0.000000 0.000000 1.000000
0.997255 -0.063408 -0.038239 0.000000 0.050933 0.962263 -0.267313 8.845900 0.053745 0.264631 0.962851 0.000000 0.000000 0.000000 0.000000 1.000000
0.996606 -0.068565 -0.045548 0.000000 0.055469 0.968232 -0.243822 8.845900 0.060818 0.240468 0.968750 -0.000000 0.000000 0.000000 0.000000 1.000000
0.996213 -0.070847 -0.050408 0.000000 0.057794 0.972671 -0.224879 8.845900 0.064962 0.221114 0.973082 0.000000 0.000000 0.000000 0.000000 1.000000
0.996183 -0.071079 -0.050676 0.000000 0.058970 0.975986 -0.209701 8.845900 0.064365 0.205912 0.976451 -0.000000 0.000000 0.000000 0.000000 1.000000
0.996464 -0.069736 -0.046864 0.000000 0.059360 0.979061 -0.194718 8.845900 0.059461 0.191248 0.979739 0.000000 0.000000 0.000000 0.000000 1.000000
0.996891 -0.066426 -0.042376 0.000000 0.057821 0.982103 -0.179249 8.845900 0.053524 0.176242 0.982891 0.000000 0.000000 0.000000 0.000000 1.000000
0.997329 -0.061647 -0.039163 -0.000000 0.054414 0.984865 -0.164562 8.845900 0.048715 0.161991 0.985589 0.000000 0.000000 0.000000 0.000000 1.000000
0.997737 -0.056442 -0.036539 0.000000 0.050341 0.987327 -0.150504 8.845900 0.044571 0.148324 0.987934 0.000000 0.000000 0.000000 0.000000 1.000000
0.998116 -0.051098 -0.033955 0.000000 0.046019 0.989577 -0.136453 8.845900 0.040573 0.134633 0.990064 0.000000 0.000000 0.000000 0.000000 1.000000
0.998461 -0.045643 -0.031514 -0.000000 0.041462 0.991599 -0.122522 8.845900 0.036842 0.121027 0.991965 -0.000000 0.000000 0.000000 0.000000 1.000000
0.998764 -0.040206 -0.029232 0.000000 0.036803 0.993377 -0.108846 8.845900 0.033415 0.107635 0.993629 -0.000000 0.000000 0.000000 0.000000 1.000000
0.999025 -0.034891 -0.027057 0.000000 0.032163 0.994917 -0.095421 8.845900 0.030248 0.094457 0.995069 -0.000000 0.000000 0.000000 0.000000 1.000000
0.999241 -0.029824 -0.025071 -0.000000 0.027666 0.996215 -0.082406 8.845900 0.027433 0.081650 0.996283 0.000000 0.000000 0.000000 0.000000 1.000000
0.999402 -0.025198 -0.023660 0.000000 0.023476 0.997242 -0.070408 8.845900 0.025369 0.069810 0.997238 0.000000 0.000000 0.000000 0.000000 1.000000
0.999536 -0.020762 -0.022303 0.000000 0.019416 0.998073 -0.058942 8.845900 0.023484 0.058482 0.998012 0.000000 0.000000 0.000000 0.000000 1.000000
0.999642 -0.016572 -0.021018 -0.000000 0.015544 0.998719 -0.048145 8.845900 0.021789 0.047801 0.998619 -0.000000 0.000000 0.000000 0.000000 1.000000
0.999723 -0.012683 -0.019822 0.000000 0.011920 0.999201 -0.038154 8.845900 0.020290 0.037907 0.999075 0.000000 0.000000 0.000000 0.000000 1.000000</float_array><technique_common><accessor source="#mixamorig_Spine1-Matrix-animation-output-transform-array" count="44" stride="16"><param type="float4x4"/></accessor></technique_common></source><source id="mixamorig_Spine1-Interpolations"><Name_array id="mixamorig_Spine1-Interpolations-array" count="44">
 LINEAR LINEAR LINEAR LINEAR LINEAR LINEAR LINEAR LINEAR LINEAR LINEAR LINEAR
LINEAR LINEAR LINEAR LINEAR LINEAR LINEAR LINEAR LINEAR LINEAR LINEAR LINEAR LINEAR
LINEAR LINEAR LINEAR LINEAR LINEAR LINEAR LINEAR LINEAR LINEAR LINEAR LINEAR LINEAR
LINEAR LINEAR LINEAR LINEAR LINEAR LINEAR LINEAR LINEAR LINEAR</Name_array><technique_common><accessor source="#mixamorig_Spine1-Interpolations-array" count="44"><param type="name"/></accessor></technique_common></source><sampler id="mixamorig_Spine1-Matrix-animation-transform"><input semantic="INPUT" source="#mixamorig_Spine1-Matrix-animation-input"/><input semantic="OUTPUT" source="#mixamorig_Spine1-Matrix-animation-output-transform"/><input semantic="INTERPOLATION" source="#mixamorig_Spine1-Interpolations"/></sampler><channel source="#mixamorig_Spine1-Matrix-animation-transform" target="mixamorig_Spine1/matrix"/></animation>
    <animation id="mixamorig_Spine2-anim" name="mixamorig_Spine2"><source id="mixamorig_Spine2-Matrix-animation-input"><float_array id="mixamorig_Spine2-Matrix-animation-input-array" count="44">

0.000000 0.033333 0.066667 0.100000 0.133333 0.166667 0.200000 0.233333 0.266667 0.300000 0.333333 0.366667 0.400000 0.433333 0.466667 0.500000
0.533333 0.566667 0.600000 0.633333 0.666667 0.700000 0.733333 0.766667 0.800000 0.833333 0.866667 0.900000 0.933333 0.966667 1.000000 1.033333
1.066667 1.100000 1.133333 1.166667 1.200000 1.233333 1.266667 1.300000 1.333333 1.366667 1.400000 1.433333</float_array><technique_common><accessor source="#mixamorig_Spine2-Matrix-animation-input-array" count="44"><param name="TIME" type="float"/></accessor></technique_common></source><source id="mixamorig_Spine2-Matrix-animation-output-transform"><float_array id="mixamorig_Spine2-Matrix-animation-output-transform-array" count="704">

0.999731 -0.012336 -0.019633 0.000000 0.011575 0.999195 -0.038417 10.109600 0.020091 0.038179 0.999069 -0.000000 0.000000 0.000000 0.000000 1.000000
0.999734 -0.017501 -0.015027 -0.000000 0.016522 0.997876 -0.063005 10.109600 0.016098 0.062740 0.997900 0.000000 0.000000 0.000000 0.000000 1.000000
0.999499 -0.017514 -0.026367 0.000000 0.015664 0.997507 -0.068802 10.109600 0.027506 0.068354 0.997282 -0.000000 0.000000 0.000000 0.000000 1.000000
0.997852 -0.019194 -0.062640 -0.000000 0.015888 0.998476 -0.052847 10.109600 0.063559 0.051738 0.996636 0.000000 0.000000 0.000000 0.000000 1.000000
0.994524 -0.028370 -0.100579 0.000000 0.023912 0.998689 -0.045253 10.109600 0.101731 0.042600 0.993899 0.000000 0.000000 0.000000 0.000000 1.000000
0.992829 -0.034498 -0.114454 0.000000 0.027640 0.997756 -0.060977 10.109600 0.116301 0.057377 0.991555 0.000000 0.000000 0.000000 0.000000 1.000000
0.993489 -0.027782 -0.110489 -0.000000 0.018964 0.996609 -0.080072 10.109600 0.112339 0.077455 0.990647 0.000000 0.000000 0.000000 0.000000 1.000000
0.994248 -0.012946 -0.106322 0.000000 0.003461 0.996033 -0.088916 10.109600 0.107051 0.088036 0.990348 0.000000 0.000000 0.000000 0.000000 1.000000
0.994254 0.004036 -0.106966 -0.000000 -0.014221 0.995411 -0.094628 10.109600 0.106093 0.095605 0.989749 -0.000000 0.000000 0.000000 0.000000 1.000000
0.993785 0.019764 -0.109550 -0.000000 -0.031987 0.993309 -0.110966 10.109600 0.106624 0.113780 0.987768 -0.000000 0.000000 0.000000 0.000000 1.000000
0.993391 0.033383 -0.109815 0.000000 -0.048006 0.989907 -0.133340 10.109600 0.104255 0.137731 0.984968 0.000000 0.000000 0.000000 0.000000 1.000000
0.993231 0.043020 -0.107891 0.000000 -0.059591 0.986052 -0.155404 10.109600 0.099701 0.160782 0.981941 -0.000000 0.000000 0.000000 0.000000 1.000000
0.993085 0.049348 -0.106524 0.000000 -0.067870 0.981695 -0.177955 10.109600 0.095793 0.183955 0.978256 -0.000000 0.000000 0.000000 0.000000 1.000000
0.992815 0.054367 -0.106592 0.000000 -0.075142 0.976539 -0.201805 10.109600 0.093120 0.208364 0.973608 -0.000000 0.000000 0.000000 0.000000 1.000000
0.992632 0.058154 -0.106296 0.000000 -0.080605 0.971944 -0.220970 10.109600 0.090464 0.227910 0.969471 -0.000000 0.000000 0.000000 0.000000 1.000000
0.992869 0.059910 -0.103061 0.000000 -0.082545 0.969256 -0.231794 10.109600 0.086006 0.238648 0.967290 0.000000 0.000000 0.000000 0.000000 1.000000
0.993548 0.059679 -0.096439 -0.000000 -0.081543 0.966909 -0.241740 10.109600 0.078820 0.248045 0.965537 -0.000000 0.000000 0.000000 0.000000 1.000000
0.994363 0.057573 -0.089037 0.000000 -0.078933 0.962628 -0.259071 10.109600 0.070794 0.264638 0.961746 0.000000 0.000000 0.000000 0.000000 1.000000
0.995140 0.053105 -0.082928 -0.000000 -0.074460 0.956883 -0.280768 10.109600 0.064442 0.285579 0.956186 -0.000000 0.000000 0.000000 0.000000 1.000000
0.995989 0.045268 -0.077174 0.000000 -0.066452 0.951844 -0.299294 10.109600 0.059909 0.303222 0.951035 0.000000 0.000000 0.000000 0.000000 1.000000
0.996973 0.033273 -0.070275 0.000000 -0.053685 0.948373 -0.312579 10.109600 0.056246 0.315406 0.947289 0.000000 0.000000 0.000000 0.000000 1.000000
0.997946 0.018227 -0.061416 -0.000000 -0.037010 0.946533 -0.320476 10.109600 0.052291 0.322090 0.945264 0.000000 0.000000 0.000000 0.000000 1.000000
0.998772 0.002446 -0.049478 0.000000 -0.018230 0.946845 -0.321172 10.109600 0.046062 0.321680 0.945727 -0.000000 0.000000 0.000000 0.000000 1.000000
0.999273 -0.013369 -0.035706 0.000000 0.001387 0.948637 -0.316364 10.109600 0.038101 0.316085 0.947966 0.000000 0.000000 0.000000 0.000000 1.000000
0.999236 -0.029291 -0.025877 0.000000 0.019823 0.950413 -0.310357 10.109600 0.033685 0.309607 0.950268 -0.000000 0.000000 0.000000 0.000000 1.000000
0.998713 -0.044123 -0.025005 -0.000000 0.034478 0.952279 -0.303277 10.109600 0.037193 0.302024 0.952574 -0.000000 0.000000 0.000000 0.000000 1.000000
0.997950 -0.055889 -0.031192 0.000000 0.044506 0.956185 -0.289360 10.109600 0.045997 0.287378 0.956712 0.000000 0.000000 0.000000 0.000000 1.000000
0.997164 -0.064175 -0.039324 0.000000 0.051391 0.962265 -0.267216 10.109600 0.054989 0.264437 0.962834 0.000000 0.000000 0.000000 0.000000 1.000000
0.996506 -0.069303 -0.046612 0.000000 0.055948 0.968274 -0.243547 10.109600 0.062011 0.240088 0.968768 0.000000 0.000000 0.000000 0.000000 1.000000
0.996119 -0.071496 -0.051340 0.000000 0.058246 0.972730 -0.224509 10.109600 0.065991 0.220647 0.973119 -0.000000 0.000000 0.000000 0.000000 1.000000
0.996106 -0.071587 -0.051454 -0.000000 0.059333 0.976043 -0.209330 10.109600 0.065206 0.205462 0.976490 0.000000 0.000000 0.000000 0.000000 1.000000
0.996413 -0.070053 -0.047479 0.000000 0.059573 0.979110 -0.194411 10.109600 0.060106 0.190885 0.979771 0.000000 0.000000 0.000000 0.000000 1.000000
0.996864 -0.066553 -0.042811 0.000000 0.057882 0.982139 -0.179032 10.109600 0.053962 0.175992 0.982911 -0.000000 0.000000 0.000000 0.000000 1.000000
0.997319 -0.061642 -0.039443 0.000000 0.054371 0.984890 -0.164424 10.109600 0.048982 0.161838 0.985601 0.000000 0.000000 0.000000 0.000000 1.000000
0.997736 -0.056355 -0.036711 -0.000000 0.050233 0.987344 -0.150425 10.109600 0.044724 0.148240 0.987940 -0.000000 0.000000 0.000000 0.000000 1.000000
0.998121 -0.050947 -0.034041 0.000000 0.045859 0.989588 -0.136426 10.109600 0.040638 0.134608 0.990065 -0.000000 0.000000 0.000000 0.000000 1.000000
0.998469 -0.045441 -0.031528 -0.000000 0.041259 0.991605 -0.122542 10.109600 0.036832 0.121054 0.991962 0.000000 0.000000 0.000000 0.000000 1.000000
0.998775 -0.039964 -0.029189 0.000000 0.036565 0.993379 -0.108910 10.109600 0.033348 0.107709 0.993623 0.000000 0.000000 0.000000 0.000000 1.000000
0.999037 -0.034613 -0.026963 0.000000 0.031892 0.994916 -0.095527 10.109600 0.030132 0.094575 0.995062 0.000000 0.000000 0.000000 0.000000 1.000000
0.999252 -0.029569 -0.024933 0.000000 0.027419 0.996209 -0.082555 10.109600 0.027280 0.081809 0.996275 -0.000000 0.000000 0.000000 0.000000 1.000000
0.999413 -0.024917 -0.023509 0.000000 0.023203 0.997236 -0.070585 10.109600 0.025203 0.069998 0.997229 0.000000 0.000000 0.000000 0.000000 1.000000
0.999546 -0.020458 -0.022139 0.000000 0.019118 0.998066 -0.059148 10.109600 0.023306 0.058698 0.998004 0.000000 0.000000 0.000000 0.000000 1.000000
0.999651 -0.016246 -0.020841 -0.000000 0.015222 0.998713 -0.048380 10.109600 0.021600 0.048046 0.998612 0.000000 0.000000 0.000000 0.000000 1.000000
0.999731 -0.012336 -0.019633 0.000000 0.011575 0.999195 -0.038417 10.109600 0.020092 0.038179 0.999069 -0.000000 0.000000 0.000000 0.000000 1.000000</float_array><technique_common><accessor source="#mixamorig_Spine2-Matrix-animation-output-transform-array" count="44" stride="16"><param type="float4x4"/></accessor></technique_common></source><source id="mixamorig_Spine2-Interpolations"><Name_array id="mixamorig_Spine2-Interpolations-array" count="44">
 LINEAR LINEAR LINEAR LINEAR LINEAR LINEAR LINEAR LINEAR LINEAR LINEAR LINEAR
LINEAR LINEAR LINEAR LINEAR LINEAR LINEAR LINEAR LINEAR LINEAR LINEAR LINEAR LINEAR
LINEAR LINEAR LINEAR LINEAR LINEAR LINEAR LINEAR LINEAR LINEAR LINEAR LINEAR LINEAR
LINEAR LINEAR LINEAR LINEAR LINEAR LINEAR LINEAR LINEAR LINEAR</Name_array><technique_common><accessor source="#mixamorig_Spine2-Interpolations-array" count="44"><param type="name"/></accessor></technique_common></source><sampler id="mixamorig_Spine2-Matrix-animation-transform"><input semantic="INPUT" source="#mixamorig_Spine2-Matrix-animation-input"/><input semantic="OUTPUT" source="#mixamorig_Spine2-Matrix-animation-output-transform"/><input semantic="INTERPOLATION" source="#mixamorig_Spine2-Interpolations"/></sampler><channel source="#mixamorig_Spine2-Matrix-animation-transform" target="mixamorig_Spine2/matrix"/></animation>
    <animation id="mixamorig_Neck-anim" name="mixamorig_Neck"><source id="mixamorig_Neck-Matrix-animation-input"><float_array id="mixamorig_Neck-Matrix-animation-input-array" count="44">

0.000000 0.033333 0.066667 0.100000 0.133333 0.166667 0.200000 0.233333 0.266667 0.300000 0.333333 0.366667 0.400000 0.433333 0.466667 0.500000
0.533333 0.566667 0.600000 0.633333 0.666667 0.700000 0.733333 0.766667 0.800000 0.833333 0.866667 0.900000 0.933333 0.966667 1.000000 1.033333
1.066667 1.100000 1.133333 1.166667 1.200000 1.233333 1.266667 1.300000 1.333333 1.366667 1.400000 1.433333</float_array><technique_common><accessor source="#mixamorig_Neck-Matrix-animation-input-array" count="44"><param name="TIME" type="float"/></accessor></technique_common></source><source id="mixamorig_Neck-Matrix-animation-output-transform"><float_array id="mixamorig_Neck-Matrix-animation-output-transform-array" count="704">

0.970444 0.077035 -0.228700 0.000000 -0.118385 0.977783 -0.172991 11.373300 0.210293 0.194953 0.958003 0.000000 0.000000 0.000000 0.000000 1.000000
0.979304 0.053636 -0.195157 -0.000000 -0.090480 0.978547 -0.185092 11.373300 0.181043 0.198919 0.963148 0.000000 0.000000 0.000000 0.000000 1.000000
0.988547 0.012814 -0.150368 -0.000000 -0.039715 0.983356 -0.177296 11.373300 0.145594 0.181237 0.972602 0.000000 0.000000 0.000000 0.000000 1.000000
0.994895 -0.025367 -0.097677 0.000000 0.013978 0.993202 -0.115562 11.373300 0.099944 0.113607 0.988486 -0.000000 0.000000 0.000000 0.000000 1.000000
0.998548 -0.026170 -0.047093 0.000000 0.025001 0.999369 -0.025239 11.373300 0.047724 0.024025 0.998572 0.000000 0.000000 0.000000 0.000000 1.000000
0.999991 0.002314 -0.003631 -0.000000 -0.002156 0.999076 0.042927 11.373300 0.003727 -0.042919 0.999072 -0.000000 0.000000 0.000000 0.000000 1.000000
0.999186 0.020937 0.034493 -0.000000 -0.023639 0.996524 0.079883 11.373300 -0.032701 -0.080634 0.996207 -0.000000 0.000000 0.000000 0.000000 1.000000
0.997776 0.018088 0.064162 -0.000000 -0.023958 0.995476 0.091938 11.373300 -0.062209 -0.093271 0.993695 -0.000000 0.000000 0.000000 0.000000 1.000000
0.996957 0.007849 0.077553 0.000000 -0.014066 0.996700 0.079950 11.373300 -0.076670 -0.080798 0.993777 0.000000 0.000000 0.000000 0.000000 1.000000
0.996748 -0.001492 0.080563 0.000000 -0.002865 0.998540 0.053936 11.373300 -0.080526 -0.053991 0.995289 0.000000 0.000000 0.000000 0.000000 1.000000
0.996824 -0.002716 0.079589 0.000000 0.000641 0.999660 0.026076 11.373300 -0.079632 -0.025942 0.996487 0.000000 0.000000 0.000000 0.000000 1.000000
0.996777 0.007649 0.079853 0.000000 -0.007255 0.999960 -0.005222 11.373300 -0.079889 0.004626 0.996793 0.000000 0.000000 0.000000 0.000000 1.000000
0.996245 0.023330 0.083377 0.000000 -0.019897 0.998929 -0.041768 11.373300 -0.084262 0.039952 0.995642 0.000000 0.000000 0.000000 0.000000 1.000000
0.995375 0.033596 0.090004 0.000000 -0.026427 0.996469 -0.079700 11.373300 -0.092364 0.076953 0.992747 -0.000000 0.000000 0.000000 0.000000 1.000000
0.994703 0.033421 0.097203 0.000000 -0.021723 0.992656 -0.119007 11.373300 -0.100467 0.116265 0.988124 0.000000 0.000000 0.000000 0.000000 1.000000
0.994450 0.026763 0.101746 0.000000 -0.010196 0.987067 -0.159983 11.373300 -0.104712 0.158057 0.981862 0.000000 0.000000 0.000000 0.000000 1.000000
0.994521 0.018940 0.102804 0.000000 0.001511 0.980742 -0.195302 11.373300 -0.104523 0.194388 0.975340 0.000000 0.000000 0.000000 0.000000 1.000000
0.994859 0.008651 0.100901 0.000000 0.013681 0.975729 -0.218552 11.373300 -0.100343 0.218809 0.970595 0.000000 0.000000 0.000000 0.000000 1.000000
0.995393 -0.006556 0.095658 0.000000 0.028643 0.972437 -0.231398 11.373300 -0.091504 0.233072 0.968145 0.000000 0.000000 0.000000 0.000000 1.000000
0.996039 -0.023231 0.085830 0.000000 0.043007 0.970716 -0.236348 11.373300 -0.077826 0.239103 0.967870 0.000000 0.000000 0.000000 0.000000 1.000000
0.996861 -0.037051 0.069970 0.000000 0.052527 0.970741 -0.234312 11.373300 -0.059242 0.237252 0.969640 0.000000 0.000000 0.000000 0.000000 1.000000
0.997744 -0.047070 0.047871 0.000000 0.056893 0.971368 -0.230666 11.373300 -0.035643 0.232869 0.971855 0.000000 0.000000 0.000000 0.000000 1.000000
0.998391 -0.052228 0.022099 -0.000000 0.055929 0.971277 -0.231287 11.373300 -0.009385 0.232151 0.972635 0.000000 0.000000 0.000000 0.000000 1.000000
0.998671 -0.051461 -0.002823 0.000000 0.049378 0.971056 -0.233690 11.373300 0.014768 0.233240 0.972307 -0.000000 0.000000 0.000000 0.000000 1.000000
0.998650 -0.046382 -0.023375 -0.000000 0.039684 0.971732 -0.232729 11.373300 0.033509 0.231488 0.972261 0.000000 0.000000 0.000000 0.000000 1.000000
0.998551 -0.038739 -0.037340 0.000000 0.029077 0.972448 -0.231298 11.373300 0.045272 0.229877 0.972166 0.000000 0.000000 0.000000 0.000000 1.000000
0.998582 -0.026701 -0.046056 -0.000000 0.015190 0.972069 -0.234205 11.373300 0.051023 0.233173 0.971096 0.000000 0.000000 0.000000 0.000000 1.000000
