<?xml version="1.0" encoding="utf-8"?>
<COLLADA xmlns="http://www.collada.org/2005/11/COLLADASchema" version="1.4.1">
  <asset><contributor><author>Mixamo</author><authoring_tool>COLLADA Mixamo exporter</authoring_tool><comments></comments></contributor><created>2019-11-25T05:34:27Z</created><modified>2019-11-25T05:34:27Z</modified><revision></revision><title></title><unit meter="0.010000"/><up_axis>Y_UP</up_axis></asset>
  <library_animations>
    <animation id="mixamorig_Hips-anim" name="mixamorig_Hips"><source id="mixamorig_Hips-Matrix-animation-input"><float_array id="mixamorig_Hips-Matrix-animation-input-array" count="440">

0.000000 0.033333 0.066667 0.100000 0.133333 0.166667 0.200000 0.233333 0.266667 0.300000 0.333333 0.366667 0.400000 0.433333 0.466667 0.500000
0.533333 0.566667 0.600000 0.633333 0.666667 0.700000 0.733333 0.766667 0.800000 0.833333 0.866667 0.900000 0.933333 0.966667 1.000000 1.033333
1.066667 1.100000 1.133333 1.166667 1.200000 1.233333 1.266667 1.300000 1.333333 1.366667 1.400000 1.433333 1.466667 1.500000 1.533333 1.566667
1.600000 1.633333 1.666667 1.700000 1.733333 1.766667 1.800000 1.833333 1.866667 1.900000 1.933333 1.966667 2.000000 2.033333 2.066667 2.100000
2.133333 2.166667 2.200000 2.233333 2.266667 2.300000 2.333333 2.366667 2.400000 2.433333 2.466667 2.500000 2.533333 2.566667 2.600000 2.633333
2.666667 2.700000 2.733333 2.766667 2.800000 2.833333 2.866667 2.900000 2.933333 2.966667 3.000000 3.033333 3.066667 3.100000 3.133333 3.166667
3.200000 3.233333 3.266667 3.300000 3.333333 3.366667 3.400000 3.433333 3.466667 3.500000 3.533333 3.566667 3.600000 3.633333 3.666667 3.700000
3.733333 3.766667 3.800000 3.833333 3.866667 3.900000 3.933333 3.966667 4.000000 4.033333 4.066667 4.100000 4.133333 4.166667 4.200000 4.233333
4.266667 4.300000 4.333333 4.366667 4.400000 4.433333 4.466667 4.500000 4.533333 4.566667 4.600000 4.633333 4.666667 4.700000 4.733333 4.766667
4.800000 4.833333 4.866667 4.900000 4.933333 4.966667 5.000000 5.033333 5.066667 5.100000 5.133333 5.166667 5.200000 5.233333 5.266667 5.300000
5.333333 5.366667 5.400000 5.433333 5.466667 5.500000 5.533333 5.566667 5.600000 5.633333 5.666667 5.700000 5.733333 5.766667 5.800000 5.833333
5.866667 5.900000 5.933333 5.966667 6.000000 6.033333 6.066667 6.100000 6.133333 6.166667 6.200000 6.233333 6.266667 6.300000 6.333333 6.366667
6.400000 6.433333 6.466667 6.500000 6.533333 6.566667 6.600000 6.633333 6.666667 6.700000 6.733333 6.766667 6.800000 6.833333 6.866667 6.900000
6.933333 6.966667 7.000000 7.033333 7.066667 7.100000 7.133333 7.166667 7.200000 7.233333 7.266667 7.300000 7.333333 7.366667 7.400000 7.433333
7.466667 7.500000 7.533333 7.566667 7.600000 7.633333 7.666667 7.700000 7.733333 7.766667 7.800000 7.833333 7.866667 7.900000 7.933333 7.966667
8.000000 8.033333 8.066667 8.100000 8.133333 8.166667 8.200000 8.233333 8.266667 8.300000 8.333333 8.366667 8.400000 8.433333 8.466667 8.500000
8.533333 8.566667 8.600000 8.633333 8.666667 8.700000 8.733333 8.766667 8.800000 8.833333 8.866667 8.900000 8.933333 8.966667 9.000000 9.033333
9.066667 9.100000 9.133333 9.166667 9.200000 9.233333 9.266667 9.300000 9.333333 9.366667 9.400000 9.433333 9.466667 9.500000 9.533333 9.566667
9.600000 9.633333 9.666667 9.700000 9.733333 9.766667 9.800000 9.833333 9.866667 9.900000 9.933333 9.966667 10.000000 10.033333 10.066667 10.100000
10.133333 10.166667 10.200000 10.233333 10.266667 10.300000 10.333333 10.366667 10.400000 10.433333 10.466667 10.500000 10.533333 10.566667 10.600000 10.633333
10.666667 10.700000 10.733333 10.766667 10.800000 10.833333 10.866667 10.900000 10.933333 10.966667 11.000000 11.033333 11.066667 11.100000 11.133333 11.166667
11.200000 11.233333 11.266667 11.300000 11.333333 11.366667 11.400000 11.433333 11.466667 11.500000 11.533333 11.566667 11.600000 11.633333 11.666667 11.700000
11.733333 11.766667 11.800000 11.833333 11.866667 11.900000 11.933333 11.966667 12.000000 12.033333 12.066667 12.100000 12.133333 12.166667 12.200000 12.233333
12.266667 12.300000 12.333333 12.366667 12.400000 12.433333 12.466667 12.500000 12.533333 12.566667 12.600000 12.633333 12.666667 12.700000 12.733333 12.766667
12.800000 12.833333 12.866667 12.900000 12.933333 12.966667 13.000000 13.033333 13.066667 13.100000 13.133333 13.166667 13.200000 13.233333 13.266667 13.300000
13.333333 13.366667 13.400000 13.433333 13.466667 13.500000 13.533333 13.566667 13.600000 13.633333 13.666667 13.700000 13.733333 13.766667 13.800000 13.833333
13.866667 13.900000 13.933333 13.966667 14.000000 14.033333 14.066667 14.100000 14.133333 14.166667 14.200000 14.233333 14.266667 14.300000 14.333333 14.366667
14.400000 14.433333 14.466667 14.500000 14.533333 14.566667 14.600000 14.633333</float_array><technique_common><accessor source="#mixamorig_Hips-Matrix-animation-input-array" count="440"><param name="TIME" type="float"/></accessor></technique_common></source><source id="mixamorig_Hips-Matrix-animation-output-transform"><float_array id="mixamorig_Hips-Matrix-animation-output-transform-array" count="7040">

0.994794 0.101848 0.003456 1.690446 -0.101045 0.981415 0.163139 93.934967 0.013223 -0.162639 0.986597 4.226325 0.000000 0.000000 0.000000 1.000000
0.994780 0.101996 0.003156 1.701863 -0.101154 0.981540 0.162320 93.941826 0.013458 -0.161792 0.986733 4.215648 0.000000 0.000000 0.000000 1.000000
0.994774 0.102073 0.002579 1.713849 -0.101147 0.981657 0.161612 93.951691 0.013965 -0.161028 0.986851 4.206759 0.000000 0.000000 0.000000 1.000000
0.994774 0.102081 0.002070 1.724978 -0.101080 0.981753 0.161072 93.961517 0.014410 -0.160439 0.986941 4.196507 0.000000 0.000000 0.000000 1.000000
0.994776 0.102067 0.001991 1.734568 -0.101055 0.981772 0.160973 93.975250 0.014475 -0.160333 0.986957 4.187690 0.000000 0.000000 0.000000 1.000000
0.994765 0.102170 0.001932 1.739484 -0.101148 0.981777 0.160882 93.990479 0.014541 -0.160236 0.986972 4.175704 0.000000 0.000000 0.000000 1.000000
0.994765 0.102174 0.001555 1.743670 -0.101097 0.981839 0.160537 94.007118 0.014876 -0.159853 0.987029 4.165531 0.000000 0.000000 0.000000 1.000000
0.994767 0.102160 0.001279 1.748788 -0.101050 0.981964 0.159801 94.019829 0.015070 -0.159094 0.987148 4.156646 0.000000 0.000000 0.000000 1.000000
0.994746 0.102369 0.000998 1.754695 -0.101234 0.982172 0.158396 94.030304 0.015234 -0.157665 0.987375 4.148810 0.000000 0.000000 0.000000 1.000000
0.994730 0.102529 0.000521 1.765309 -0.101340 0.982400 0.156909 94.040512 0.015576 -0.156135 0.987613 4.142562 0.000000 0.000000 0.000000 1.000000
0.994703 0.102794 -0.000169 1.776796 -0.101517 0.982609 0.155480 94.053986 0.016148 -0.154640 0.987839 4.141284 0.000000 0.000000 0.000000 1.000000
0.994688 0.102933 -0.001011 1.791337 -0.101549 0.982823 0.154100 94.069221 0.016856 -0.153179 0.988055 4.144261 0.000000 0.000000 0.000000 1.000000
0.994695 0.102852 -0.001570 1.804382 -0.101404 0.983023 0.152914 94.085442 0.017271 -0.151944 0.988238 4.152256 0.000000 0.000000 0.000000 1.000000
0.994700 0.102809 -0.001734 1.813955 -0.101356 0.983200 0.151807 94.099701 0.017312 -0.150827 0.988409 4.162603 0.000000 0.000000 0.000000 1.000000
0.994718 0.102634 -0.001757 1.823473 -0.101196 0.983361 0.150868 94.111771 0.017212 -0.149893 0.988552 4.176345 0.000000 0.000000 0.000000 1.000000
0.994721 0.102612 -0.001377 1.830124 -0.101245 0.983489 0.149998 94.123055 0.016746 -0.149066 0.988685 4.191864 0.000000 0.000000 0.000000 1.000000
0.994717 0.102647 -0.001185 1.834879 -0.101321 0.983588 0.149292 94.134544 0.016489 -0.148383 0.988792 4.211273 0.000000 0.000000 0.000000 1.000000
0.994704 0.102775 -0.001407 1.839020 -0.101425 0.983671 0.148672 94.145432 0.016664 -0.147742 0.988886 4.232286 0.000000 0.000000 0.000000 1.000000
0.994672 0.103072 -0.002118 1.841769 -0.101625 0.983751 0.148008 94.153671 0.017339 -0.147004 0.988984 4.253199 0.000000 0.000000 0.000000 1.000000
0.994648 0.103274 -0.003007 1.849340 -0.101703 0.983815 0.147530 94.158592 0.018194 -0.146435 0.989053 4.269974 0.000000 0.000000 0.000000 1.000000
0.994619 0.103529 -0.003856 1.857559 -0.101836 0.983836 0.147294 94.158226 0.019043 -0.146109 0.989085 4.286419 0.000000 0.000000 0.000000 1.000000
0.994567 0.104000 -0.004591 1.864110 -0.102199 0.983835 0.147050 94.154419 0.019810 -0.145782 0.989118 4.300097 0.000000 0.000000 0.000000 1.000000
0.994508 0.104535 -0.005215 1.867061 -0.102643 0.983832 0.146763 94.149025 0.020473 -0.145422 0.989158 4.310432 0.000000 0.000000 0.000000 1.000000
0.994464 0.104925 -0.005638 1.869911 -0.102968 0.983802 0.146737 94.142273 0.020943 -0.145344 0.989160 4.318413 0.000000 0.000000 0.000000 1.000000
0.994449 0.105075 -0.005530 1.871640 -0.103129 0.983762 0.146889 94.131264 0.020875 -0.145503 0.989138 4.323163 0.000000 0.000000 0.000000 1.000000
0.994466 0.104955 -0.004723 1.872395 -0.103120 0.983705 0.147275 94.118217 0.020104 -0.145973 0.989084 4.324744 0.000000 0.000000 0.000000 1.000000
0.994471 0.104946 -0.003601 1.869202 -0.103262 0.983596 0.147907 94.102448 0.019064 -0.146717 0.988995 4.323755 0.000000 0.000000 0.000000 1.000000
0.994500 0.104710 -0.002487 1.866065 -0.103179 0.983488 0.148681 94.085281 0.018014 -0.147606 0.988882 4.320174 0.000000 0.000000 0.000000 1.000000
0.994537 0.104377 -0.001559 1.859971 -0.102973 0.983392 0.149457 94.068489 0.017133 -0.148480 0.988767 4.313738 0.000000 0.000000 0.000000 1.000000
0.994555 0.104207 -0.000781 1.849838 -0.102910 0.983303 0.150086 94.054382 0.016407 -0.149188 0.988673 4.304601 0.000000 0.000000 0.000000 1.000000
0.994555 0.104216 -0.000264 1.832780 -0.102988 0.983210 0.150640 94.043800 0.015958 -0.149792 0.988589 4.292915 0.000000 0.000000 0.000000 1.000000
0.994548 0.104277 0.000152 1.811888 -0.103104 0.983138 0.151029 94.037872 0.015599 -0.150221 0.988529 4.278731 0.000000 0.000000 0.000000 1.000000
0.994565 0.104114 0.000483 1.790498 -0.102986 0.983083 0.151464 94.035599 0.015294 -0.150690 0.988463 4.261492 0.000000 0.000000 0.000000 1.000000
0.994592 0.103863 0.000451 1.767246 -0.102725 0.983033 0.151969 94.032845 0.015340 -0.151193 0.988385 4.238344 0.000000 0.000000 0.000000 1.000000
0.994612 0.103670 0.000383 1.742738 -0.102512 0.982940 0.152710 94.026749 0.015455 -0.151927 0.988271 4.213565 0.000000 0.000000 0.000000 1.000000
0.994634 0.103460 0.000289 1.715842 -0.102272 0.982790 0.153834 94.019112 0.015632 -0.153038 0.988097 4.189503 0.000000 0.000000 0.000000 1.000000
0.994646 0.103342 0.000214 1.693627 -0.102125 0.982613 0.155058 94.009964 0.015813 -0.154249 0.987905 4.166692 0.000000 0.000000 0.000000 1.000000
0.994657 0.103232 0.000013 1.669550 -0.101965 0.982431 0.156307 94.000275 0.016123 -0.155473 0.987709 4.144420 0.000000 0.000000 0.000000 1.000000
0.994648 0.103317 -0.000394 1.642783 -0.101973 0.982306 0.157086 93.988220 0.016616 -0.156205 0.987585 4.120430 0.000000 0.000000 0.000000 1.000000
0.994623 0.103554 -0.001056 1.619018 -0.102093 0.982192 0.157724 93.982430 0.017370 -0.156768 0.987483 4.099186 0.000000 0.000000 0.000000 1.000000
0.994619 0.103586 -0.001468 1.597657 -0.102046 0.982076 0.158475 93.979683 0.017858 -0.157473 0.987362 4.079322 0.000000 0.000000 0.000000 1.000000
0.994611 0.103665 -0.001869 1.576038 -0.102051 0.981993 0.158981 93.980484 0.018316 -0.157933 0.987280 4.064552 0.000000 0.000000 0.000000 1.000000
0.994620 0.103565 -0.002200 1.553481 -0.101891 0.981927 0.159489 93.981987 0.018678 -0.158407 0.987197 4.055141 0.000000 0.000000 0.000000 1.000000
0.994628 0.103481 -0.002490 1.533009 -0.101745 0.981801 0.160359 93.980972 0.019039 -0.159244 0.987056 4.047082 0.000000 0.000000 0.000000 1.000000
0.994625 0.103501 -0.002809 1.513135 -0.101701 0.981696 0.161024 93.977783 0.019424 -0.159873 0.986946 4.038809 0.000000 0.000000 0.000000 1.000000
0.994626 0.103492 -0.003035 1.494925 -0.101642 0.981590 0.161713 93.976151 0.019715 -0.160535 0.986833 4.031304 0.000000 0.000000 0.000000 1.000000
0.994613 0.103610 -0.003143 1.477987 -0.101731 0.981499 0.162205 93.974731 0.019891 -0.161011 0.986752 4.024021 0.000000 0.000000 0.000000 1.000000
0.994614 0.103597 -0.003130 1.461682 -0.101713 0.981436 0.162598 93.975388 0.019917 -0.161404 0.986687 4.017968 0.000000 0.000000 0.000000 1.000000
0.994607 0.103673 -0.002981 1.443058 -0.101803 0.981353 0.163039 93.975647 0.019829 -0.161856 0.986615 4.011417 0.000000 0.000000 0.000000 1.000000
0.994600 0.103751 -0.002526 1.423115 -0.101948 0.981286 0.163354 93.976273 0.019426 -0.162214 0.986564 4.006221 0.000000 0.000000 0.000000 1.000000
0.994599 0.103773 -0.001887 1.401415 -0.102068 0.981233 0.163595 93.976913 0.018829 -0.162519 0.986526 4.002566 0.000000 0.000000 0.000000 1.000000
0.994603 0.103746 -0.001213 1.380084 -0.102144 0.981164 0.163962 93.974991 0.018200 -0.162954 0.986466 4.001854 0.000000 0.000000 0.000000 1.000000
0.994611 0.103677 -0.000666 1.360792 -0.102160 0.981111 0.164268 93.972656 0.017685 -0.163314 0.986416 4.003417 0.000000 0.000000 0.000000 1.000000
0.994628 0.103509 -0.000187 1.340659 -0.102069 0.981080 0.164511 93.972176 0.017212 -0.163608 0.986375 4.007802 0.000000 0.000000 0.000000 1.000000
0.994629 0.103509 0.000180 1.319244 -0.102124 0.981038 0.164727 93.973373 0.016874 -0.163860 0.986339 4.013117 0.000000 0.000000 0.000000 1.000000
0.994623 0.103557 0.000351 1.300350 -0.102198 0.981014 0.164822 93.975060 0.016724 -0.163972 0.986323 4.021206 0.000000 0.000000 0.000000 1.000000
0.994613 0.103660 0.000316 1.284841 -0.102294 0.981009 0.164794 93.976395 0.016773 -0.163938 0.986328 4.030812 0.000000 0.000000 0.000000 1.000000
0.994587 0.103903 0.000137 1.270082 -0.102509 0.981032 0.164524 93.977608 0.016960 -0.163647 0.986373 4.041682 0.000000 0.000000 0.000000 1.000000
0.994565 0.104113 -0.000197 1.257037 -0.102665 0.981049 0.164326 93.979401 0.017302 -0.163412 0.986406 4.052555 0.000000 0.000000 0.000000 1.000000
0.994559 0.104178 -0.000340 1.246304 -0.102708 0.981061 0.164230 93.980721 0.017443 -0.163301 0.986422 4.062751 0.000000 0.000000 0.000000 1.000000
0.994554 0.104219 -0.000489 1.239126 -0.102730 0.981112 0.163906 93.983551 0.017562 -0.162963 0.986476 4.071075 0.000000 0.000000 0.000000 1.000000
0.994550 0.104262 -0.000837 1.234933 -0.102726 0.981205 0.163353 93.987968 0.017853 -0.162377 0.986567 4.078949 0.000000 0.000000 0.000000 1.000000
0.994535 0.104393 -0.001284 1.231627 -0.102795 0.981314 0.162655 93.993088 0.018240 -0.161634 0.986682 4.088631 0.000000 0.000000 0.000000 1.000000
0.994519 0.104535 -0.001899 1.230657 -0.102849 0.981423 0.161961 94.000710 0.018794 -0.160878 0.986795 4.100662 0.000000 0.000000 0.000000 1.000000
0.994503 0.104679 -0.002566 1.232446 -0.102895 0.981515 0.161371 94.009575 0.019411 -0.160220 0.986891 4.114522 0.000000 0.000000 0.000000 1.000000
0.994496 0.104733 -0.002978 1.235687 -0.102898 0.981631 0.160663 94.020050 0.019750 -0.159472 0.987005 4.129508 0.000000 0.000000 0.000000 1.000000
0.994500 0.104682 -0.003446 1.239708 -0.102786 0.981757 0.159963 94.030884 0.020129 -0.158728 0.987117 4.146687 0.000000 0.000000 0.000000 1.000000
0.994526 0.104421 -0.003855 1.248590 -0.102476 0.981885 0.159375 94.044899 0.020427 -0.158107 0.987211 4.167406 0.000000 0.000000 0.000000 1.000000
0.994558 0.104103 -0.004106 1.262429 -0.102137 0.982036 0.158664 94.056992 0.020549 -0.157381 0.987324 4.189348 0.000000 0.000000 0.000000 1.000000
0.994552 0.104131 -0.004768 1.278992 -0.102074 0.982146 0.158017 94.067406 0.021137 -0.156669 0.987425 4.215887 0.000000 0.000000 0.000000 1.000000
0.994538 0.104210 -0.005911 1.299754 -0.101993 0.982293 0.157153 94.076767 0.022183 -0.155691 0.987557 4.245414 0.000000 0.000000 0.000000 1.000000
0.994521 0.104287 -0.007258 1.321091 -0.101877 0.982423 0.156419 94.085541 0.023443 -0.154823 0.987664 4.278894 0.000000 0.000000 0.000000 1.000000
0.994485 0.104504 -0.008820 1.343258 -0.101865 0.982522 0.155802 94.091019 0.024948 -0.154045 0.987749 4.317038 0.000000 0.000000 0.000000 1.000000
0.994487 0.104430 -0.009447 1.376449 -0.101712 0.982642 0.155143 94.092117 0.025484 -0.153327 0.987847 4.354801 0.000000 0.000000 0.000000 1.000000
0.994501 0.104245 -0.010032 1.409991 -0.101458 0.982780 0.154431 94.093407 0.025958 -0.152564 0.987953 4.395219 0.000000 0.000000 0.000000 1.000000
0.994523 0.103997 -0.010437 1.440787 -0.101173 0.982932 0.153651 94.099960 0.026238 -0.151754 0.988070 4.435276 0.000000 0.000000 0.000000 1.000000
0.994589 0.103333 -0.010734 1.476912 -0.100492 0.983124 0.152867 94.108826 0.026349 -0.150962 0.988188 4.474491 0.000000 0.000000 0.000000 1.000000
0.994667 0.102519 -0.011310 1.513198 -0.099617 0.983309 0.152249 94.118095 0.026729 -0.150310 0.988277 4.515004 0.000000 0.000000 0.000000 1.000000
0.994729 0.101802 -0.012245 1.547215 -0.098786 0.983492 0.151605 94.127769 0.027477 -0.149596 0.988365 4.555617 0.000000 0.000000 0.000000 1.000000
0.994819 0.100793 -0.013245 1.582947 -0.097656 0.983701 0.150985 94.137825 0.028248 -0.148909 0.988447 4.596994 0.000000 0.000000 0.000000 1.000000
0.994973 0.099146 -0.014085 1.624559 -0.095918 0.983951 0.150469 94.145523 0.028777 -0.148362 0.988514 4.635828 0.000000 0.000000 0.000000 1.000000
0.995151 0.097207 -0.015030 1.663494 -0.093869 0.984199 0.150134 94.151367 0.029387 -0.147996 0.988551 4.674687 0.000000 0.000000 0.000000 1.000000
0.995306 0.095312 -0.016776 1.696438 -0.091751 0.984465 0.149700 94.157463 0.030784 -0.147458 0.988589 4.715006 0.000000 0.000000 0.000000 1.000000
0.995510 0.092872 -0.018282 1.737059 -0.089126 0.984758 0.149356 94.168663 0.031874 -0.147056 0.988614 4.752021 0.000000 0.000000 0.000000 1.000000
0.995724 0.090192 -0.019980 1.777277 -0.086236 0.985064 0.149041 94.185226 0.033123 -0.146681 0.988629 4.794724 0.000000 0.000000 0.000000 1.000000
0.995961 0.087080 -0.021899 1.820431 -0.082889 0.985412 0.148637 94.208878 0.034522 -0.146222 0.988649 4.839574 0.000000 0.000000 0.000000 1.000000
0.996211 0.083625 -0.023899 1.871581 -0.079196 0.985789 0.148150 94.242050 0.035949 -0.145696 0.988676 4.885314 0.000000 0.000000 0.000000 1.000000
0.996483 0.079705 -0.025865 1.934690 -0.075034 0.986126 0.148070 94.280113 0.037308 -0.145608 0.988639 4.930794 0.000000 0.000000 0.000000 1.000000
0.996738 0.075584 -0.028277 2.003486 -0.070594 0.986419 0.148307 94.323570 0.039102 -0.145827 0.988537 4.971921 0.000000 0.000000 0.000000 1.000000
0.996957 0.071305 -0.031500 2.077239 -0.065884 0.986729 0.148411 94.369759 0.041664 -0.145884 0.988424 5.009927 0.000000 0.000000 0.000000 1.000000
0.997204 0.066396 -0.034302 2.167860 -0.060609 0.987044 0.148564 94.419220 0.043721 -0.146070 0.988308 5.040249 0.000000 0.000000 0.000000 1.000000
0.997467 0.060915 -0.036722 2.273452 -0.054835 0.987400 0.148441 94.472580 0.045301 -0.146051 0.988239 5.064429 0.000000 0.000000 0.000000 1.000000
0.997682 0.055329 -0.039621 2.393001 -0.048897 0.987762 0.148108 94.528870 0.047331 -0.145827 0.988177 5.089426 0.000000 0.000000 0.000000 1.000000
0.997780 0.050177 -0.043788 2.521019 -0.043217 0.988113 0.147527 94.582031 0.050670 -0.145307 0.988088 5.117327 0.000000 0.000000 0.000000 1.000000
0.997894 0.044371 -0.047323 2.680031 -0.036976 0.988435 0.147070 94.638367 0.053301 -0.145011 0.987993 5.126606 0.000000 0.000000 0.000000 1.000000
0.997827 0.039586 -0.052678 2.842861 -0.031499 0.988732 0.146347 94.699234 0.057878 -0.144369 0.987830 5.137872 0.000000 0.000000 0.000000 1.000000
0.997751 0.034298 -0.057592 3.026603 -0.025590 0.989003 0.145664 94.755478 0.061954 -0.143862 0.987656 5.142207 0.000000 0.000000 0.000000 1.000000
0.997641 0.029157 -0.062143 3.230882 -0.019853 0.989176 0.145383 94.810402 0.065709 -0.143806 0.987422 5.138706 0.000000 0.000000 0.000000 1.000000
0.997509 0.024078 -0.066306 3.453404 -0.014221 0.989284 0.145312 94.857277 0.069094 -0.144007 0.987162 5.134205 0.000000 0.000000 0.000000 1.000000
0.997346 0.019259 -0.070216 3.695688 -0.008873 0.989343 0.145332 94.898361 0.072267 -0.144324 0.986888 5.125159 0.000000 0.000000 0.000000 1.000000
0.997137 0.015101 -0.074090 3.957073 -0.004191 0.989385 0.145259 94.932266 0.075497 -0.144532 0.986616 5.101727 0.000000 0.000000 0.000000 1.000000
0.996906 0.011326 -0.077780 4.235547 0.000082 0.989413 0.145128 94.961800 0.078600 -0.144685 0.986351 5.073198 0.000000 0.000000 0.000000 1.000000
0.996625 0.007602 -0.081733 4.525271 0.004354 0.989405 0.145114 94.990845 0.081970 -0.144980 0.986033 5.042960 0.000000 0.000000 0.000000 1.000000
0.996325 0.003996 -0.085558 4.822091 0.008460 0.989436 0.144726 95.011223 0.085232 -0.144918 0.985766 5.006522 0.000000 0.000000 0.000000 1.000000
0.995980 0.000662 -0.089573 5.124807 0.012312 0.989469 0.144220 95.026566 0.088725 -0.144743 0.985483 4.962426 0.000000 0.000000 0.000000 1.000000
0.995606 -0.002229 -0.093617 5.435141 0.015706 0.989529 0.143476 95.036842 0.092317 -0.144316 0.985216 4.915530 0.000000 0.000000 0.000000 1.000000
0.995217 -0.005035 -0.097562 5.737484 0.019024 0.989540 0.142996 95.042450 0.095821 -0.144168 0.984903 4.862850 0.000000 0.000000 0.000000 1.000000
0.994781 -0.007863 -0.101731 6.030242 0.022413 0.989515 0.142679 95.036148 0.099543 -0.144214 0.984527 4.806020 0.000000 0.000000 0.000000 1.000000
0.994269 -0.011102 -0.106329 6.319039 0.026295 0.989435 0.142571 95.022865 0.103623 -0.144550 0.984057 4.740398 0.000000 0.000000 0.000000 1.000000
0.993684 -0.014177 -0.111317 6.599170 0.030061 0.989362 0.142336 95.004883 0.108115 -0.144784 0.983539 4.664794 0.000000 0.000000 0.000000 1.000000
0.993038 -0.017014 -0.116556 6.873537 0.033640 0.989265 0.142205 94.978783 0.112886 -0.145136 0.982951 4.591033 0.000000 0.000000 0.000000 1.000000
0.992404 -0.019950 -0.121395 7.139153 0.037329 0.989073 0.142622 94.951683 0.117224 -0.146070 0.982305 4.530663 0.000000 0.000000 0.000000 1.000000
0.991782 -0.022648 -0.125917 7.392949 0.040742 0.988878 0.143040 94.925064 0.121277 -0.146994 0.981674 4.472104 0.000000 0.000000 0.000000 1.000000
0.991193 -0.025645 -0.129917 7.637167 0.044309 0.988748 0.142876 94.893929 0.124791 -0.147374 0.981177 4.412955 0.000000 0.000000 0.000000 1.000000
0.990556 -0.028406 -0.134132 7.878397 0.047709 0.988576 0.142976 94.865021 0.128538 -0.148025 0.980595 4.364260 0.000000 0.000000 0.000000 1.000000
0.989800 -0.030931 -0.139064 8.123566 0.051042 0.988338 0.143467 94.832527 0.133005 -0.149102 0.979836 4.327573 0.000000 0.000000 0.000000 1.000000
0.988892 -0.033849 -0.144733 8.361392 0.054891 0.988060 0.143962 94.799728 0.138132 -0.150307 0.978942 4.299948 0.000000 0.000000 0.000000 1.000000
0.987984 -0.036895 -0.150090 8.591697 0.058791 0.987804 0.144174 94.765587 0.142941 -0.151265 0.978104 4.284610 0.000000 0.000000 0.000000 1.000000
0.987121 -0.039712 -0.154967 8.819697 0.062399 0.987550 0.144401 94.729622 0.147303 -0.152211 0.977309 4.278301 0.000000 0.000000 0.000000 1.000000
0.986342 -0.042823 -0.159048 9.037221 0.066145 0.987311 0.144368 94.689606 0.150848 -0.152916 0.976658 4.281980 0.000000 0.000000 0.000000 1.000000
0.985667 -0.045987 -0.162314 9.236812 0.069830 0.987053 0.144394 94.650818 0.153573 -0.153658 0.976117 4.287790 0.000000 0.000000 0.000000 1.000000
0.984996 -0.048452 -0.165637 9.425357 0.072855 0.986806 0.144589 94.612923 0.156446 -0.154487 0.975530 4.293309 0.000000 0.000000 0.000000 1.000000
0.984300 -0.050417 -0.169148 9.608566 0.075458 0.986543 0.145049 94.573479 0.159559 -0.155536 0.974859 4.301991 0.000000 0.000000 0.000000 1.000000
0.983684 -0.051984 -0.172229 9.786328 0.077661 0.986249 0.145882 94.537323 0.162277 -0.156877 0.974195 4.323397 0.000000 0.000000 0.000000 1.000000
0.983182 -0.053194 -0.174709 9.956328 0.079336 0.986063 0.146239 94.497948 0.164495 -0.157640 0.973700 4.351213 0.000000 0.000000 0.000000 1.000000
0.982632 -0.054029 -0.177527 10.118057 0.080674 0.985918 0.146483 94.454033 0.167113 -0.158260 0.973153 4.378788 0.000000 0.000000 0.000000 1.000000
0.982031 -0.054456 -0.180692 10.274547 0.081757 0.985713 0.147264 94.402527 0.170091 -0.159390 0.972452 4.417905 0.000000 0.000000 0.000000 1.000000
0.981394 -0.054739 -0.184037 10.429908 0.082757 0.985491 0.148188 94.342178 0.173255 -0.160661 0.971684 4.469864 0.000000 0.000000 0.000000 1.000000
0.980804 -0.054673 -0.187177 10.590175 0.083342 0.985334 0.148902 94.279594 0.176291 -0.161644 0.970975 4.532698 0.000000 0.000000 0.000000 1.000000
0.980173 -0.054882 -0.190390 10.758836 0.084192 0.985177 0.149456 94.217049 0.179365 -0.162522 0.970265 4.600106 0.000000 0.000000 0.000000 1.000000
0.979535 -0.055091 -0.193590 10.922009 0.085085 0.984985 0.150216 94.158974 0.182407 -0.163613 0.969515 4.675710 0.000000 0.000000 0.000000 1.000000
0.978971 -0.055237 -0.196378 11.076357 0.085788 0.984859 0.150645 94.105354 0.185083 -0.164324 0.968887 4.758607 0.000000 0.000000 0.000000 1.000000
0.978427 -0.055607 -0.198967 11.233132 0.086657 0.984739 0.150927 94.065002 0.187538 -0.164913 0.968315 4.848874 0.000000 0.000000 0.000000 1.000000
0.977847 -0.056071 -0.201674 11.386040 0.087601 0.984646 0.150990 94.038193 0.190111 -0.165311 0.967745 4.939533 0.000000 0.000000 0.000000 1.000000
0.977157 -0.055994 -0.205008 11.532153 0.088098 0.984602 0.150989 94.009369 0.193397 -0.165601 0.967044 5.034245 0.000000 0.000000 0.000000 1.000000
0.976474 -0.055884 -0.208267 11.680102 0.088532 0.984577 0.150897 93.981613 0.196622 -0.165786 0.966362 5.135035 0.000000 0.000000 0.000000 1.000000
0.975890 -0.055741 -0.211024 11.819168 0.088856 0.984555 0.150852 93.953636 0.199356 -0.165966 0.965770 5.241756 0.000000 0.000000 0.000000 1.000000
0.975389 -0.055170 -0.213479 11.953808 0.088710 0.984565 0.150870 93.927467 0.201860 -0.166095 0.965228 5.351692 0.000000 0.000000 0.000000 1.000000
0.974836 -0.054578 -0.216139 12.089611 0.088570 0.984581 0.150851 93.900322 0.204573 -0.166198 0.964639 5.460509 0.000000 0.000000 0.000000 1.000000
0.974346 -0.053953 -0.218494 12.224004 0.088354 0.984597 0.150872 93.874352 0.206989 -0.166307 0.964105 5.571009 0.000000 0.000000 0.000000 1.000000
0.973857 -0.053114 -0.220865 12.358188 0.087858 0.984685 0.150589 93.845512 0.209484 -0.166056 0.963609 5.675451 0.000000 0.000000 0.000000 1.000000
0.973441 -0.052142 -0.222921 12.492187 0.087210 0.984758 0.150487 93.813110 0.211676 -0.165931 0.963151 5.775718 0.000000 0.000000 0.000000 1.000000
0.973069 -0.050676 -0.224874 12.630751 0.086110 0.984825 0.150682 93.778595 0.213825 -0.165988 0.962666 5.867400 0.000000 0.000000 0.000000 1.000000
0.972669 -0.049396 -0.226879 12.772912 0.085217 0.984866 0.150918 93.739395 0.215991 -0.166128 0.962159 5.951345 0.000000 0.000000 0.000000 1.000000
0.972156 -0.047847 -0.229400 12.919808 0.084189 0.984888 0.151356 93.700150 0.218691 -0.166455 0.961492 6.029977 0.000000 0.000000 0.000000 1.000000
0.971578 -0.046614 -0.232085 13.070618 0.083492 0.984892 0.151711 93.673622 0.221507 -0.166776 0.960791 6.100381 0.000000 0.000000 0.000000 1.000000
0.971095 -0.045382 -0.234341 13.216290 0.082672 0.984941 0.151847 93.654427 0.223920 -0.166831 0.960222 6.160725 0.000000 0.000000 0.000000 1.000000
0.970767 -0.044118 -0.235933 13.354523 0.081695 0.985006 0.151951 93.632408 0.225692 -0.166783 0.959816 6.210143 0.000000 0.000000 0.000000 1.000000
0.970636 -0.043249 -0.236632 13.485518 0.080861 0.985124 0.151633 93.613876 0.226554 -0.166315 0.959694 6.250816 0.000000 0.000000 0.000000 1.000000
0.970595 -0.042327 -0.236969 13.607410 0.079791 0.985337 0.150812 93.604118 0.227111 -0.165285 0.959740 6.275487 0.000000 0.000000 0.000000 1.000000
0.970541 -0.041403 -0.237354 13.723167 0.078680 0.985580 0.149803 93.601501 0.227729 -0.164065 0.959803 6.302227 0.000000 0.000000 0.000000 1.000000
0.970557 -0.040331 -0.237470 13.824415 0.077466 0.985770 0.149189 93.603966 0.228074 -0.163192 0.959870 6.327251 0.000000 0.000000 0.000000 1.000000
0.970620 -0.039355 -0.237379 13.919238 0.076280 0.985976 0.148436 93.606071 0.228208 -0.162183 0.960009 6.347804 0.000000 0.000000 0.000000 1.000000
0.970702 -0.038305 -0.237215 14.007333 0.075011 0.986183 0.147702 93.618195 0.228280 -0.161168 0.960163 6.363506 0.000000 0.000000 0.000000 1.000000
0.970699 -0.037173 -0.237405 14.089362 0.073700 0.986402 0.146896 93.632027 0.228716 -0.160089 0.960240 6.368598 0.000000 0.000000 0.000000 1.000000
0.970706 -0.035753 -0.237596 14.158614 0.072151 0.986604 0.146313 93.647903 0.229182 -0.159169 0.960282 6.373123 0.000000 0.000000 0.000000 1.000000
0.970691 -0.034305 -0.237869 14.224710 0.070567 0.986816 0.145653 93.668571 0.229736 -0.158170 0.960314 6.377384 0.000000 0.000000 0.000000 1.000000
0.970675 -0.032702 -0.238159 14.279753 0.068821 0.987041 0.144964 93.690628 0.230332 -0.157104 0.960347 6.380444 0.000000 0.000000 0.000000 1.000000
0.970612 -0.031657 -0.238558 14.335625 0.067623 0.987246 0.144125 93.707603 0.230953 -0.156021 0.960374 6.386354 0.000000 0.000000 0.000000 1.000000
0.970512 -0.030737 -0.239085 14.383059 0.066656 0.987383 0.143636 93.725670 0.231653 -0.155337 0.960316 6.395251 0.000000 0.000000 0.000000 1.000000
0.970453 -0.030122 -0.239403 14.431318 0.065916 0.987533 0.142948 93.740242 0.232112 -0.154505 0.960340 6.401975 0.000000 0.000000 0.000000 1.000000
0.970399 -0.029539 -0.239694 14.475257 0.065152 0.987714 0.142044 93.755997 0.232553 -0.153456 0.960401 6.413223 0.000000 0.000000 0.000000 1.000000
0.970325 -0.028901 -0.240071 14.520198 0.064359 0.987887 0.141202 93.776535 0.233082 -0.152463 0.960431 6.423153 0.000000 0.000000 0.000000 1.000000
0.970262 -0.028483 -0.240373 14.560728 0.063808 0.988025 0.140483 93.795013 0.233493 -0.151643 0.960461 6.428320 0.000000 0.000000 0.000000 1.000000
0.970215 -0.028036 -0.240619 14.599054 0.063255 0.988140 0.139921 93.809349 0.233842 -0.150974 0.960481 6.441941 0.000000 0.000000 0.000000 1.000000
0.970204 -0.027538 -0.240718 14.635168 0.062699 0.988213 0.139657 93.823067 0.234035 -0.150589 0.960495 6.458664 0.000000 0.000000 0.000000 1.000000
0.970159 -0.026575 -0.241007 14.664552 0.061792 0.988254 0.139769 93.832298 0.234462 -0.150491 0.960406 6.477313 0.000000 0.000000 0.000000 1.000000
0.969958 -0.025585 -0.241923 14.689157 0.060964 0.988286 0.139908 93.831078 0.235510 -0.150454 0.960156 6.498283 0.000000 0.000000 0.000000 1.000000
0.969697 -0.024810 -0.243047 14.708808 0.060448 0.988263 0.140292 93.825310 0.236714 -0.150732 0.959816 6.523162 0.000000 0.000000 0.000000 1.000000
0.969444 -0.024078 -0.244128 14.725605 0.060040 0.988194 0.140955 93.815735 0.237852 -0.151306 0.959444 6.549692 0.000000 0.000000 0.000000 1.000000
0.969200 -0.023424 -0.245157 14.741429 0.059674 0.988138 0.141500 93.799141 0.238934 -0.151771 0.959102 6.573694 0.000000 0.000000 0.000000 1.000000
0.969029 -0.022795 -0.245894 14.755475 0.059267 0.988096 0.141966 93.783592 0.239730 -0.152142 0.958844 6.594416 0.000000 0.000000 0.000000 1.000000
0.968879 -0.022203 -0.246539 14.770144 0.058883 0.988053 0.142421 93.770447 0.240431 -0.152505 0.958611 6.612695 0.000000 0.000000 0.000000 1.000000
0.968799 -0.021709 -0.246895 14.786725 0.058504 0.988037 0.142691 93.759155 0.240844 -0.152684 0.958479 6.626335 0.000000 0.000000 0.000000 1.000000
0.968768 -0.021303 -0.247051 14.805577 0.058115 0.988060 0.142689 93.749283 0.241061 -0.152590 0.958439 6.637034 0.000000 0.000000 0.000000 1.000000
0.968771 -0.021116 -0.247057 14.825953 0.057935 0.988065 0.142727 93.740303 0.241095 -0.152583 0.958432 6.643642 0.000000 0.000000 0.000000 1.000000
0.968821 -0.020969 -0.246872 14.842506 0.057782 0.988059 0.142832 93.730103 0.240929 -0.152644 0.958464 6.647285 0.000000 0.000000 0.000000 1.000000
0.968922 -0.020924 -0.246481 14.857790 0.057730 0.988029 0.143062 93.718666 0.240537 -0.152845 0.958530 6.650321 0.000000 0.000000 0.000000 1.000000
0.969049 -0.020786 -0.245992 14.870668 0.057630 0.987965 0.143541 93.705086 0.240047 -0.153274 0.958585 6.650267 0.000000 0.000000 0.000000 1.000000
0.969171 -0.020737 -0.245516 14.883119 0.057646 0.987880 0.144116 93.690498 0.239552 -0.153826 0.958620 6.647586 0.000000 0.000000 0.000000 1.000000
0.969335 -0.020859 -0.244856 14.893824 0.057863 0.987750 0.144923 93.673965 0.238833 -0.154647 0.958667 6.642088 0.000000 0.000000 0.000000 1.000000
0.969485 -0.020900 -0.244259 14.904158 0.057982 0.987639 0.145625 93.655724 0.238196 -0.155344 0.958713 6.632154 0.000000 0.000000 0.000000 1.000000
0.969578 -0.020889 -0.243888 14.915954 0.058053 0.987549 0.146208 93.635918 0.237797 -0.155919 0.958719 6.622480 0.000000 0.000000 0.000000 1.000000
0.969666 -0.021014 -0.243528 14.928999 0.058317 0.987416 0.146998 93.618340 0.237374 -0.156741 0.958690 6.611336 0.000000 0.000000 0.000000 1.000000
0.969744 -0.021000 -0.243218 14.941479 0.058490 0.987261 0.147967 93.601273 0.237012 -0.157716 0.958619 6.596222 0.000000 0.000000 0.000000 1.000000
0.969820 -0.020941 -0.242920 14.951134 0.058603 0.987119 0.148868 93.585487 0.236674 -0.158612 0.958555 6.579606 0.000000 0.000000 0.000000 1.000000
0.969926 -0.020867 -0.242505 14.960390 0.058633 0.987010 0.149580 93.569916 0.236234 -0.159300 0.958549 6.560994 0.000000 0.000000 0.000000 1.000000
0.970023 -0.020930 -0.242111 14.969134 0.058785 0.986905 0.150209 93.553101 0.235797 -0.159939 0.958551 6.539882 0.000000 0.000000 0.000000 1.000000
0.970112 -0.020919 -0.241754 14.978472 0.058858 0.986811 0.150798 93.536736 0.235411 -0.160520 0.958548 6.518040 0.000000 0.000000 0.000000 1.000000
0.970200 -0.020516 -0.241436 14.986388 0.058465 0.986790 0.151086 93.520935 0.235147 -0.160699 0.958583 6.490899 0.000000 0.000000 0.000000 1.000000
0.970259 -0.020103 -0.241232 14.993176 0.058117 0.986744 0.151522 93.506958 0.234988 -0.161035 0.958566 6.467388 0.000000 0.000000 0.000000 1.000000
0.970295 -0.019740 -0.241120 14.999327 0.057883 0.986661 0.152152 93.491196 0.234900 -0.161589 0.958494 6.442893 0.000000 0.000000 0.000000 1.000000
0.970327 -0.019666 -0.240994 15.008014 0.057947 0.986556 0.152806 93.475510 0.234749 -0.162237 0.958422 6.417810 0.000000 0.000000 0.000000 1.000000
0.970436 -0.019625 -0.240560 15.016979 0.057957 0.986475 0.153325 93.459839 0.234298 -0.162734 0.958448 6.390927 0.000000 0.000000 0.000000 1.000000
0.970621 -0.019925 -0.239787 15.025310 0.058200 0.986415 0.153619 93.441635 0.233469 -0.163061 0.958594 6.359128 0.000000 0.000000 0.000000 1.000000
0.970874 -0.020267 -0.238732 15.032107 0.058472 0.986329 0.154062 93.423653 0.232346 -0.163534 0.958787 6.327905 0.000000 0.000000 0.000000 1.000000
0.971193 -0.020573 -0.237403 15.036728 0.058670 0.986242 0.154547 93.408264 0.230958 -0.164024 0.959038 6.298026 0.000000 0.000000 0.000000 1.000000
0.971532 -0.020773 -0.235995 15.039042 0.058642 0.986235 0.154603 93.393196 0.229535 -0.164041 0.959377 6.265293 0.000000 0.000000 0.000000 1.000000
0.971888 -0.020988 -0.234508 15.040565 0.058614 0.986228 0.154656 93.377640 0.228032 -0.164054 0.959733 6.233443 0.000000 0.000000 0.000000 1.000000
0.972162 -0.021164 -0.233352 15.041970 0.058646 0.986191 0.154879 93.364029 0.226852 -0.164253 0.959979 6.202770 0.000000 0.000000 0.000000 1.000000
0.972387 -0.021249 -0.232403 15.044331 0.058598 0.986174 0.155008 93.353607 0.225896 -0.164346 0.960188 6.174615 0.000000 0.000000 0.000000 1.000000
0.972554 -0.021151 -0.231714 15.044422 0.058381 0.986185 0.155020 93.345100 0.225234 -0.164293 0.960353 6.151354 0.000000 0.000000 0.000000 1.000000
0.972682 -0.021073 -0.231183 15.045760 0.058224 0.986185 0.155079 93.339409 0.224721 -0.164303 0.960471 6.131187 0.000000 0.000000 0.000000 1.000000
0.972821 -0.020938 -0.230609 15.046588 0.058031 0.986166 0.155268 93.338135 0.224167 -0.164430 0.960579 6.111306 0.000000 0.000000 0.000000 1.000000
0.972947 -0.020743 -0.230093 15.046982 0.057785 0.986154 0.155439 93.337433 0.223683 -0.164530 0.960675 6.091990 0.000000 0.000000 0.000000 1.000000
0.973049 -0.020565 -0.229679 15.049603 0.057597 0.986121 0.155719 93.337753 0.223289 -0.164751 0.960728 6.076727 0.000000 0.000000 0.000000 1.000000
0.973146 -0.020390 -0.229284 15.051551 0.057411 0.986091 0.155975 93.342484 0.222915 -0.164950 0.960781 6.061975 0.000000 0.000000 0.000000 1.000000
0.973197 -0.020205 -0.229084 15.054755 0.057238 0.986067 0.156192 93.346519 0.222736 -0.165118 0.960794 6.048150 0.000000 0.000000 0.000000 1.000000
0.973217 -0.019945 -0.229021 15.059082 0.057035 0.986030 0.156497 93.350266 0.222700 -0.165367 0.960759 6.037766 0.000000 0.000000 0.000000 1.000000
0.973212 -0.019656 -0.229070 15.064453 0.056845 0.985976 0.156907 93.356651 0.222773 -0.165726 0.960681 6.028665 0.000000 0.000000 0.000000 1.000000
0.973192 -0.019384 -0.229175 15.068221 0.056694 0.985912 0.157361 93.362587 0.222896 -0.166135 0.960581 6.022907 0.000000 0.000000 0.000000 1.000000
0.973222 -0.019129 -0.229070 15.070363 0.056549 0.985830 0.157930 93.368423 0.222803 -0.166655 0.960513 6.022983 0.000000 0.000000 0.000000 1.000000
0.973301 -0.018991 -0.228745 15.072516 0.056480 0.985745 0.158480 93.373398 0.222474 -0.167169 0.960500 6.026723 0.000000 0.000000 0.000000 1.000000
0.973351 -0.018970 -0.228533 15.073848 0.056507 0.985685 0.158847 93.378540 0.222249 -0.167527 0.960490 6.030786 0.000000 0.000000 0.000000 1.000000
0.973447 -0.019052 -0.228119 15.075306 0.056598 0.985623 0.159200 93.384094 0.221806 -0.167884 0.960530 6.037601 0.000000 0.000000 0.000000 1.000000
0.973614 -0.019204 -0.227393 15.076871 0.056649 0.985602 0.159311 93.388733 0.221059 -0.167989 0.960683 6.044296 0.000000 0.000000 0.000000 1.000000
0.973790 -0.019309 -0.226629 15.071919 0.056566 0.985645 0.159076 93.392151 0.220304 -0.167726 0.960903 6.048607 0.000000 0.000000 0.000000 1.000000
0.973944 -0.019412 -0.225958 15.066359 0.056446 0.985726 0.158615 93.395424 0.219654 -0.167236 0.961137 6.052129 0.000000 0.000000 0.000000 1.000000
0.974102 -0.019679 -0.225251 15.061463 0.056514 0.985776 0.158275 93.399315 0.218932 -0.166906 0.961359 6.054217 0.000000 0.000000 0.000000 1.000000
0.974234 -0.019873 -0.224664 15.055257 0.056493 0.985858 0.157772 93.406204 0.218352 -0.166398 0.961579 6.057024 0.000000 0.000000 0.000000 1.000000
0.974330 -0.019828 -0.224252 15.046663 0.056205 0.985995 0.157020 93.410339 0.217998 -0.165593 0.961798 6.061042 0.000000 0.000000 0.000000 1.000000
0.974393 -0.019698 -0.223987 15.036656 0.055860 0.986132 0.156281 93.415222 0.217803 -0.164791 0.961980 6.065456 0.000000 0.000000 0.000000 1.000000
0.974385 -0.019654 -0.224024 15.028775 0.055698 0.986227 0.155734 93.421875 0.217878 -0.164223 0.962060 6.073149 0.000000 0.000000 0.000000 1.000000
0.974366 -0.019340 -0.224136 15.018428 0.055353 0.986280 0.155526 93.430885 0.218053 -0.163946 0.962068 6.085477 0.000000 0.000000 0.000000 1.000000
0.974359 -0.019069 -0.224188 15.002326 0.055067 0.986309 0.155439 93.441246 0.218155 -0.163799 0.962070 6.102731 0.000000 0.000000 0.000000 1.000000
0.974391 -0.018901 -0.224066 14.986175 0.054794 0.986382 0.155074 93.450806 0.218084 -0.163380 0.962157 6.117830 0.000000 0.000000 0.000000 1.000000
0.974463 -0.018689 -0.223768 14.969909 0.054408 0.986487 0.154542 93.457947 0.217856 -0.162770 0.962312 6.132028 0.000000 0.000000 0.000000 1.000000
0.974536 -0.018622 -0.223456 14.951632 0.054133 0.986609 0.153861 93.465332 0.217598 -0.162040 0.962494 6.148034 0.000000 0.000000 0.000000 1.000000
0.974614 -0.018854 -0.223097 14.934153 0.054079 0.986768 0.152856 93.473808 0.217263 -0.161040 0.962737 6.163022 0.000000 0.000000 0.000000 1.000000
0.974670 -0.019025 -0.222835 14.913802 0.053972 0.986935 0.151812 93.481110 0.217036 -0.159994 0.962963 6.177958 0.000000 0.000000 0.000000 1.000000
0.974714 -0.019209 -0.222629 14.893197 0.053959 0.987048 0.151079 93.484451 0.216844 -0.159271 0.963126 6.194490 0.000000 0.000000 0.000000 1.000000
0.974788 -0.019542 -0.222277 14.875467 0.054109 0.987127 0.150505 93.485886 0.216475 -0.158738 0.963297 6.211376 0.000000 0.000000 0.000000 1.000000
0.974879 -0.019748 -0.221859 14.855614 0.054134 0.987203 0.149996 93.486267 0.216058 -0.158238 0.963473 6.226875 0.000000 0.000000 0.000000 1.000000
0.974965 -0.019959 -0.221459 14.834279 0.054161 0.987283 0.149465 93.484451 0.215660 -0.157718 0.963647 6.243425 0.000000 0.000000 0.000000 1.000000
0.975035 -0.020128 -0.221137 14.812842 0.054169 0.987356 0.148975 93.484932 0.215343 -0.157234 0.963797 6.263628 0.000000 0.000000 0.000000 1.000000
