<?xml version="1.0" encoding="utf-8"?>
<COLLADA xmlns="http://www.collada.org/2005/11/COLLADASchema" version="1.4.1">
  <asset><contributor><author>Mixamo</author><authoring_tool>COLLADA Mixamo exporter</authoring_tool><comments></comments></contributor><created>2019-11-25T05:39:00Z</created><modified>2019-11-25T05:39:00Z</modified><revision></revision><title></title><unit meter="0.010000"/><up_axis>Y_UP</up_axis></asset>
  <library_animations>
    <animation id="mixamorig_Hips-anim" name="mixamorig_Hips"><source id="mixamorig_Hips-Matrix-animation-input"><float_array id="mixamorig_Hips-Matrix-animation-input-array" count="37">

0.000000 0.033333 0.066667 0.100000 0.133333 0.166667 0.200000 0.233333 0.266667 0.300000 0.333333 0.366667 0.400000 0.433333 0.466667 0.500000
0.533333 0.566667 0.600000 0.633333 0.666667 0.700000 0.733333 0.766667 0.800000 0.833333 0.866667 0.900000 0.933333 0.966667 1.000000 1.033333
1.066667 1.100000 1.133333 1.166667 1.200000</float_array><technique_common><accessor source="#mixamorig_Hips-Matrix-animation-input-array" count="37"><param name="TIME" type="float"/></accessor></technique_common></source><source id="mixamorig_Hips-Matrix-animation-output-transform"><float_array id="mixamorig_Hips-Matrix-animation-output-transform-array" count="592">

0.996171 0.075984 -0.043232 -0.626367 -0.073482 0.995679 0.056784 93.230476 0.047360 -0.053390 0.997450 0.707865 0.000000 0.000000 0.000000 1.000000
0.995844 0.045424 -0.078937 -0.145500 -0.040941 0.997505 0.057516 93.804192 0.081353 -0.054045 0.995219 0.067452 0.000000 0.000000 0.000000 1.000000
0.993667 0.014469 -0.111433 0.320277 -0.008189 0.998363 0.056608 94.346367 0.112070 -0.055337 0.992158 -0.560748 0.000000 0.000000 0.000000 1.000000
0.990563 -0.013921 -0.136346 0.739282 0.021286 0.998383 0.052711 94.807091 0.135392 -0.055116 0.989258 -1.162056 0.000000 0.000000 0.000000 1.000000
0.987965 -0.038306 -0.149859 1.085912 0.045831 0.997839 0.047086 95.147545 0.147732 -0.053387 0.987586 -1.665270 0.000000 0.000000 0.000000 1.000000
0.986552 -0.057657 -0.152943 1.350739 0.064830 0.996998 0.042332 95.297470 0.150043 -0.051678 0.987328 -1.994976 0.000000 0.000000 0.000000 1.000000
0.985806 -0.070251 -0.152486 1.541476 0.077089 0.996245 0.039401 95.211449 0.149146 -0.050596 0.987520 -2.081461 0.000000 0.000000 0.000000 1.000000
0.984952 -0.075338 -0.155546 1.671843 0.081974 0.995959 0.036687 94.881851 0.152154 -0.048886 0.987147 -1.856769 0.000000 0.000000 0.000000 1.000000
0.983796 -0.074395 -0.163128 1.756189 0.080777 0.996191 0.032840 94.349060 0.160064 -0.045485 0.986058 -1.278032 0.000000 0.000000 0.000000 1.000000
0.982743 -0.071529 -0.170585 1.821633 0.077570 0.996565 0.029007 93.720734 0.167924 -0.041739 0.984916 -0.367960 0.000000 0.000000 0.000000 1.000000
0.982152 -0.072764 -0.173443 1.904134 0.078684 0.996520 0.027493 93.142014 0.170839 -0.040649 0.984460 0.756283 0.000000 0.000000 0.000000 1.000000
0.981647 -0.083156 -0.171625 2.023906 0.089371 0.995582 0.028801 92.718948 0.168471 -0.043611 0.984741 1.869591 0.000000 0.000000 0.000000 1.000000
0.980309 -0.103976 -0.167881 2.175274 0.110718 0.993359 0.031289 92.426384 0.163512 -0.049260 0.985311 2.668360 0.000000 0.000000 0.000000 1.000000
0.978073 -0.128466 -0.163917 2.346770 0.135852 0.990124 0.034626 92.219376 0.157850 -0.056135 0.985866 2.915997 0.000000 0.000000 0.000000 1.000000
0.976545 -0.144737 -0.159407 2.511738 0.153050 0.987363 0.041104 92.152870 0.151444 -0.064537 0.986357 2.596856 0.000000 0.000000 0.000000 1.000000
0.977456 -0.146418 -0.152122 2.589359 0.155714 0.986483 0.051043 92.272690 0.142592 -0.073579 0.987043 1.875540 0.000000 0.000000 0.000000 1.000000
0.981500 -0.135316 -0.135451 2.469679 0.144564 0.987620 0.060899 92.537743 0.125533 -0.079354 0.988911 0.991266 0.000000 0.000000 0.000000 1.000000
0.988058 -0.115615 -0.101857 2.113707 0.122833 0.990117 0.067683 92.896904 0.093025 -0.079386 0.992494 0.142045 0.000000 0.000000 0.000000 1.000000
0.994651 -0.089494 -0.051574 1.603112 0.093034 0.993135 0.070905 93.365616 0.044874 -0.075324 0.996149 -0.584564 0.000000 0.000000 0.000000 1.000000
0.998246 -0.059061 0.004022 1.068669 0.058638 0.995844 0.069693 93.943558 -0.008121 -0.069335 0.997560 -1.214920 0.000000 0.000000 0.000000 1.000000
0.998310 -0.028085 0.050873 0.575905 0.024866 0.997715 0.062826 94.558929 -0.052521 -0.061455 0.996727 -1.793372 0.000000 0.000000 0.000000 1.000000
0.996685 -0.000010 0.081351 0.136212 -0.004249 0.998629 0.052181 95.106064 -0.081240 -0.052354 0.995319 -2.309444 0.000000 0.000000 0.000000 1.000000
0.995183 0.023604 0.095150 -0.236914 -0.027777 0.998699 0.042769 95.506973 -0.094017 -0.045206 0.994544 -2.707753 0.000000 0.000000 0.000000 1.000000
0.994541 0.042223 0.095424 -0.518508 -0.046102 0.998182 0.038815 95.747108 -0.093612 -0.043002 0.994680 -2.919376 0.000000 0.000000 0.000000 1.000000
0.994723 0.055345 0.086390 -0.699543 -0.059009 0.997437 0.040455 95.814651 -0.083930 -0.045340 0.995440 -2.873791 0.000000 0.000000 0.000000 1.000000
0.995381 0.061501 0.073719 -0.801948 -0.064894 0.996897 0.044553 95.686310 -0.070750 -0.049131 0.996283 -2.501818 0.000000 0.000000 0.000000 1.000000
0.996248 0.059148 0.063180 -0.852093 -0.062256 0.996885 0.048412 95.341423 -0.060120 -0.052164 0.996827 -1.757208 0.000000 0.000000 0.000000 1.000000
0.997156 0.049888 0.056493 -0.859662 -0.052862 0.997225 0.052428 94.820801 -0.053720 -0.055266 0.997025 -0.652899 0.000000 0.000000 0.000000 1.000000
0.997867 0.041227 0.050615 -0.842001 -0.044193 0.997283 0.058944 94.259552 -0.048048 -0.061055 0.996977 0.696250 0.000000 0.000000 0.000000 1.000000
0.998174 0.044069 0.041312 -0.840130 -0.046849 0.996522 0.068916 93.805954 -0.038131 -0.070725 0.996767 2.035848 0.000000 0.000000 0.000000 1.000000
0.997551 0.064153 0.027850 -0.893540 -0.066195 0.994597 0.079964 93.468727 -0.022570 -0.081612 0.996409 3.029722 0.000000 0.000000 0.000000 1.000000
0.995427 0.094367 0.014816 -0.991974 -0.095309 0.991556 0.087940 93.085617 -0.006392 -0.088950 0.996016 3.432145 0.000000 0.000000 0.000000 1.000000
0.992842 0.119163 0.007999 -1.078499 -0.119399 0.988788 0.089676 92.658691 0.002776 -0.089989 0.995939 3.267997 0.000000 0.000000 0.000000 1.000000
0.991879 0.126953 0.007679 -1.100840 -0.127147 0.988291 0.084347 92.393768 0.003119 -0.084639 0.996407 2.759084 0.000000 0.000000 0.000000 1.000000
0.993004 0.117950 0.005529 -1.034305 -0.118034 0.990243 0.074069 92.435356 0.003261 -0.074203 0.997238 2.099810 0.000000 0.000000 0.000000 1.000000
0.995046 0.098913 -0.010030 -0.870270 -0.098085 0.993150 0.063502 92.756607 0.016242 -0.062204 0.997931 1.398683 0.000000 0.000000 0.000000 1.000000
0.996171 0.075984 -0.043232 -0.626366 -0.073482 0.995679 0.056784 93.230461 0.047360 -0.053390 0.997450 0.707864 0.000000 0.000000 0.000000 1.000000</float_array><technique_common><accessor source="#mixamorig_Hips-Matrix-animation-output-transform-array" count="37" stride="16"><param type="float4x4"/></accessor></technique_common></source><source id="mixamorig_Hips-Interpolations"><Name_array id="mixamorig_Hips-Interpolations-array" count="37">
 LINEAR LINEAR LINEAR LINEAR LINEAR LINEAR LINEAR LINEAR LINEAR LINEAR LINEAR
LINEAR LINEAR LINEAR LINEAR LINEAR LINEAR LINEAR LINEAR LINEAR LINEAR LINEAR LINEAR
LINEAR LINEAR LINEAR LINEAR LINEAR LINEAR LINEAR LINEAR LINEAR LINEAR LINEAR LINEAR
LINEAR LINEAR</Name_array><technique_common><accessor source="#mixamorig_Hips-Interpolations-array" count="37"><param type="name"/></accessor></technique_common></source><sampler id="mixamorig_Hips-Matrix-animation-transform"><input semantic="INPUT" source="#mixamorig_Hips-Matrix-animation-input"/><input semantic="OUTPUT" source="#mixamorig_Hips-Matrix-animation-output-transform"/><input semantic="INTERPOLATION" source="#mixamorig_Hips-Interpolations"/></sampler><channel source="#mixamorig_Hips-Matrix-animation-transform" target="mixamorig_Hips/matrix"/></animation>
    <animation id="mixamorig_Spine-anim" name="mixamorig_Spine"><source id="mixamorig_Spine-Matrix-animation-input"><float_array id="mixamorig_Spine-Matrix-animation-input-array" count="37">

0.000000 0.033333 0.066667 0.100000 0.133333 0.166667 0.200000 0.233333 0.266667 0.300000 0.333333 0.366667 0.400000 0.433333 0.466667 0.500000
0.533333 0.566667 0.600000 0.633333 0.666667 0.700000 0.733333 0.766667 0.800000 0.833333 0.866667 0.900000 0.933333 0.966667 1.000000 1.033333
1.066667 1.100000 1.133333 1.166667 1.200000</float_array><technique_common><accessor source="#mixamorig_Spine-Matrix-animation-input-array" count="37"><param name="TIME" type="float"/></accessor></technique_common></source><source id="mixamorig_Spine-Matrix-animation-output-transform"><float_array id="mixamorig_Spine-Matrix-animation-output-transform-array" count="592">

0.998043 -0.048374 0.039614 0.000000 0.038444 0.974437 0.221345 7.463500 -0.049308 -0.219389 0.974391 -1.336300 0.000000 0.000000 0.000000 1.000000
0.995548 -0.048635 0.080736 -0.000000 0.030924 0.977716 0.207642 7.463500 -0.089036 -0.204221 0.974867 -1.336300 0.000000 0.000000 0.000000 1.000000
0.992050 -0.049476 0.115713 -0.000000 0.027085 0.981870 0.187613 7.463500 -0.122898 -0.182987 0.975403 -1.336300 0.000000 0.000000 0.000000 1.000000
0.988809 -0.049775 0.140640 0.000000 0.025952 0.985717 0.166400 7.463500 -0.146914 -0.160888 0.975977 -1.336300 0.000000 0.000000 0.000000 1.000000
0.986525 -0.050735 0.155545 0.000000 0.027424 0.988532 0.148501 7.463500 -0.161296 -0.142234 0.976603 -1.336300 0.000000 0.000000 0.000000 1.000000
0.985398 -0.053736 0.161565 0.000000 0.031573 0.990104 0.136740 7.463500 -0.167314 -0.129642 0.977343 -1.336300 0.000000 0.000000 0.000000 1.000000
0.984727 -0.061938 0.162715 0.000000 0.040117 0.990153 0.134122 7.463500 -0.169420 -0.125546 0.977515 -1.336300 0.000000 0.000000 0.000000 1.000000
0.983775 -0.076795 0.162141 -0.000000 0.053864 0.988491 0.141367 7.463500 -0.171132 -0.130340 0.976589 -1.336300 0.000000 0.000000 0.000000 1.000000
0.982368 -0.096684 0.160015 0.000000 0.071284 0.984944 0.157491 7.463500 -0.172833 -0.143308 0.974470 -1.336300 0.000000 0.000000 0.000000 1.000000
0.981191 -0.115312 0.154817 0.000000 0.086920 0.979993 0.179049 7.463500 -0.172366 -0.162224 0.971583 -1.336300 0.000000 0.000000 0.000000 1.000000
0.981496 -0.123783 0.146092 0.000000 0.093069 0.975163 0.200984 7.463500 -0.167342 -0.183668 0.968640 -1.336300 0.000000 0.000000 0.000000 1.000000
0.983941 -0.116149 0.135533 0.000000 0.084765 0.972292 0.217861 7.463500 -0.157082 -0.202874 0.966523 -1.336300 0.000000 0.000000 0.000000 1.000000
0.987686 -0.093384 0.125519 0.000000 0.063430 0.972440 0.224361 7.463500 -0.143011 -0.213637 0.966389 -1.336300 0.000000 0.000000 0.000000 1.000000
0.991154 -0.064771 0.115840 -0.000000 0.038382 0.975418 0.216994 7.463500 -0.127047 -0.210628 0.969275 -1.336300 0.000000 0.000000 0.000000 1.000000
0.993875 -0.041210 0.102540 0.000000 0.020302 0.980165 0.197141 7.463500 -0.108631 -0.193852 0.974998 -1.336300 0.000000 0.000000 0.000000 1.000000
0.996400 -0.025360 0.080895 -0.000000 0.011099 0.985018 0.172095 7.463500 -0.084048 -0.170577 0.981753 -1.336300 0.000000 0.000000 0.000000 1.000000
0.998808 -0.012170 0.047260 0.000000 0.004887 0.988481 0.151264 7.463500 -0.048556 -0.150853 0.987363 -1.336300 0.000000 0.000000 0.000000 1.000000
0.999994 0.002951 0.001843 0.000000 -0.003179 0.990210 0.139548 7.463500 -0.001413 -0.139553 0.990214 -1.336300 0.000000 0.000000 0.000000 1.000000
0.998620 0.018222 -0.049265 0.000000 -0.011443 0.990842 0.134538 7.463500 0.051265 -0.133788 0.989683 -1.336300 0.000000 0.000000 0.000000 1.000000
0.995041 0.028075 -0.095422 0.000000 -0.015438 0.991304 0.130681 7.463500 0.098261 -0.128560 0.986822 -1.336300 0.000000 0.000000 0.000000 1.000000
0.991336 0.029536 -0.127986 -0.000000 -0.013463 0.992107 0.124670 7.463500 0.130658 -0.121867 0.983909 -1.336300 0.000000 0.000000 0.000000 1.000000
0.989150 0.024783 -0.144806 0.000000 -0.007819 0.993152 0.116565 7.463500 0.146703 -0.114168 0.982570 -1.336300 0.000000 0.000000 0.000000 1.000000
0.988545 0.018415 -0.149798 -0.000000 -0.002096 0.994108 0.108374 7.463500 0.150911 -0.106819 0.982759 -1.336300 0.000000 0.000000 0.000000 1.000000
0.988682 0.014776 -0.149299 0.000000 0.000611 0.994733 0.102498 7.463500 0.150027 -0.101429 0.983465 -1.336300 0.000000 0.000000 0.000000 1.000000
0.988853 0.016883 -0.147932 0.000000 -0.001797 0.994832 0.101522 7.463500 0.148881 -0.100125 0.983773 -1.336300 0.000000 0.000000 0.000000 1.000000
0.988800 0.026994 -0.146782 0.000000 -0.011117 0.994097 0.107928 7.463500 0.148829 -0.105087 0.983263 -1.336300 0.000000 0.000000 0.000000 1.000000
0.988586 0.044517 -0.143931 0.000000 -0.026893 0.992147 0.122149 7.463500 0.148239 -0.116884 0.982020 -1.336300 0.000000 0.000000 0.000000 1.000000
0.988652 0.062791 -0.136472 -0.000000 -0.043241 0.988955 0.141768 7.463500 0.143866 -0.134259 0.980447 -1.336300 0.000000 0.000000 0.000000 1.000000
0.989936 0.070023 -0.122977 0.000000 -0.049479 0.985417 0.162804 7.463500 0.132583 -0.155080 0.978965 -1.336300 0.000000 0.000000 0.000000 1.000000
0.992874 0.056238 -0.105063 0.000000 -0.036454 0.982710 0.181525 7.463500 0.113455 -0.176402 0.977758 -1.336300 0.000000 0.000000 0.000000 1.000000
0.995980 0.021604 -0.086936 -0.000000 -0.004202 0.980682 0.195563 7.463500 0.089482 -0.194412 0.976830 -1.336300 0.000000 0.000000 0.000000 1.000000
0.997147 -0.020682 -0.072601 0.000000 0.035192 0.978195 0.204684 7.463500 0.066785 -0.206655 0.976132 -1.336300 0.000000 0.000000 0.000000 1.000000
0.996674 -0.052872 -0.062013 0.000000 0.064866 0.975342 0.210950 7.463500 0.049331 -0.214271 0.975528 -1.336300 0.000000 0.000000 0.000000 1.000000
0.996618 -0.065008 -0.050263 0.000000 0.074434 0.973320 0.217045 7.463500 0.034812 -0.220053 0.974867 -1.336300 0.000000 0.000000 0.000000 1.000000
0.997655 -0.061104 -0.030834 -0.000000 0.066460 0.972529 0.223094 7.463500 0.016355 -0.224620 0.974309 -1.336300 0.000000 0.000000 0.000000 1.000000
0.998613 -0.052650 -0.000020 0.000000 0.051294 0.972818 0.225817 7.463500 -0.011870 -0.225505 0.974170 -1.336300 0.000000 0.000000 0.000000 1.000000
0.998043 -0.048374 0.039614 0.000000 0.038444 0.974437 0.221345 7.463500 -0.049308 -0.219389 0.974391 -1.336300 0.000000 0.000000 0.000000 1.000000</float_array><technique_common><accessor source="#mixamorig_Spine-Matrix-animation-output-transform-array" count="37" stride="16"><param type="float4x4"/></accessor></technique_common></source><source id="mixamorig_Spine-Interpolations"><Name_array id="mixamorig_Spine-Interpolations-array" count="37">
 LINEAR LINEAR LINEAR LINEAR LINEAR LINEAR LINEAR LINEAR LINEAR LINEAR LINEAR
LINEAR LINEAR LINEAR LINEAR LINEAR LINEAR LINEAR LINEAR LINEAR LINEAR LINEAR LINEAR
LINEAR LINEAR LINEAR LINEAR LINEAR LINEAR LINEAR LINEAR LINEAR LINEAR LINEAR LINEAR
LINEAR LINEAR</Name_array><technique_common><accessor source="#mixamorig_Spine-Interpolations-array" count="37"><param type="name"/></accessor></technique_common></source><sampler id="mixamorig_Spine-Matrix-animation-transform"><input semantic="INPUT" source="#mixamorig_Spine-Matrix-animation-input"/><input semantic="OUTPUT" source="#mixamorig_Spine-Matrix-animation-output-transform"/><input semantic="INTERPOLATION" source="#mixamorig_Spine-Interpolations"/></sampler><channel source="#mixamorig_Spine-Matrix-animation-transform" target="mixamorig_Spine/matrix"/></animation>
    <animation id="mixamorig_Spine1-anim" name="mixamorig_Spine1"><source id="mixamorig_Spine1-Matrix-animation-input"><float_array id="mixamorig_Spine1-Matrix-animation-input-array" count="37">

0.000000 0.033333 0.066667 0.100000 0.133333 0.166667 0.200000 0.233333 0.266667 0.300000 0.333333 0.366667 0.400000 0.433333 0.466667 0.500000
0.533333 0.566667 0.600000 0.633333 0.666667 0.700000 0.733333 0.766667 0.800000 0.833333 0.866667 0.900000 0.933333 0.966667 1.000000 1.033333
1.066667 1.100000 1.133333 1.166667 1.200000</float_array><technique_common><accessor source="#mixamorig_Spine1-Matrix-animation-input-array" count="37"><param name="TIME" type="float"/></accessor></technique_common></source><source id="mixamorig_Spine1-Matrix-animation-output-transform"><float_array id="mixamorig_Spine1-Matrix-animation-output-transform-array" count="592">

0.999967 -0.005064 0.006405 0.000000 0.005428 0.998291 -0.058192 8.845900 -0.006100 0.058225 0.998285 0.000000 0.000000 0.000000 0.000000 1.000000
0.999914 0.002667 0.012852 -0.000000 -0.001908 0.998273 -0.058717 8.845900 -0.012987 0.058688 0.998192 0.000000 0.000000 0.000000 0.000000 1.000000
0.999756 0.011627 0.018806 -0.000000 -0.010517 0.998257 -0.058080 8.845900 -0.019449 0.057868 0.998135 0.000000 0.000000 0.000000 0.000000 1.000000
0.999498 0.021129 0.023624 -0.000000 -0.019772 0.998220 -0.056260 8.845900 -0.024770 0.055765 0.998137 0.000000 0.000000 0.000000 0.000000 1.000000
0.999174 0.030229 0.027170 0.000000 -0.028721 0.998113 -0.054279 8.845900 -0.028759 0.053454 0.998156 0.000000 0.000000 0.000000 0.000000 1.000000
0.998861 0.037613 0.029372 0.000000 -0.036004 0.997918 -0.053515 8.845900 -0.031324 0.052396 0.998135 0.000000 0.000000 0.000000 0.000000 1.000000
0.998621 0.042612 0.030671 0.000000 -0.040914 0.997703 -0.053981 8.845900 -0.032901 0.052651 0.998071 0.000000 0.000000 0.000000 0.000000 1.000000
0.998436 0.046093 0.031633 0.000000 -0.044339 0.997553 -0.054057 8.845900 -0.034047 0.052570 0.998037 -0.000000 0.000000 0.000000 0.000000 1.000000
0.998260 0.049256 0.032428 0.000000 -0.047538 0.997528 -0.051748 8.845900 -0.034897 0.050117 0.998134 0.000000 0.000000 0.000000 0.000000 1.000000
0.998062 0.052870 0.032816 -0.000000 -0.051336 0.997623 -0.045959 8.845900 -0.035167 0.044185 0.998404 -0.000000 0.000000 0.000000 0.000000 1.000000
0.997856 0.056837 0.032465 0.000000 -0.055613 0.997751 -0.037431 8.845900 -0.034519 0.035545 0.998772 0.000000 0.000000 0.000000 0.000000 1.000000
0.997677 0.060480 0.031335 0.000000 -0.059596 0.997819 -0.028394 8.845900 -0.032984 0.026460 0.999106 0.000000 0.000000 0.000000 0.000000 1.000000
0.997556 0.063230 0.029733 -0.000000 -0.062615 0.997813 -0.021176 8.845900 -0.031007 0.019263 0.999334 0.000000 0.000000 0.000000 0.000000 1.000000
0.997499 0.064919 0.027954 0.000000 -0.064456 0.997773 -0.017164 8.845900 -0.029006 0.015320 0.999462 0.000000 0.000000 0.000000 0.000000 1.000000
0.997540 0.065190 0.025763 -0.000000 -0.064766 0.997756 -0.016964 8.845900 -0.026811 0.015254 0.999524 -0.000000 0.000000 0.000000 0.000000 1.000000
0.997779 0.062795 0.022219 0.000000 -0.062332 0.997835 -0.020959 8.845900 -0.023487 0.019527 0.999533 0.000000 0.000000 0.000000 0.000000 1.000000
0.998293 0.056098 0.016245 0.000000 -0.055611 0.998031 -0.029015 8.845900 -0.017841 0.028062 0.999447 0.000000 0.000000 0.000000 0.000000 1.000000
0.998970 0.044722 0.007682 -0.000000 -0.044384 0.998231 -0.039569 8.845900 -0.009438 0.039187 0.999187 -0.000000 0.000000 0.000000 0.000000 1.000000
0.999532 0.030529 -0.002158 0.000000 -0.030599 0.998301 -0.049588 8.845900 0.000640 0.049631 0.998767 -0.000000 0.000000 0.000000 0.000000 1.000000
0.999799 0.016732 -0.011042 0.000000 -0.017326 0.998275 -0.056103 8.845900 0.010084 0.056283 0.998364 -0.000000 0.000000 0.000000 0.000000 1.000000
0.999835 0.005458 -0.017344 -0.000000 -0.006460 0.998281 -0.058251 8.845900 0.016997 0.058354 0.998151 -0.000000 0.000000 0.000000 0.000000 1.000000
0.999777 -0.003216 -0.020870 0.000000 0.002015 0.998353 -0.057329 8.845900 0.021020 0.057274 0.998137 0.000000 0.000000 0.000000 0.000000 1.000000
0.999695 -0.010188 -0.022478 0.000000 0.008921 0.998405 -0.055754 8.845900 0.023010 0.055536 0.998191 0.000000 0.000000 0.000000 0.000000 1.000000
0.999596 -0.016303 -0.023292 0.000000 0.014991 0.998349 -0.055442 8.845900 0.024157 0.055071 0.998190 0.000000 0.000000 0.000000 0.000000 1.000000
0.999472 -0.021846 -0.024037 -0.000000 0.020459 0.998193 -0.056504 8.845900 0.025228 0.055982 0.998113 0.000000 0.000000 0.000000 0.000000 1.000000
0.999337 -0.026605 -0.024863 0.000000 0.025150 0.998052 -0.057088 8.845900 0.026334 0.056424 0.998060 -0.000000 0.000000 0.000000 0.000000 1.000000
0.999228 -0.029971 -0.025410 0.000000 0.028543 0.998087 -0.054835 8.845900 0.027005 0.054067 0.998172 0.000000 0.000000 0.000000 0.000000 1.000000
0.999205 -0.031041 -0.025005 0.000000 0.029783 0.998344 -0.049218 8.845900 0.026491 0.048434 0.998475 0.000000 0.000000 0.000000 0.000000 1.000000
0.999309 -0.029159 -0.023031 0.000000 0.028160 0.998697 -0.042563 8.845900 0.024242 0.041885 0.998828 -0.000000 0.000000 0.000000 0.000000 1.000000
0.999503 -0.024791 -0.019450 0.000000 0.024025 0.998964 -0.038660 8.845900 0.020388 0.038174 0.999063 0.000000 0.000000 0.000000 0.000000 1.000000
0.999691 -0.019754 -0.015063 0.000000 0.019141 0.999024 -0.039806 8.845900 0.015835 0.039506 0.999094 0.000000 0.000000 0.000000 0.000000 1.000000
0.999808 -0.016169 -0.011101 0.000000 0.015654 0.998864 -0.045007 8.845900 0.011816 0.044825 0.998925 0.000000 0.000000 0.000000 0.000000 1.000000
0.999855 -0.014877 -0.008281 0.000000 0.014436 0.998592 -0.051054 8.845900 0.009029 0.050927 0.998662 0.000000 0.000000 0.000000 0.000000 1.000000
0.999871 -0.014806 -0.006183 0.000000 0.014442 0.998370 -0.055217 8.845900 0.006990 0.055121 0.998455 0.000000 0.000000 0.000000 0.000000 1.000000
0.999897 -0.013912 -0.003560 0.000000 0.013687 0.998282 -0.056970 8.845900 0.004347 0.056915 0.998370 0.000000 0.000000 0.000000 0.000000 1.000000
0.999942 -0.010729 0.000629 0.000000 0.010748 0.998285 -0.057552 8.845900 -0.000010 0.057556 0.998342 -0.000000 0.000000 0.000000 0.000000 1.000000
0.999967 -0.005064 0.006405 -0.000000 0.005428 0.998291 -0.058192 8.845900 -0.006100 0.058225 0.998285 0.000000 0.000000 0.000000 0.000000 1.000000</float_array><technique_common><accessor source="#mixamorig_Spine1-Matrix-animation-output-transform-array" count="37" stride="16"><param type="float4x4"/></accessor></technique_common></source><source id="mixamorig_Spine1-Interpolations"><Name_array id="mixamorig_Spine1-Interpolations-array" count="37">
 LINEAR LINEAR LINEAR LINEAR LINEAR LINEAR LINEAR LINEAR LINEAR LINEAR LINEAR
LINEAR LINEAR LINEAR LINEAR LINEAR LINEAR LINEAR LINEAR LINEAR LINEAR LINEAR LINEAR
LINEAR LINEAR LINEAR LINEAR LINEAR LINEAR LINEAR LINEAR LINEAR LINEAR LINEAR LINEAR
LINEAR LINEAR</Name_array><technique_common><accessor source="#mixamorig_Spine1-Interpolations-array" count="37"><param type="name"/></accessor></technique_common></source><sampler id="mixamorig_Spine1-Matrix-animation-transform"><input semantic="INPUT" source="#mixamorig_Spine1-Matrix-animation-input"/><input semantic="OUTPUT" source="#mixamorig_Spine1-Matrix-animation-output-transform"/><input semantic="INTERPOLATION" source="#mixamorig_Spine1-Interpolations"/></sampler><channel source="#mixamorig_Spine1-Matrix-animation-transform" target="mixamorig_Spine1/matrix"/></animation>
    <animation id="mixamorig_Spine2-anim" name="mixamorig_Spine2"><source id="mixamorig_Spine2-Matrix-animation-input"><float_array id="mixamorig_Spine2-Matrix-animation-input-array" count="37">

0.000000 0.033333 0.066667 0.100000 0.133333 0.166667 0.200000 0.233333 0.266667 0.300000 0.333333 0.366667 0.400000 0.433333 0.466667 0.500000
0.533333 0.566667 0.600000 0.633333 0.666667 0.700000 0.733333 0.766667 0.800000 0.833333 0.866667 0.900000 0.933333 0.966667 1.000000 1.033333
1.066667 1.100000 1.133333 1.166667 1.200000</float_array><technique_common><accessor source="#mixamorig_Spine2-Matrix-animation-input-array" count="37"><param name="TIME" type="float"/></accessor></technique_common></source><source id="mixamorig_Spine2-Matrix-animation-output-transform"><float_array id="mixamorig_Spine2-Matrix-animation-output-transform-array" count="592">

0.999967 -0.005366 0.006133 0.000000 0.005714 0.998288 -0.058202 10.109600 -0.005810 0.058235 0.998286 -0.000000 0.000000 0.000000 0.000000 1.000000
0.999918 0.002101 0.012644 0.000000 -0.001354 0.998270 -0.058778 10.109600 -0.012746 0.058756 0.998191 0.000000 0.000000 0.000000 0.000000 1.000000
0.999768 0.010890 0.018605 0.000000 -0.009789 0.998252 -0.058279 10.109600 -0.019207 0.058084 0.998127 -0.000000 0.000000 0.000000 0.000000 1.000000
0.999520 0.020325 0.023373 -0.000000 -0.018973 0.998213 -0.056659 10.109600 -0.024483 0.056188 0.998120 0.000000 0.000000 0.000000 0.000000 1.000000
0.999207 0.029428 0.026829 0.000000 -0.027922 0.998102 -0.054887 10.109600 -0.028393 0.054094 0.998132 0.000000 0.000000 0.000000 0.000000 1.000000
0.998903 0.036842 0.028914 0.000000 -0.035234 0.997903 -0.054302 10.109600 -0.030854 0.053223 0.998106 0.000000 0.000000 0.000000 0.000000 1.000000
0.998671 0.041850 0.030095 0.000000 -0.040153 0.997683 -0.054914 10.109600 -0.032323 0.053633 0.998037 -0.000000 0.000000 0.000000 0.000000 1.000000
0.998492 0.045318 0.030975 0.000000 -0.043564 0.997529 -0.055121 10.109600 -0.033396 0.053689 0.997999 0.000000 0.000000 0.000000 0.000000 1.000000
0.998319 0.048479 0.031770 -0.000000 -0.046755 0.997503 -0.052935 10.109600 -0.034257 0.051361 0.998092 0.000000 0.000000 0.000000 0.000000 1.000000
0.998118 0.052142 0.032269 0.000000 -0.050588 0.997602 -0.047239 10.109600 -0.034655 0.045518 0.998362 0.000000 0.000000 0.000000 0.000000 1.000000
0.997901 0.056214 0.032135 0.000000 -0.054957 0.997737 -0.038744 10.109600 -0.034240 0.036897 0.998732 0.000000 0.000000 0.000000 0.000000 1.000000
0.997709 0.059988 0.031262 -0.000000 -0.059065 0.997813 -0.029661 10.109600 -0.032973 0.027746 0.999071 -0.000000 0.000000 0.000000 0.000000 1.000000
0.997576 0.062858 0.029855 -0.000000 -0.062205 0.997814 -0.022328 10.109600 -0.031193 0.020417 0.999305 -0.000000 0.000000 0.000000 0.000000 1.000000
0.997513 0.064634 0.028124 0.000000 -0.064140 0.997776 -0.018156 10.109600 -0.029235 0.016307 0.999440 0.000000 0.000000 0.000000 0.000000 1.000000
0.997553 0.064963 0.025827 0.000000 -0.064517 0.997759 -0.017762 10.109600 -0.026923 0.016052 0.999509 0.000000 0.000000 0.000000 0.000000 1.000000
0.997793 0.062619 0.022111 0.000000 -0.062145 0.997835 -0.021522 10.109600 -0.023411 0.020101 0.999524 0.000000 0.000000 0.000000 0.000000 1.000000
0.998302 0.056005 0.016028 -0.000000 -0.055519 0.998027 -0.029311 10.109600 -0.017638 0.028371 0.999442 0.000000 0.000000 0.000000 0.000000 1.000000
0.998969 0.044778 0.007487 0.000000 -0.044448 0.998226 -0.039616 10.109600 -0.009248 0.039243 0.999187 0.000000 0.000000 0.000000 0.000000 1.000000
0.999523 0.030799 -0.002226 0.000000 -0.030872 0.998298 -0.049483 10.109600 0.000698 0.049528 0.998772 0.000000 0.000000 0.000000 0.000000 1.000000
0.999791 0.017226 -0.010971 -0.000000 -0.017814 0.998273 -0.055982 10.109600 0.009988 0.056165 0.998372 -0.000000 0.000000 0.000000 0.000000 1.000000
0.999834 0.006115 -0.017186 0.000000 -0.007106 0.998278 -0.058224 10.109600 0.016801 0.058336 0.998156 -0.000000 0.000000 0.000000 0.000000 1.000000
0.999783 -0.002490 -0.020676 0.000000 0.001298 0.998348 -0.057442 10.109600 0.020785 0.057403 0.998135 0.000000 0.000000 0.000000 0.000000 1.000000
0.999707 -0.009462 -0.022265 0.000000 0.008202 0.998397 -0.055997 10.109600 0.022760 0.055798 0.998183 0.000000 0.000000 0.000000 0.000000 1.000000
0.999613 -0.015592 -0.023050 0.000000 0.014285 0.998340 -0.055788 10.109600 0.023882 0.055437 0.998177 -0.000000 0.000000 0.000000 0.000000 1.000000
0.999495 -0.021125 -0.023750 -0.000000 0.019744 0.998182 -0.056940 10.109600 0.024910 0.056442 0.998095 0.000000 0.000000 0.000000 0.000000 1.000000
0.999365 -0.025858 -0.024530 -0.000000 0.024409 0.998040 -0.057621 10.109600 0.025972 0.056986 0.998037 0.000000 0.000000 0.000000 0.000000 1.000000
0.999259 -0.029222 -0.025051 0.000000 0.027797 0.998074 -0.055459 10.109600 0.026623 0.054722 0.998147 0.000000 0.000000 0.000000 0.000000 1.000000
0.999235 -0.030343 -0.024660 0.000000 0.029084 0.998332 -0.049882 10.109600 0.026132 0.049126 0.998451 -0.000000 0.000000 0.000000 0.000000 1.000000
0.999333 -0.028556 -0.022757 0.000000 0.027554 0.998687 -0.043176 10.109600 0.023960 0.042520 0.998808 0.000000 0.000000 0.000000 0.000000 1.000000
0.999518 -0.024289 -0.019310 -0.000000 0.023519 0.998957 -0.039136 10.109600 0.020240 0.038663 0.999047 0.000000 0.000000 0.000000 0.000000 1.000000
0.999699 -0.019317 -0.015113 0.000000 0.018697 0.999020 -0.040110 10.109600 0.015873 0.039816 0.999081 0.000000 0.000000 0.000000 0.000000 1.000000
0.999811 -0.015754 -0.011356 -0.000000 0.015226 0.998863 -0.045174 10.109600 0.012055 0.044992 0.998915 0.000000 0.000000 0.000000 0.000000 1.000000
0.999857 -0.014471 -0.008703 0.000000 0.014008 0.998593 -0.051150 10.109600 0.009431 0.051020 0.998653 0.000000 0.000000 0.000000 0.000000 1.000000
0.999873 -0.014449 -0.006680 -0.000000 0.014058 0.998372 -0.055287 10.109600 0.007468 0.055186 0.998448 0.000000 0.000000 0.000000 0.000000 1.000000
0.999898 -0.013693 -0.004030 0.000000 0.013441 0.998282 -0.057021 10.109600 0.004804 0.056961 0.998365 0.000000 0.000000 0.000000 0.000000 1.000000
0.999942 -0.010744 0.000253 -0.000000 0.010741 0.998283 -0.057575 10.109600 0.000366 0.057574 0.998341 0.000000 0.000000 0.000000 0.000000 1.000000
0.999967 -0.005366 0.006133 0.000000 0.005714 0.998288 -0.058202 10.109600 -0.005810 0.058235 0.998286 -0.000000 0.000000 0.000000 0.000000 1.000000</float_array><technique_common><accessor source="#mixamorig_Spine2-Matrix-animation-output-transform-array" count="37" stride="16"><param type="float4x4"/></accessor></technique_common></source><source id="mixamorig_Spine2-Interpolations"><Name_array id="mixamorig_Spine2-Interpolations-array" count="37">
 LINEAR LINEAR LINEAR LINEAR LINEAR LINEAR LINEAR LINEAR LINEAR LINEAR LINEAR
LINEAR LINEAR LINEAR LINEAR LINEAR LINEAR LINEAR LINEAR LINEAR LINEAR LINEAR LINEAR
LINEAR LINEAR LINEAR LINEAR LINEAR LINEAR LINEAR LINEAR LINEAR LINEAR LINEAR LINEAR
LINEAR LINEAR</Name_array><technique_common><accessor source="#mixamorig_Spine2-Interpolations-array" count="37"><param type="name"/></accessor></technique_common></source><sampler id="mixamorig_Spine2-Matrix-animation-transform"><input semantic="INPUT" source="#mixamorig_Spine2-Matrix-animation-input"/><input semantic="OUTPUT" source="#mixamorig_Spine2-Matrix-animation-output-transform"/><input semantic="INTERPOLATION" source="#mixamorig_Spine2-Interpolations"/></sampler><channel source="#mixamorig_Spine2-Matrix-animation-transform" target="mixamorig_Spine2/matrix"/></animation>
    <animation id="mixamorig_Neck-anim" name="mixamorig_Neck"><source id="mixamorig_Neck-Matrix-animation-input"><float_array id="mixamorig_Neck-Matrix-animation-input-array" count="37">

0.000000 0.033333 0.066667 0.100000 0.133333 0.166667 0.200000 0.233333 0.266667 0.300000 0.333333 0.366667 0.400000 0.433333 0.466667 0.500000
0.533333 0.566667 0.600000 0.633333 0.666667 0.700000 0.733333 0.766667 0.800000 0.833333 0.866667 0.900000 0.933333 0.966667 1.000000 1.033333
1.066667 1.100000 1.133333 1.166667 1.200000</float_array><technique_common><accessor source="#mixamorig_Neck-Matrix-animation-input-array" count="37"><param name="TIME" type="float"/></accessor></technique_common></source><source id="mixamorig_Neck-Matrix-animation-output-transform"><float_array id="mixamorig_Neck-Matrix-animation-output-transform-array" count="592">

0.999336 0.004203 -0.036196 0.000000 -0.008460 0.992945 -0.118277 11.373300 0.035443 0.118505 0.992321 0.000000 0.000000 0.000000 0.000000 1.000000
0.999197 0.019256 -0.035133 -0.000000 -0.023114 0.993333 -0.112936 11.373300 0.032724 0.113657 0.992981 -0.000000 0.000000 0.000000 0.000000 1.000000
0.998797 0.035541 -0.033792 0.000000 -0.038911 0.993715 -0.104960 11.373300 0.029850 0.106148 0.993902 -0.000000 0.000000 0.000000 0.000000 1.000000
0.998168 0.050971 -0.032587 -0.000000 -0.053873 0.993975 -0.095450 11.373300 0.027525 0.097031 0.994901 -0.000000 0.000000 0.000000 0.000000 1.000000
0.997364 0.065370 -0.031479 0.000000 -0.067845 0.994041 -0.085326 11.373300 0.025714 0.087237 0.995856 0.000000 0.000000 0.000000 0.000000 1.000000
0.996349 0.079931 -0.030004 0.000000 -0.081998 0.993768 -0.075505 11.373300 0.023782 0.077690 0.996694 -0.000000 0.000000 0.000000 0.000000 1.000000
0.995153 0.094311 -0.027843 0.000000 -0.096017 0.993045 -0.068138 11.373300 0.021223 0.070482 0.997287 0.000000 0.000000 0.000000 0.000000 1.000000
0.994010 0.106378 -0.025052 0.000000 -0.107806 0.992042 -0.065036 11.373300 0.017934 0.067347 0.997568 0.000000 0.000000 0.000000 0.000000 1.000000
0.993303 0.113426 -0.021993 0.000000 -0.114669 0.991109 -0.067488 11.373300 0.014142 0.069558 0.997478 0.000000 0.000000 0.000000 0.000000 1.000000
0.993335 0.113641 -0.019287 -0.000000 -0.114784 0.990520 -0.075468 11.373300 0.010528 0.077179 0.996962 0.000000 0.000000 0.000000 0.000000 1.000000
0.994068 0.107338 -0.017545 0.000000 -0.108466 0.990270 -0.087175 11.373300 0.008017 0.088561 0.996038 0.000000 0.000000 0.000000 0.000000 1.000000
0.995123 0.097168 -0.017008 0.000000 -0.098382 0.990182 -0.099297 11.373300 0.007193 0.100486 0.994912 -0.000000 0.000000 0.000000 0.000000 1.000000
0.996059 0.086970 -0.017379 0.000000 -0.088346 0.990204 -0.108122 11.373300 0.007805 0.109231 0.993986 0.000000 0.000000 0.000000 0.000000 1.000000
0.996666 0.079585 -0.017992 0.000000 -0.081097 0.990495 -0.111099 11.373300 0.008979 0.112187 0.993647 -0.000000 0.000000 0.000000 0.000000 1.000000
0.997013 0.075072 -0.018148 0.000000 -0.076600 0.991203 -0.107932 11.373300 0.009886 0.109000 0.993993 0.000000 0.000000 0.000000 0.000000 1.000000
0.997326 0.070969 -0.017425 -0.000000 -0.072367 0.992305 -0.100468 11.373300 0.010160 0.101460 0.994788 0.000000 0.000000 0.000000 0.000000 1.000000
0.997795 0.064431 -0.015937 0.000000 -0.065623 0.993648 -0.091414 11.373300 0.009946 0.092258 0.995685 -0.000000 0.000000 0.000000 0.000000 1.000000
0.998421 0.054284 -0.014463 0.000000 -0.055299 0.995030 -0.082809 11.373300 0.009895 0.083478 0.996461 0.000000 0.000000 0.000000 0.000000 1.000000
0.999045 0.041327 -0.014159 0.000000 -0.042279 0.996266 -0.075274 11.373300 0.010996 0.075800 0.997062 -0.000000 0.000000 0.000000 0.000000 1.000000
0.999499 0.027365 -0.015889 0.000000 -0.028393 0.997241 -0.068587 11.373300 0.013969 0.069004 0.997519 0.000000 0.000000 0.000000 0.000000 1.000000
0.999714 0.013909 -0.019437 -0.000000 -0.015091 0.997957 -0.062079 11.373300 0.018534 0.062354 0.997882 0.000000 0.000000 0.000000 0.000000 1.000000
0.999722 0.002208 -0.023486 0.000000 -0.003506 0.998458 -0.055403 11.373300 0.023328 0.055470 0.998188 0.000000 0.000000 0.000000 0.000000 1.000000
0.999627 -0.006868 -0.026448 0.000000 0.005557 0.998767 -0.049323 11.373300 0.026755 0.049157 0.998433 0.000000 0.000000 0.000000 0.000000 1.000000
0.999538 -0.013176 -0.027384 0.000000 0.011929 0.998907 -0.045204 11.373300 0.027950 0.044856 0.998602 0.000000 0.000000 0.000000 0.000000 1.000000
0.999501 -0.017125 -0.026524 0.000000 0.015931 0.998877 -0.044617 11.373300 0.027258 0.044172 0.998652 0.000000 0.000000 0.000000 0.000000 1.000000
0.999503 -0.019153 -0.025028 0.000000 0.017909 0.998638 -0.049005 11.373300 0.025933 0.048532 0.998485 -0.000000 0.000000 0.000000 0.000000 1.000000
0.999519 -0.019415 -0.024179 -0.000000 0.017966 0.998110 -0.058767 11.373300 0.025274 0.058305 0.997979 0.000000 0.000000 0.000000 0.000000 1.000000
0.999538 -0.017924 -0.024547 0.000000 0.016101 0.997235 -0.072548 11.373300 0.025779 0.072119 0.997063 0.000000 0.000000 0.000000 0.000000 1.000000
0.999552 -0.015071 -0.025873 -0.000000 0.012759 0.996102 -0.087285 11.373300 0.027088 0.086916 0.995847 0.000000 0.000000 0.000000 0.000000 1.000000
0.999552 -0.011845 -0.027491 0.000000 0.009057 0.995005 -0.099412 11.373300 0.028531 0.099118 0.994667 -0.000000 0.000000 0.000000 0.000000 1.000000
0.999538 -0.009456 -0.028882 0.000000 0.006320 0.994260 -0.106803 11.373300 0.029726 0.106571 0.993861 0.000000 0.000000 0.000000 0.000000 1.000000
0.999511 -0.008710 -0.030020 -0.000000 0.005357 0.993913 -0.110034 11.373300 0.030796 0.109819 0.993474 0.000000 0.000000 0.000000 0.000000 1.000000
0.999464 -0.009586 -0.031292 0.000000 0.006033 0.993721 -0.111720 11.373300 0.032166 0.111472 0.993247 -0.000000 0.000000 0.000000 0.000000 1.000000
0.999395 -0.011000 -0.033007 0.000000 0.007162 0.993431 -0.114208 11.373300 0.034047 0.113902 0.992908 0.000000 0.000000 0.000000 0.000000 1.000000
0.999333 -0.010731 -0.034893 0.000000 0.006560 0.993049 -0.117520 11.373300 0.035911 0.117213 0.992457 0.000000 0.000000 0.000000 0.000000 1.000000
0.999328 -0.006102 -0.036153 0.000000 0.001737 0.992826 -0.119555 11.373300 0.036623 0.119412 0.992169 -0.000000 0.000000 0.000000 0.000000 1.000000
0.999336 0.004203 -0.036196 0.000000 -0.008460 0.992945 -0.118277 11.373300 0.035443 0.118505 0.992321 0.000000 0.000000 0.000000 0.000000 1.000000</float_array><technique_common><accessor source="#mixamorig_Neck-Matrix-animation-output-transform-array" count="37" stride="16"><param type="float4x4"/></accessor></technique_common></source><source id="mixamorig_Neck-Interpolations"><Name_array id="mixamorig_Neck-Interpolations-array" count="37">
 LINEAR LINEAR LINEAR LINEAR LINEAR LINEAR LINEAR LINEAR LINEAR LINEAR LINEAR
LINEAR LINEAR LINEAR LINEAR LINEAR LINEAR LINEAR LINEAR LINEAR LINEAR LINEAR LINEAR
LINEAR LINEAR LINEAR LINEAR LINEAR LINEAR LINEAR LINEAR LINEAR LINEAR LINEAR LINEAR
LINEAR LINEAR</Name_array><technique_common><accessor source="#mixamorig_Neck-Interpolations-array" count="37"><param type="name"/></accessor></technique_common></source><sampler id="mixamorig_Neck-Matrix-animation-transform"><input semantic="INPUT" source="#mixamorig_Neck-Matrix-animation-input"/><input semantic="OUTPUT" source="#mixamorig_Neck-Matrix-animation-output-transform"/><input semantic="INTERPOLATION" source="#mixamorig_Neck-Interpolations"/></sampler><channel source="#mixamorig_Neck-Matrix-animation-transform" target="mixamorig_Neck/matrix"/></animation>
    <animation id="mixamorig_Head-anim" name="mixamorig_Head"><source id="mixamorig_Head-Matrix-animation-input"><float_array id="mixamorig_Head-Matrix-animation-input-array" count="37">

0.000000 0.033333 0.066667 0.100000 0.133333 0.166667 0.200000 0.233333 0.266667 0.300000 0.333333 0.366667 0.400000 0.433333 0.466667 0.500000
0.533333 0.566667 0.600000 0.633333 0.666667 0.700000 0.733333 0.766667 0.800000 0.833333 0.866667 0.900000 0.933333 0.966667 1.000000 1.033333
1.066667 1.100000 1.133333 1.166667 1.200000</float_array><technique_common><accessor source="#mixamorig_Head-Matrix-animation-input-array" count="37"><param name="TIME" type="float"/></accessor></technique_common></source><source id="mixamorig_Head-Matrix-animation-output-transform"><float_array id="mixamorig_Head-Matrix-animation-output-transform-array" count="592">

0.998176 -0.042425 0.042947 0.000000 0.042288 0.999097 0.004085 8.859100 -0.043081 -0.002261 0.999069 2.700600 0.000000 0.000000 0.000000 1.000000
0.998305 -0.053325 0.023315 0.000000 0.052695 0.998250 0.026838 8.859100 -0.024705 -0.025564 0.999368 2.700600 0.000000 0.000000 0.000000 1.000000
0.997968 -0.063573 0.004366 0.000000 0.063255 0.996598 0.052836 8.859100 -0.007710 -0.052452 0.998594 2.700600 0.000000 0.000000 0.000000 1.000000
0.997427 -0.070541 -0.012790 0.000000 0.071308 0.994602 0.075382 8.859100 0.007403 -0.076100 0.997073 2.700600 0.000000 0.000000 0.000000 1.000000
0.996935 -0.073120 -0.027833 -0.000000 0.075395 0.992890 0.092117 8.859100 0.020899 -0.093933 0.995359 2.700600 0.000000 0.000000 0.000000 1.000000
0.996650 -0.071236 -0.040176 0.000000 0.075049 0.991831 0.103145 8.859100 0.032500 -0.105814 0.993855 2.700600 0.000000 0.000000 0.000000 1.000000
0.996608 -0.066701 -0.048210 -0.000000 0.071585 0.991579 0.107920 8.859100 0.040606 -0.111005 0.992990 2.700600 0.000000 0.000000 0.000000 1.000000
0.996798 -0.062199 -0.050254 0.000000 0.067159 0.992315 0.103925 8.859100 0.043403 -0.106967 0.993315 2.700600 0.000000 0.000000 0.000000 1.000000
0.997127 -0.060559 -0.045491 0.000000 0.064417 0.993968 0.088761 8.859100 0.039842 -0.091437 0.995014 2.700600 0.000000 0.000000 0.000000 1.000000
