<?xml version="1.0" encoding="utf-8"?>
<COLLADA xmlns="http://www.collada.org/2005/11/COLLADASchema" version="1.4.1">
  <asset><contributor><author>Mixamo</author><authoring_tool>COLLADA Mixamo exporter</authoring_tool><comments></comments></contributor><created>2019-11-23T11:04:14Z</created><modified>2019-11-23T11:04:14Z</modified><revision></revision><title></title><unit meter="0.010000"/><up_axis>Y_UP</up_axis></asset>
  <library_animations>
    <animation id="Hips-anim" name="Hips"><source id="Hips-Matrix-animation-input"><float_array id="Hips-Matrix-animation-input-array" count="100">

0.000000 0.033333 0.066667 0.100000 0.133333 0.166667 0.200000 0.233333 0.266667 0.300000 0.333333 0.366667 0.400000 0.433333 0.466667 0.500000
0.533333 0.566667 0.600000 0.633333 0.666667 0.700000 0.733333 0.766667 0.800000 0.833333 0.866667 0.900000 0.933333 0.966667 1.000000 1.033333
1.066667 1.100000 1.133333 1.166667 1.200000 1.233333 1.266667 1.300000 1.333333 1.366667 1.400000 1.433333 1.466667 1.500000 1.533333 1.566667
1.600000 1.633333 1.666667 1.700000 1.733333 1.766667 1.800000 1.833333 1.866667 1.900000 1.933333 1.966667 2.000000 2.033333 2.066667 2.100000
2.133333 2.166667 2.200000 2.233333 2.266667 2.300000 2.333333 2.366667 2.400000 2.433333 2.466667 2.500000 2.533333 2.566667 2.600000 2.633333
2.666667 2.700000 2.733333 2.766667 2.800000 2.833333 2.866667 2.900000 2.933333 2.966667 3.000000 3.033333 3.066667 3.100000 3.133333 3.166667
3.200000 3.233333 3.266667 3.300000</float_array><technique_common><accessor source="#Hips-Matrix-animation-input-array" count="100"><param name="TIME" type="float"/></accessor></technique_common></source><source id="Hips-Matrix-animation-output-transform"><float_array id="Hips-Matrix-animation-output-transform-array" count="1600">

0.575545 0.067435 -0.814985 -3.247586 0.037651 0.993352 0.108784 85.339180 0.816903 -0.093295 0.569180 1.470915 0.000000 0.000000 0.000000 1.000000
0.575962 0.013981 -0.817357 -2.603025 0.049302 0.997440 0.051803 85.141167 0.815988 -0.070133 0.573798 1.675147 0.000000 0.000000 0.000000 1.000000
0.581975 -0.074067 -0.809827 -0.760951 0.063992 0.996927 -0.045192 84.144615 0.810685 -0.025522 0.584926 1.968119 0.000000 0.000000 0.000000 1.000000
0.627796 -0.146526 -0.764462 0.402845 0.083618 0.989134 -0.120920 82.267960 0.773873 0.011990 0.633227 2.800496 0.000000 0.000000 0.000000 1.000000
0.728823 -0.167318 -0.663944 0.744782 0.092647 0.984864 -0.146493 80.045364 0.678405 0.045255 0.733293 4.449442 0.000000 0.000000 0.000000 1.000000
0.821408 -0.187512 -0.538636 1.660731 0.128524 0.980974 -0.145505 78.440689 0.555671 0.050291 0.829880 5.665230 0.000000 0.000000 0.000000 1.000000
0.833246 -0.215592 -0.509137 2.624223 0.193214 0.976329 -0.097211 78.195618 0.518043 -0.017372 0.855178 5.845643 0.000000 0.000000 0.000000 1.000000
0.803388 -0.210638 -0.556955 3.641440 0.215853 0.974744 -0.057285 78.571106 0.554955 -0.074199 0.828565 5.520418 0.000000 0.000000 0.000000 1.000000
0.779559 -0.197665 -0.594320 4.828516 0.202702 0.977449 -0.059210 79.386185 0.592621 -0.074312 0.802046 5.354242 0.000000 0.000000 0.000000 1.000000
0.771201 -0.170245 -0.613405 6.047294 0.178596 0.982741 -0.048213 80.620483 0.611026 -0.072370 0.788295 5.249818 0.000000 0.000000 0.000000 1.000000
0.766965 -0.147688 -0.624462 6.691679 0.158023 0.986654 -0.039265 81.356392 0.621928 -0.068565 0.780067 4.976010 0.000000 0.000000 0.000000 1.000000
0.762932 -0.146120 -0.629749 7.194252 0.147608 0.987763 -0.050365 82.178238 0.629402 -0.054531 0.775165 4.788249 0.000000 0.000000 0.000000 1.000000
0.745223 -0.146422 -0.650541 7.728655 0.138786 0.988287 -0.063455 83.589890 0.652212 -0.042998 0.756816 4.496538 0.000000 0.000000 0.000000 1.000000
0.704693 -0.145933 -0.694342 8.087235 0.131660 0.988519 -0.074138 85.311981 0.697189 -0.039172 0.715816 3.823008 0.000000 0.000000 0.000000 1.000000
0.660698 -0.150064 -0.735499 8.316021 0.115894 0.988458 -0.097567 86.067787 0.741651 -0.020777 0.670464 3.297594 0.000000 0.000000 0.000000 1.000000
0.629694 -0.150616 -0.762103 8.569036 0.098208 0.988588 -0.114231 86.023224 0.770611 -0.002913 0.637299 2.886938 0.000000 0.000000 0.000000 1.000000
0.607193 -0.145321 -0.781152 8.935843 0.084254 0.989365 -0.118564 85.786659 0.790075 0.006176 0.612979 2.532965 0.000000 0.000000 0.000000 1.000000
0.589030 -0.148053 -0.794433 9.237926 0.079950 0.988928 -0.125021 85.145035 0.804146 0.010126 0.594345 2.164738 0.000000 0.000000 0.000000 1.000000
0.577873 -0.155484 -0.801179 9.556593 0.080945 0.987763 -0.133311 84.409134 0.812103 0.012185 0.583387 1.854313 0.000000 0.000000 0.000000 1.000000
0.577782 -0.158397 -0.800674 10.067514 0.085448 0.987336 -0.133663 83.917252 0.811706 0.008812 0.584000 1.585209 0.000000 0.000000 0.000000 1.000000
0.589247 -0.166576 -0.790595 10.637089 0.094677 0.986010 -0.137185 83.317848 0.802386 0.005985 0.596775 1.358177 0.000000 0.000000 0.000000 1.000000
0.608379 -0.175340 -0.774036 11.175892 0.100665 0.984461 -0.143885 82.474098 0.787237 0.009618 0.616576 1.201845 0.000000 0.000000 0.000000 1.000000
0.628748 -0.177976 -0.756968 11.751395 0.105132 0.983974 -0.144026 81.639870 0.770470 0.010975 0.637382 1.018486 0.000000 0.000000 0.000000 1.000000
0.650212 -0.180025 -0.738116 12.423368 0.107054 0.983538 -0.145578 80.618103 0.752173 0.015639 0.658780 0.911394 0.000000 0.000000 0.000000 1.000000
0.673872 -0.179428 -0.716730 13.040097 0.103523 0.983424 -0.148860 79.290756 0.731559 0.026115 0.681278 0.955073 0.000000 0.000000 0.000000 1.000000
0.700629 -0.168184 -0.693421 13.757974 0.103175 0.985490 -0.134777 77.933685 0.706027 0.022885 0.707815 1.077665 0.000000 0.000000 0.000000 1.000000
0.722933 -0.153586 -0.673631 14.635607 0.103612 0.988054 -0.114079 76.440147 0.683105 0.012675 0.730210 1.236040 0.000000 0.000000 0.000000 1.000000
0.740721 -0.138205 -0.657443 15.617476 0.097124 0.990360 -0.098763 74.835945 0.664755 0.009302 0.747003 1.413157 0.000000 0.000000 0.000000 1.000000
0.757185 -0.118621 -0.642340 16.632042 0.087694 0.992931 -0.079991 73.067101 0.647287 0.004238 0.762234 1.592816 0.000000 0.000000 0.000000 1.000000
0.773258 -0.094694 -0.626981 17.823717 0.076683 0.995494 -0.055778 71.205635 0.629438 -0.004948 0.777035 1.745454 0.000000 0.000000 0.000000 1.000000
0.788399 -0.070279 -0.611137 19.331944 0.065003 0.997408 -0.030841 69.412979 0.611720 -0.015411 0.790924 1.899632 0.000000 0.000000 0.000000 1.000000
0.803474 -0.044821 -0.593650 20.831333 0.051851 0.998641 -0.005221 67.264130 0.593078 -0.026587 0.804706 2.114902 0.000000 0.000000 0.000000 1.000000
0.819957 -0.017480 -0.572159 22.416477 0.036404 0.999103 0.021646 64.798691 0.571267 -0.038578 0.819857 2.342687 0.000000 0.000000 0.000000 1.000000
0.836391 0.013974 -0.547955 24.149437 0.016210 0.998607 0.050210 62.139118 0.547893 -0.050878 0.835000 2.658381 0.000000 0.000000 0.000000 1.000000
0.852051 0.048991 -0.521162 26.091663 -0.008700 0.996799 0.079478 59.077148 0.523387 -0.063185 0.849749 3.001078 0.000000 0.000000 0.000000 1.000000
0.867193 0.098495 -0.488134 27.991844 -0.044128 0.991587 0.121686 55.638565 0.496013 -0.083985 0.864244 3.377860 0.000000 0.000000 0.000000 1.000000
0.880972 0.159508 -0.445473 29.680635 -0.085422 0.979612 0.181834 52.019245 0.465395 -0.122138 0.876636 3.549456 0.000000 0.000000 0.000000 1.000000
0.890690 0.223029 -0.396142 31.237556 -0.141434 0.964090 0.224783 47.725540 0.432050 -0.144185 0.890249 3.904098 0.000000 0.000000 0.000000 1.000000
0.896691 0.291968 -0.332716 32.815544 -0.205781 0.940425 0.270658 43.134308 0.391918 -0.174230 0.903352 4.361786 0.000000 0.000000 0.000000 1.000000
0.889906 0.366369 -0.271737 34.329559 -0.286445 0.912466 0.292156 38.005161 0.354988 -0.182153 0.916953 5.155684 0.000000 0.000000 0.000000 1.000000
0.872874 0.440496 -0.209890 35.914825 -0.369715 0.877780 0.304653 32.172054 0.318435 -0.188324 0.929049 6.280719 0.000000 0.000000 0.000000 1.000000
0.841844 0.520726 -0.141929 37.283878 -0.454175 0.825548 0.334955 26.269421 0.291588 -0.217519 0.931484 7.623990 0.000000 0.000000 0.000000 1.000000
0.798063 0.599301 -0.062727 38.512520 -0.533552 0.751185 0.388642 20.133919 0.280033 -0.276693 0.919251 9.228174 0.000000 0.000000 0.000000 1.000000
0.751277 0.659387 0.028126 42.621613 -0.601047 0.665959 0.441860 16.747795 0.272626 -0.348864 0.896643 8.221383 0.000000 0.000000 0.000000 1.000000
0.721978 0.683914 0.104924 48.055107 -0.638646 0.600340 0.481376 16.269348 0.266230 -0.414553 0.870211 5.305292 0.000000 0.000000 0.000000 1.000000
0.693407 0.692272 0.199865 53.555557 -0.687983 0.553648 0.469204 17.547079 0.214162 -0.462853 0.860175 2.291211 0.000000 0.000000 0.000000 1.000000
0.685046 0.673473 0.277751 59.422485 -0.707027 0.522749 0.476284 19.290836 0.175570 -0.522654 0.834271 -0.899528 0.000000 0.000000 0.000000 1.000000
0.679414 0.659180 0.322300 64.396286 -0.715994 0.499529 0.487671 21.234404 0.160465 -0.562096 0.811356 -2.677355 0.000000 0.000000 0.000000 1.000000
0.659776 0.665156 0.349660 67.564476 -0.736190 0.478801 0.478303 23.190063 0.150729 -0.572989 0.805583 -2.983300 0.000000 0.000000 0.000000 1.000000
0.651253 0.665850 0.364024 70.180008 -0.747942 0.482130 0.456216 25.188345 0.128264 -0.569381 0.812006 -2.523798 0.000000 0.000000 0.000000 1.000000
0.655669 0.662953 0.361373 72.797852 -0.746234 0.496059 0.443915 26.675858 0.115032 -0.560730 0.819969 -1.778911 0.000000 0.000000 0.000000 1.000000
0.667908 0.659902 0.344135 75.963646 -0.735145 0.512889 0.443291 27.380867 0.116026 -0.549067 0.827686 -1.272552 0.000000 0.000000 0.000000 1.000000
0.681998 0.655959 0.323414 79.118317 -0.719383 0.521998 0.458264 27.399351 0.131780 -0.545194 0.827888 -1.279071 0.000000 0.000000 0.000000 1.000000
0.690358 0.650579 0.316470 81.482300 -0.708313 0.518731 0.478760 26.965630 0.147308 -0.554675 0.818923 -1.687806 0.000000 0.000000 0.000000 1.000000
0.690726 0.649059 0.318780 82.733131 -0.704529 0.504736 0.498880 26.292534 0.162903 -0.569179 0.805915 -2.038267 0.000000 0.000000 0.000000 1.000000
0.686323 0.650515 0.325255 82.765312 -0.704989 0.485126 0.517342 25.951920 0.178750 -0.584365 0.791559 -2.039824 0.000000 0.000000 0.000000 1.000000
0.682048 0.648805 0.337435 82.070938 -0.707030 0.467113 0.530956 25.850624 0.186867 -0.600714 0.777318 -1.771006 0.000000 0.000000 0.000000 1.000000
0.680610 0.642593 0.351916 80.955154 -0.708076 0.453581 0.541196 25.775084 0.188146 -0.617526 0.763716 -1.277937 0.000000 0.000000 0.000000 1.000000
0.684832 0.634293 0.358717 80.000854 -0.704322 0.449896 0.549112 25.503626 0.186913 -0.628702 0.754849 -0.889283 0.000000 0.000000 0.000000 1.000000
0.695532 0.623831 0.356468 79.056007 -0.694975 0.458221 0.554116 24.944683 0.182333 -0.633142 0.752254 -0.688862 0.000000 0.000000 0.000000 1.000000
0.706993 0.614550 0.349985 78.083305 -0.685328 0.473156 0.553578 24.239784 0.174604 -0.631230 0.755686 -0.954836 0.000000 0.000000 0.000000 1.000000
0.717800 0.608682 0.338037 77.347595 -0.675490 0.491143 0.549992 23.608763 0.168746 -0.623126 0.763701 -1.415903 0.000000 0.000000 0.000000 1.000000
0.725651 0.608437 0.321302 76.769890 -0.667105 0.507756 0.545119 22.998161 0.168527 -0.609908 0.774345 -1.612017 0.000000 0.000000 0.000000 1.000000
0.730260 0.613137 0.301302 75.851830 -0.661004 0.522705 0.538381 22.595240 0.172609 -0.592320 0.786996 -1.234000 0.000000 0.000000 0.000000 1.000000
0.733330 0.619265 0.280601 75.033386 -0.656500 0.537707 0.529036 22.276745 0.176733 -0.572173 0.800864 -0.678847 0.000000 0.000000 0.000000 1.000000
0.733309 0.627850 0.260887 74.600769 -0.655183 0.550049 0.517862 22.061279 0.181639 -0.550682 0.814713 -0.227930 0.000000 0.000000 0.000000 1.000000
0.732468 0.634909 0.245726 73.723190 -0.655349 0.559786 0.507107 22.412529 0.184412 -0.532476 0.826112 0.356570 0.000000 0.000000 0.000000 1.000000
0.727664 0.643606 0.237227 73.176056 -0.660203 0.563312 0.496802 22.459742 0.186112 -0.518123 0.834812 0.701856 0.000000 0.000000 0.000000 1.000000
0.719372 0.654044 0.233945 73.105865 -0.669648 0.563489 0.483789 22.399792 0.184594 -0.504685 0.843337 0.730908 0.000000 0.000000 0.000000 1.000000
0.713251 0.661214 0.232526 73.306839 -0.677919 0.566519 0.468489 22.410465 0.178041 -0.491784 0.852320 0.633049 0.000000 0.000000 0.000000 1.000000
0.709152 0.665242 0.233573 73.683640 -0.684966 0.571524 0.451864 22.452652 0.167106 -0.480430 0.860966 0.569208 0.000000 0.000000 0.000000 1.000000
0.708014 0.666322 0.233946 74.180305 -0.688813 0.578535 0.436846 22.393547 0.155734 -0.470438 0.868582 0.616947 0.000000 0.000000 0.000000 1.000000
0.709943 0.664339 0.233741 74.636490 -0.689359 0.587620 0.423659 22.256174 0.144103 -0.461905 0.875145 0.809427 0.000000 0.000000 0.000000 1.000000
0.712087 0.661704 0.234689 75.168579 -0.689112 0.594744 0.414009 22.027634 0.134372 -0.456537 0.879499 1.013467 0.000000 0.000000 0.000000 1.000000
0.712733 0.659531 0.238810 75.720566 -0.690668 0.600445 0.403042 21.842297 0.122426 -0.452200 0.883474 1.160362 0.000000 0.000000 0.000000 1.000000
0.713259 0.656843 0.244581 76.194153 -0.692329 0.605840 0.391968 21.803745 0.109285 -0.448905 0.886872 1.247863 0.000000 0.000000 0.000000 1.000000
0.714469 0.653724 0.249357 76.493889 -0.692750 0.610964 0.383172 21.832474 0.098140 -0.446507 0.889382 1.341574 0.000000 0.000000 0.000000 1.000000
0.716757 0.650337 0.251637 76.504608 -0.691066 0.614229 0.380987 21.842405 0.093207 -0.446973 0.889678 1.449311 0.000000 0.000000 0.000000 1.000000
0.719927 0.646781 0.251754 76.469734 -0.687691 0.615757 0.384609 21.849354 0.093739 -0.450019 0.888085 1.493234 0.000000 0.000000 0.000000 1.000000
0.723092 0.643334 0.251515 76.453873 -0.683970 0.615942 0.390896 21.849983 0.096559 -0.454682 0.885404 1.435404 0.000000 0.000000 0.000000 1.000000
0.725544 0.640909 0.250643 76.453995 -0.680501 0.613934 0.400004 21.839542 0.102488 -0.460783 0.881576 1.315639 0.000000 0.000000 0.000000 1.000000
0.727276 0.639545 0.249103 76.452812 -0.677275 0.609920 0.411455 21.818890 0.111211 -0.467953 0.876728 1.197451 0.000000 0.000000 0.000000 1.000000
0.728436 0.639279 0.246379 76.448944 -0.673878 0.603697 0.425955 21.789673 0.123566 -0.476310 0.870552 1.075567 0.000000 0.000000 0.000000 1.000000
0.728941 0.640112 0.242696 76.444290 -0.670510 0.596096 0.441685 21.753277 0.138058 -0.484693 0.863720 0.961071 0.000000 0.000000 0.000000 1.000000
0.729039 0.641652 0.238296 76.436829 -0.666864 0.587391 0.458546 21.712498 0.154254 -0.493209 0.856125 0.852042 0.000000 0.000000 0.000000 1.000000
0.729262 0.643372 0.232914 76.424324 -0.662458 0.578692 0.475674 21.669792 0.171250 -0.501187 0.848225 0.752596 0.000000 0.000000 0.000000 1.000000
0.729272 0.645275 0.227558 76.410027 -0.657955 0.570084 0.492037 21.621531 0.187772 -0.508551 0.840308 0.664291 0.000000 0.000000 0.000000 1.000000
0.728687 0.647445 0.223226 76.397049 -0.654275 0.561838 0.506224 21.558960 0.202335 -0.514930 0.833011 0.592404 0.000000 0.000000 0.000000 1.000000
0.727263 0.649990 0.220460 76.389488 -0.653122 0.556630 0.513414 21.499882 0.211000 -0.517374 0.829339 0.568066 0.000000 0.000000 0.000000 1.000000
0.725659 0.652499 0.218320 76.381775 -0.653329 0.553903 0.516093 21.457306 0.215822 -0.517143 0.828241 0.576173 0.000000 0.000000 0.000000 1.000000
0.724042 0.654862 0.216607 76.376984 -0.653839 0.551604 0.517906 21.422478 0.219676 -0.516612 0.827559 0.587343 0.000000 0.000000 0.000000 1.000000
0.722423 0.657094 0.215250 76.374649 -0.654602 0.549673 0.518995 21.390007 0.222711 -0.515837 0.827231 0.600928 0.000000 0.000000 0.000000 1.000000
0.720810 0.659212 0.214180 76.374023 -0.655570 0.548041 0.519499 21.359882 0.225080 -0.514870 0.827193 0.616681 0.000000 0.000000 0.000000 1.000000
0.719209 0.661233 0.213329 76.375328 -0.656689 0.546645 0.519556 21.332195 0.226932 -0.513761 0.827376 0.634215 0.000000 0.000000 0.000000 1.000000
0.717613 0.663191 0.212626 76.377022 -0.657913 0.545405 0.519311 21.306612 0.228435 -0.512553 0.827712 0.653358 0.000000 0.000000 0.000000 1.000000
0.716018 0.665111 0.212001 76.380051 -0.659192 0.544249 0.518902 21.283819 0.229746 -0.511292 0.828128 0.672451 0.000000 0.000000 0.000000 1.000000
0.714420 0.667023 0.211385 76.384552 -0.660476 0.543100 0.518473 21.263531 0.231030 -0.510022 0.828555 0.690912 0.000000 0.000000 0.000000 1.000000
0.712812 0.668954 0.210711 76.390617 -0.661715 0.541885 0.518164 21.246260 0.232447 -0.508784 0.828919 0.707733 0.000000 0.000000 0.000000 1.000000
0.711193 0.670926 0.209913 76.399452 -0.662855 0.540534 0.518118 21.231340 0.234153 -0.507623 0.829151 0.720960 0.000000 0.000000 0.000000 1.000000
0.709765 0.672708 0.209040 76.553322 -0.663733 0.539216 0.518367 21.222698 0.235992 -0.506665 0.829215 0.624049 0.000000 0.000000 0.000000 1.000000</float_array><technique_common><accessor source="#Hips-Matrix-animation-output-transform-array" count="100" stride="16"><param type="float4x4"/></accessor></technique_common></source><source id="Hips-Interpolations"><Name_array id="Hips-Interpolations-array" count="100">
 LINEAR LINEAR LINEAR LINEAR LINEAR LINEAR LINEAR LINEAR LINEAR LINEAR LINEAR
LINEAR LINEAR LINEAR LINEAR LINEAR LINEAR LINEAR LINEAR LINEAR LINEAR LINEAR LINEAR
LINEAR LINEAR LINEAR LINEAR LINEAR LINEAR LINEAR LINEAR LINEAR LINEAR LINEAR LINEAR
LINEAR LINEAR LINEAR LINEAR LINEAR LINEAR LINEAR LINEAR LINEAR LINEAR LINEAR LINEAR
LINEAR LINEAR LINEAR LINEAR LINEAR LINEAR LINEAR LINEAR LINEAR LINEAR LINEAR LINEAR
LINEAR LINEAR LINEAR LINEAR LINEAR LINEAR LINEAR LINEAR LINEAR LINEAR LINEAR LINEAR
LINEAR LINEAR LINEAR LINEAR LINEAR LINEAR LINEAR LINEAR LINEAR LINEAR LINEAR LINEAR
LINEAR LINEAR LINEAR LINEAR LINEAR LINEAR LINEAR LINEAR LINEAR LINEAR LINEAR LINEAR
LINEAR LINEAR LINEAR LINEAR LINEAR</Name_array><technique_common><accessor source="#Hips-Interpolations-array" count="100"><param type="name"/></accessor></technique_common></source><sampler id="Hips-Matrix-animation-transform"><input semantic="INPUT" source="#Hips-Matrix-animation-input"/><input semantic="OUTPUT" source="#Hips-Matrix-animation-output-transform"/><input semantic="INTERPOLATION" source="#Hips-Interpolations"/></sampler><channel source="#Hips-Matrix-animation-transform" target="Hips/matrix"/></animation>
    <animation id="Spine-anim" name="Spine"><source id="Spine-Matrix-animation-input"><float_array id="Spine-Matrix-animation-input-array" count="100">

0.000000 0.033333 0.066667 0.100000 0.133333 0.166667 0.200000 0.233333 0.266667 0.300000 0.333333 0.366667 0.400000 0.433333 0.466667 0.500000
0.533333 0.566667 0.600000 0.633333 0.666667 0.700000 0.733333 0.766667 0.800000 0.833333 0.866667 0.900000 0.933333 0.966667 1.000000 1.033333
1.066667 1.100000 1.133333 1.166667 1.200000 1.233333 1.266667 1.300000 1.333333 1.366667 1.400000 1.433333 1.466667 1.500000 1.533333 1.566667
1.600000 1.633333 1.666667 1.700000 1.733333 1.766667 1.800000 1.833333 1.866667 1.900000 1.933333 1.966667 2.000000 2.033333 2.066667 2.100000
2.133333 2.166667 2.200000 2.233333 2.266667 2.300000 2.333333 2.366667 2.400000 2.433333 2.466667 2.500000 2.533333 2.566667 2.600000 2.633333
2.666667 2.700000 2.733333 2.766667 2.800000 2.833333 2.866667 2.900000 2.933333 2.966667 3.000000 3.033333 3.066667 3.100000 3.133333 3.166667
3.200000 3.233333 3.266667 3.300000</float_array><technique_common><accessor source="#Spine-Matrix-animation-input-array" count="100"><param name="TIME" type="float"/></accessor></technique_common></source><source id="Spine-Matrix-animation-output-transform"><float_array id="Spine-Matrix-animation-output-transform-array" count="1600">

0.999951 -0.005331 0.008326 0.000000 0.006073 0.995753 -0.091862 13.784800 -0.007801 0.091908 0.995737 0.064400 0.000000 0.000000 0.000000 1.000000
0.999921 -0.009194 0.008546 0.000000 0.010343 0.989239 -0.145945 13.784800 -0.007112 0.146022 0.989256 0.064400 0.000000 0.000000 0.000000 1.000000
0.999800 -0.019390 0.004818 0.000000 0.019976 0.965164 -0.260880 13.784800 0.000409 0.260925 0.965359 0.064400 0.000000 0.000000 0.000000 1.000000
0.999742 -0.010574 -0.020120 0.000000 0.003151 0.941125 -0.338044 13.784800 0.022510 0.337893 0.940915 0.064400 0.000000 0.000000 0.000000 1.000000
0.998635 -0.041221 -0.032069 0.000000 0.027117 0.934034 -0.356153 13.784800 0.044635 0.354797 0.933877 0.064400 0.000000 0.000000 0.000000 1.000000
0.997081 -0.074052 -0.018617 0.000000 0.062653 0.932813 -0.354873 13.784800 0.043645 0.352671 0.934729 0.064400 0.000000 0.000000 0.000000 1.000000
0.997251 -0.073414 0.010010 0.000000 0.072100 0.930389 -0.359414 13.784800 0.017073 0.359148 0.933124 0.064400 0.000000 0.000000 0.000000 1.000000
0.995749 -0.087739 0.028037 -0.000000 0.091861 0.923581 -0.372237 13.784800 0.006766 0.373230 0.927714 0.064400 0.000000 0.000000 0.000000 1.000000
0.994262 -0.101780 0.032917 0.000000 0.106761 0.924905 -0.364902 13.784800 0.006694 0.366322 0.930464 0.064400 0.000000 0.000000 0.000000 1.000000
0.993574 -0.107137 0.036509 -0.000000 0.113080 0.925621 -0.361162 13.784800 0.004900 0.362969 0.931788 0.064400 0.000000 0.000000 0.000000 1.000000
0.993433 -0.108117 0.037449 0.000000 0.114313 0.923763 -0.365506 13.784800 0.004923 0.367387 0.930055 0.064400 0.000000 0.000000 0.000000 1.000000
0.993602 -0.109015 0.029512 0.000000 0.112197 0.922886 -0.368365 13.784800 0.012921 0.369320 0.929213 0.064400 0.000000 0.000000 0.000000 1.000000
0.994280 -0.103629 0.025870 0.000000 0.105789 0.922054 -0.372324 13.784800 0.014730 0.372930 0.927742 0.064400 0.000000 0.000000 0.000000 1.000000
0.996189 -0.083544 0.025058 0.000000 0.086724 0.918123 -0.386691 13.784800 0.009300 0.387390 0.921869 0.064400 0.000000 0.000000 0.000000 1.000000
0.997762 -0.062368 0.024102 0.000000 0.066787 0.912425 -0.403758 13.784800 0.003191 0.404465 0.914548 0.064400 0.000000 0.000000 0.000000 1.000000
0.998755 -0.046112 0.019049 -0.000000 0.049850 0.906755 -0.418702 13.784800 0.002035 0.419130 0.907924 0.064400 0.000000 0.000000 0.000000 1.000000
0.999279 -0.035854 0.012497 0.000000 0.037725 0.900260 -0.433716 13.784800 0.004300 0.433874 0.900963 0.064400 0.000000 0.000000 0.000000 1.000000
0.999502 -0.029951 0.009930 0.000000 0.031247 0.895759 -0.443440 13.784800 0.004386 0.443530 0.896249 0.064400 0.000000 0.000000 0.000000 1.000000
0.999607 -0.026838 0.008145 0.000000 0.027639 0.893255 -0.448700 13.784800 0.004766 0.448749 0.893645 0.064400 0.000000 0.000000 0.000000 1.000000
0.999572 -0.028151 0.008010 0.000000 0.028729 0.891372 -0.452360 13.784800 0.005594 0.452397 0.891799 0.064400 0.000000 0.000000 0.000000 1.000000
0.999416 -0.032941 0.009046 0.000000 0.033466 0.891007 -0.452754 13.784800 0.006854 0.452793 0.891589 0.064400 0.000000 0.000000 0.000000 1.000000
0.999171 -0.039571 0.009613 0.000000 0.039667 0.892418 -0.449462 13.784800 0.009207 0.449471 0.893248 0.064400 0.000000 0.000000 0.000000 1.000000
0.998920 -0.045424 0.009789 -0.000000 0.045051 0.895116 -0.443551 13.784800 0.011386 0.443513 0.896196 0.064400 0.000000 0.000000 0.000000 1.000000
0.998625 -0.051254 0.011003 0.000000 0.050902 0.897927 -0.437191 13.784800 0.012528 0.437150 0.899301 0.064400 0.000000 0.000000 0.000000 1.000000
0.998261 -0.056690 0.016152 0.000000 0.058092 0.899665 -0.432699 13.784800 0.009998 0.432885 0.901394 0.064400 0.000000 0.000000 0.000000 1.000000
0.997850 -0.061886 0.021553 -0.000000 0.065106 0.898807 -0.433482 13.784800 0.007455 0.433953 0.900905 0.064400 0.000000 0.000000 0.000000 1.000000
0.997483 -0.066261 0.025231 -0.000000 0.070638 0.897989 -0.434310 13.784800 0.006121 0.434999 0.900410 0.064400 0.000000 0.000000 0.000000 1.000000
0.997218 -0.069237 0.027624 0.000000 0.074364 0.898258 -0.433131 13.784800 0.005175 0.433980 0.900908 0.064400 0.000000 0.000000 0.000000 1.000000
0.997016 -0.071465 0.029183 -0.000000 0.077042 0.897460 -0.434316 13.784800 0.004848 0.435268 0.900288 0.064400 0.000000 0.000000 0.000000 1.000000
0.996888 -0.072783 0.030272 0.000000 0.078668 0.894181 -0.440740 13.784800 0.005010 0.441750 0.897124 0.064400 0.000000 0.000000 0.000000 1.000000
0.996860 -0.072626 0.031565 -0.000000 0.079062 0.890236 -0.448586 13.784800 0.004479 0.449672 0.893182 0.064400 0.000000 0.000000 0.000000 1.000000
0.996914 -0.071442 0.032528 0.000000 0.078417 0.887473 -0.454140 13.784800 0.003577 0.455289 0.890337 0.064400 0.000000 0.000000 0.000000 1.000000
0.997011 -0.069620 0.033501 0.000000 0.077238 0.887390 -0.454503 13.784800 0.001914 0.455732 0.890115 0.064400 0.000000 0.000000 0.000000 1.000000
0.997088 -0.067632 0.035231 0.000000 0.076254 0.889360 -0.450804 13.784800 -0.000845 0.452177 0.891928 0.064400 0.000000 0.000000 0.000000 1.000000
0.997133 -0.065474 0.037945 0.000000 0.075544 0.890684 -0.448303 13.784800 -0.004445 0.449884 0.893076 0.064400 0.000000 0.000000 0.000000 1.000000
0.997158 -0.063473 0.040574 0.000000 0.074994 0.887451 -0.454759 13.784800 -0.007142 0.456510 0.889690 0.064400 0.000000 0.000000 0.000000 1.000000
0.997181 -0.062228 0.041931 0.000000 0.074650 0.879430 -0.470139 13.784800 -0.007620 0.471943 0.881596 0.064400 0.000000 0.000000 0.000000 1.000000
0.997086 -0.061478 0.045171 0.000000 0.075544 0.878183 -0.472322 13.784800 -0.010631 0.474358 0.880268 0.064400 0.000000 0.000000 0.000000 1.000000
0.996731 -0.063616 0.049800 -0.000000 0.079566 0.879856 -0.468533 13.784800 -0.014011 0.470964 0.882041 0.064400 0.000000 0.000000 0.000000 1.000000
0.996072 -0.067504 0.057302 0.000000 0.086107 0.889294 -0.449157 13.784800 -0.020638 0.452327 0.891613 0.064400 0.000000 0.000000 0.000000 1.000000
0.995149 -0.074970 0.063709 0.000000 0.094933 0.901726 -0.421756 13.784800 -0.025829 0.425758 0.904469 0.064400 0.000000 0.000000 0.000000 1.000000
0.992919 -0.092448 0.074604 0.000000 0.114617 0.910609 -0.397056 13.784800 -0.031228 0.402796 0.914757 0.064400 0.000000 0.000000 0.000000 1.000000
0.991833 -0.092100 0.088229 -0.000000 0.118697 0.919670 -0.374324 13.784800 -0.046666 0.381739 0.923091 0.064400 0.000000 0.000000 0.000000 1.000000
0.996031 -0.037442 0.080747 0.000000 0.068921 0.898509 -0.433510 13.784800 -0.056321 0.437354 0.897524 0.064400 0.000000 0.000000 0.000000 1.000000
0.999445 0.032644 0.006633 -0.000000 -0.026198 0.893289 -0.448718 13.784800 -0.020573 0.448296 0.893649 0.064400 0.000000 0.000000 0.000000 1.000000
0.981804 0.184712 -0.044078 0.000000 -0.185586 0.884119 -0.428826 13.784800 -0.040239 0.429204 0.902311 0.064400 0.000000 0.000000 0.000000 1.000000
0.940464 0.330465 -0.079500 -0.000000 -0.328343 0.822850 -0.463799 13.784800 -0.087853 0.462289 0.882367 0.064400 0.000000 0.000000 0.000000 1.000000
0.904074 0.408898 -0.124308 0.000000 -0.415716 0.773909 -0.477750 13.784800 -0.099148 0.483598 0.869657 0.064400 0.000000 0.000000 0.000000 1.000000
0.871919 0.461672 -0.163141 -0.000000 -0.478045 0.730512 -0.487674 13.784800 -0.105969 0.503201 0.857648 0.064400 0.000000 0.000000 0.000000 1.000000
0.840608 0.504195 -0.197901 0.000000 -0.531233 0.696160 -0.482858 13.784800 -0.105684 0.511026 0.853044 0.064400 0.000000 0.000000 0.000000 1.000000
0.812125 0.540240 -0.220442 -0.000000 -0.574301 0.673334 -0.465619 13.784800 -0.103115 0.504740 0.857091 0.064400 0.000000 0.000000 0.000000 1.000000
0.786065 0.572545 -0.233010 0.000000 -0.609732 0.656200 -0.444554 13.784800 -0.101626 0.491522 0.864915 0.064400 0.000000 0.000000 0.000000 1.000000
0.762686 0.601803 -0.236946 0.000000 -0.638642 0.642850 -0.422942 13.784800 -0.102207 0.473896 0.874629 0.064400 0.000000 0.000000 0.000000 1.000000
0.749665 0.617536 -0.238016 0.000000 -0.653553 0.634114 -0.413240 13.784800 -0.104261 0.465347 0.878966 0.064400 0.000000 0.000000 0.000000 1.000000
0.744154 0.623806 -0.238959 -0.000000 -0.659752 0.630256 -0.409274 13.784800 -0.104702 0.462217 0.880564 0.064400 0.000000 0.000000 0.000000 1.000000
0.741489 0.627384 -0.237872 0.000000 -0.662735 0.629467 -0.405653 13.784800 -0.104768 0.458433 0.882532 0.064400 0.000000 0.000000 0.000000 1.000000
0.741683 0.628741 -0.233647 0.000000 -0.662336 0.631506 -0.403126 13.784800 -0.105912 0.453745 0.884815 0.064400 0.000000 0.000000 0.000000 1.000000
0.743565 0.628243 -0.228957 0.000000 -0.660042 0.634804 -0.401707 13.784800 -0.107027 0.449816 0.886685 0.064400 0.000000 0.000000 0.000000 1.000000
0.746485 0.626834 -0.223249 0.000000 -0.656793 0.640321 -0.398261 13.784800 -0.106692 0.443924 0.889690 0.064400 0.000000 0.000000 0.000000 1.000000
0.747880 0.626458 -0.219605 0.000000 -0.655430 0.644361 -0.393967 13.784800 -0.105299 0.438576 0.892504 0.064400 0.000000 0.000000 0.000000 1.000000
0.746605 0.628479 -0.218163 0.000000 -0.657517 0.647190 -0.385766 13.784800 -0.101253 0.431461 0.896431 0.064400 0.000000 0.000000 0.000000 1.000000
0.744490 0.632129 -0.214820 0.000000 -0.660337 0.649756 -0.376527 13.784800 -0.098433 0.422174 0.901155 0.064400 0.000000 0.000000 0.000000 1.000000
0.745178 0.634559 -0.205050 0.000000 -0.659112 0.654080 -0.371147 13.784800 -0.101395 0.411721 0.905652 0.064400 0.000000 0.000000 0.000000 1.000000
0.748920 0.634418 -0.191397 0.000000 -0.653910 0.660749 -0.368528 13.784800 -0.107335 0.401155 0.909700 0.064400 0.000000 0.000000 0.000000 1.000000
0.753464 0.632899 -0.178132 -0.000000 -0.647275 0.666445 -0.369982 13.784800 -0.115446 0.394069 0.911802 0.064400 0.000000 0.000000 0.000000 1.000000
0.760358 0.628371 -0.164333 0.000000 -0.637126 0.672440 -0.376689 13.784800 -0.126196 0.391119 0.911647 0.064400 0.000000 0.000000 0.000000 1.000000
0.764893 0.624288 -0.158752 -0.000000 -0.630322 0.674577 -0.384239 13.784800 -0.132786 0.393967 0.909482 0.064400 0.000000 0.000000 0.000000 1.000000
0.770393 0.617354 -0.159274 0.000000 -0.622028 0.672962 -0.400255 13.784800 -0.139914 0.407426 0.902457 0.064400 0.000000 0.000000 0.000000 1.000000
0.773159 0.612606 -0.164132 0.000000 -0.617748 0.668845 -0.413562 13.784800 -0.143571 0.421141 0.895560 0.064400 0.000000 0.000000 0.000000 1.000000
0.770171 0.614619 -0.170531 0.000000 -0.621384 0.662656 -0.418054 13.784800 -0.143940 0.427938 0.892272 0.064400 0.000000 0.000000 0.000000 1.000000
0.766954 0.616947 -0.176517 0.000000 -0.625515 0.657372 -0.420230 13.784800 -0.143222 0.432711 0.890083 0.064400 0.000000 0.000000 0.000000 1.000000
0.764953 0.618023 -0.181369 0.000000 -0.628419 0.654414 -0.420515 13.784800 -0.141197 0.435650 0.888973 0.064400 0.000000 0.000000 0.000000 1.000000
0.762991 0.618830 -0.186798 0.000000 -0.631500 0.651884 -0.419827 13.784800 -0.138031 0.438287 0.888173 0.064400 0.000000 0.000000 0.000000 1.000000
0.761743 0.618832 -0.191820 0.000000 -0.633855 0.650569 -0.418315 13.784800 -0.134075 0.440234 0.887816 0.064400 0.000000 0.000000 0.000000 1.000000
0.762154 0.617087 -0.195766 0.000000 -0.634181 0.650861 -0.417367 13.784800 -0.130136 0.442249 0.887401 0.064400 0.000000 0.000000 0.000000 1.000000
0.762574 0.615514 -0.199056 0.000000 -0.634543 0.651854 -0.415261 13.784800 -0.125844 0.442977 0.887657 0.064400 0.000000 0.000000 0.000000 1.000000
0.759969 0.618013 -0.201264 0.000000 -0.637842 0.649628 -0.413693 13.784800 -0.124921 0.442768 0.887891 0.064400 0.000000 0.000000 0.000000 1.000000
0.756592 0.621820 -0.202256 0.000000 -0.642415 0.649179 -0.407271 13.784800 -0.121949 0.438070 0.890631 0.064400 0.000000 0.000000 0.000000 1.000000
0.752473 0.627244 -0.200870 0.000000 -0.647455 0.648546 -0.400239 13.784800 -0.120774 0.431223 0.894126 0.064400 0.000000 0.000000 0.000000 1.000000
0.749927 0.631123 -0.198225 0.000000 -0.650944 0.650661 -0.391040 13.784800 -0.117817 0.422285 0.898774 0.064400 0.000000 0.000000 0.000000 1.000000
0.747390 0.635153 -0.194908 0.000000 -0.654276 0.652652 -0.382058 13.784800 -0.115458 0.413070 0.903351 0.064400 0.000000 0.000000 0.000000 1.000000
0.745789 0.638252 -0.190875 -0.000000 -0.656518 0.655528 -0.373184 13.784800 -0.113061 0.403630 0.907910 0.064400 0.000000 0.000000 0.000000 1.000000
0.744010 0.641878 -0.185588 0.000000 -0.658695 0.657993 -0.364918 13.784800 -0.112118 0.393748 0.912355 0.064400 0.000000 0.000000 0.000000 1.000000
0.742944 0.644754 -0.179793 -0.000000 -0.659958 0.660751 -0.357581 13.784800 -0.111753 0.384319 0.916412 0.064400 0.000000 0.000000 0.000000 1.000000
0.742241 0.647010 -0.174516 0.000000 -0.660940 0.663814 -0.350012 13.784800 -0.110615 0.375138 0.920345 0.064400 0.000000 0.000000 0.000000 1.000000
0.741722 0.648815 -0.169966 0.000000 -0.661894 0.667136 -0.341797 13.784800 -0.108372 0.366017 0.924276 0.064400 0.000000 0.000000 0.000000 1.000000
0.741466 0.650107 -0.166101 0.000000 -0.662676 0.670639 -0.333321 13.784800 -0.105301 0.357217 0.928066 0.064400 0.000000 0.000000 0.000000 1.000000
0.741653 0.650784 -0.162575 0.000000 -0.663070 0.674617 -0.324393 13.784800 -0.101434 0.348386 0.931847 0.064400 0.000000 0.000000 0.000000 1.000000
0.742517 0.650577 -0.159433 0.000000 -0.662999 0.679926 -0.313261 13.784800 -0.095398 0.338306 0.936188 0.064400 0.000000 0.000000 0.000000 1.000000
0.744010 0.649321 -0.157581 -0.000000 -0.662204 0.685125 -0.303463 13.784800 -0.089082 0.330130 0.939723 0.064400 0.000000 0.000000 0.000000 1.000000
0.745782 0.647837 -0.155293 -0.000000 -0.660890 0.690124 -0.294879 13.784800 -0.083862 0.322547 0.942831 0.064400 0.000000 0.000000 0.000000 1.000000
0.747655 0.646351 -0.152456 0.000000 -0.659227 0.694636 -0.287925 13.784800 -0.080199 0.315771 0.945440 0.064400 0.000000 0.000000 0.000000 1.000000
0.749619 0.644692 -0.149814 0.000000 -0.657388 0.698924 -0.281684 13.784800 -0.076891 0.309642 0.947739 0.064400 0.000000 0.000000 0.000000 1.000000
0.751470 0.642953 -0.148003 0.000000 -0.655651 0.702729 -0.276215 13.784800 -0.073587 0.304605 0.949632 0.064400 0.000000 0.000000 0.000000 1.000000
0.753358 0.641185 -0.146060 -0.000000 -0.653844 0.706593 -0.270582 13.784800 -0.070288 0.299346 0.951552 0.064400 0.000000 0.000000 0.000000 1.000000
0.755307 0.639257 -0.144434 0.000000 -0.652059 0.710886 -0.263553 13.784800 -0.065802 0.293243 0.953771 0.064400 0.000000 0.000000 0.000000 1.000000
0.757382 0.637177 -0.142752 0.000000 -0.650081 0.715240 -0.256568 13.784800 -0.061377 0.287120 0.955926 0.064400 0.000000 0.000000 0.000000 1.000000
0.759518 0.635007 -0.141062 -0.000000 -0.647918 0.719265 -0.250720 13.784800 -0.057748 0.281823 0.957727 0.064400 0.000000 0.000000 0.000000 1.000000
0.761597 0.632884 -0.139380 0.000000 -0.645654 0.722543 -0.247108 13.784800 -0.055683 0.278188 0.958911 0.064400 0.000000 0.000000 0.000000 1.000000
0.763389 0.631045 -0.137912 0.000000 -0.643527 0.724567 -0.246729 13.784800 -0.055771 0.277101 0.959221 0.064400 0.000000 0.000000 0.000000 1.000000</float_array><technique_common><accessor source="#Spine-Matrix-animation-output-transform-array" count="100" stride="16"><param type="float4x4"/></accessor></technique_common></source><source id="Spine-Interpolations"><Name_array id="Spine-Interpolations-array" count="100">
 LINEAR LINEAR LINEAR LINEAR LINEAR LINEAR LINEAR LINEAR LINEAR LINEAR LINEAR
LINEAR LINEAR LINEAR LINEAR LINEAR LINEAR LINEAR LINEAR LINEAR LINEAR LINEAR LINEAR
LINEAR LINEAR LINEAR LINEAR LINEAR LINEAR LINEAR LINEAR LINEAR LINEAR LINEAR LINEAR
LINEAR LINEAR LINEAR LINEAR LINEAR LINEAR LINEAR LINEAR LINEAR LINEAR LINEAR LINEAR
LINEAR LINEAR LINEAR LINEAR LINEAR LINEAR LINEAR LINEAR LINEAR LINEAR LINEAR LINEAR
LINEAR LINEAR LINEAR LINEAR LINEAR LINEAR LINEAR LINEAR LINEAR LINEAR LINEAR LINEAR
LINEAR LINEAR LINEAR LINEAR LINEAR LINEAR LINEAR LINEAR LINEAR LINEAR LINEAR LINEAR
LINEAR LINEAR LINEAR LINEAR LINEAR LINEAR LINEAR LINEAR LINEAR LINEAR LINEAR LINEAR
LINEAR LINEAR LINEAR LINEAR LINEAR</Name_array><technique_common><accessor source="#Spine-Interpolations-array" count="100"><param type="name"/></accessor></technique_common></source><sampler id="Spine-Matrix-animation-transform"><input semantic="INPUT" source="#Spine-Matrix-animation-input"/><input semantic="OUTPUT" source="#Spine-Matrix-animation-output-transform"/><input semantic="INTERPOLATION" source="#Spine-Interpolations"/></sampler><channel source="#Spine-Matrix-animation-transform" target="Spine/matrix"/></animation>
    <animation id="Spine1-anim" name="Spine1"><source id="Spine1-Matrix-animation-input"><float_array id="Spine1-Matrix-animation-input-array" count="100">

0.000000 0.033333 0.066667 0.100000 0.133333 0.166667 0.200000 0.233333 0.266667 0.300000 0.333333 0.366667 0.400000 0.433333 0.466667 0.500000
0.533333 0.566667 0.600000 0.633333 0.666667 0.700000 0.733333 0.766667 0.800000 0.833333 0.866667 0.900000 0.933333 0.966667 1.000000 1.033333
1.066667 1.100000 1.133333 1.166667 1.200000 1.233333 1.266667 1.300000 1.333333 1.366667 1.400000 1.433333 1.466667 1.500000 1.533333 1.566667
1.600000 1.633333 1.666667 1.700000 1.733333 1.766667 1.800000 1.833333 1.866667 1.900000 1.933333 1.966667 2.000000 2.033333 2.066667 2.100000
2.133333 2.166667 2.200000 2.233333 2.266667 2.300000 2.333333 2.366667 2.400000 2.433333 2.466667 2.500000 2.533333 2.566667 2.600000 2.633333
2.666667 2.700000 2.733333 2.766667 2.800000 2.833333 2.866667 2.900000 2.933333 2.966667 3.000000 3.033333 3.066667 3.100000 3.133333 3.166667
3.200000 3.233333 3.266667 3.300000</float_array><technique_common><accessor source="#Spine1-Matrix-animation-input-array" count="100"><param name="TIME" type="float"/></accessor></technique_common></source><source id="Spine1-Matrix-animation-output-transform"><float_array id="Spine1-Matrix-animation-output-transform-array" count="1600">

0.999795 -0.005228 0.019554 0.000000 0.006878 0.996332 -0.085295 12.037900 -0.019036 0.085412 0.996164 0.404700 0.000000 0.000000 0.000000 1.000000
0.999811 -0.012776 0.014672 0.000000 0.014099 0.995482 -0.093902 12.037900 -0.013406 0.094091 0.995473 0.404700 0.000000 0.000000 0.000000 1.000000
0.999355 -0.035457 -0.005641 -0.000000 0.034548 0.992453 -0.117655 12.037900 0.009770 0.117384 0.993039 0.404700 0.000000 0.000000 0.000000 1.000000
0.995439 -0.077987 -0.054951 0.000000 0.068559 0.985310 -0.156412 12.037900 0.066342 0.151931 0.986162 0.404700 0.000000 0.000000 0.000000 1.000000
0.986974 -0.139634 -0.079903 0.000000 0.121427 0.972371 -0.199375 12.037900 0.105535 0.187076 0.976660 0.404700 0.000000 0.000000 0.000000 1.000000
0.981969 -0.174262 -0.073278 0.000000 0.152837 0.959959 -0.234774 12.037900 0.111257 0.219341 0.969284 0.404700 0.000000 0.000000 0.000000 1.000000
0.980896 -0.189155 -0.045431 -0.000000 0.172130 0.952735 -0.250334 12.037900 0.090636 0.237732 0.967093 0.404700 0.000000 0.000000 0.000000 1.000000
0.986047 -0.165141 -0.020982 0.000000 0.154131 0.953307 -0.259710 12.037900 0.062891 0.252852 0.965459 0.404700 0.000000 0.000000 0.000000 1.000000
0.987297 -0.158456 -0.011675 0.000000 0.149602 0.951846 -0.267599 12.037900 0.053515 0.262453 0.963460 0.404700 0.000000 0.000000 0.000000 1.000000
0.988187 -0.153215 -0.003465 0.000000 0.146400 0.950435 -0.274300 12.037900 0.045320 0.270552 0.961638 0.404700 0.000000 0.000000 0.000000 1.000000
0.988914 -0.148490 0.000245 0.000000 0.142551 0.948896 -0.281560 12.037900 0.041576 0.278474 0.959544 0.404700 0.000000 0.000000 0.000000 1.000000
0.989512 -0.144389 -0.004244 0.000000 0.136975 0.947226 -0.289830 12.037900 0.045868 0.286209 0.957069 0.404700 0.000000 0.000000 0.000000 1.000000
0.990441 -0.137916 -0.002537 0.000000 0.130985 0.946120 -0.296142 12.037900 0.043243 0.292979 0.955141 0.404700 0.000000 0.000000 0.000000 1.000000
0.992051 -0.125707 0.005661 0.000000 0.121624 0.946354 -0.299370 12.037900 0.032276 0.297679 0.954120 0.404700 0.000000 0.000000 0.000000 1.000000
0.993099 -0.116723 0.011409 0.000000 0.114871 0.948473 -0.295303 12.037900 0.023647 0.294575 0.955336 0.404700 0.000000 0.000000 0.000000 1.000000
0.992563 -0.121333 0.009875 0.000000 0.118877 0.948600 -0.293302 12.037900 0.026219 0.292295 0.955969 0.404700 0.000000 0.000000 0.000000 1.000000
0.992664 -0.120776 0.005542 0.000000 0.117098 0.949003 -0.292714 12.037900 0.030094 0.291215 0.956184 0.404700 0.000000 0.000000 0.000000 1.000000
0.992949 -0.118498 0.003343 0.000000 0.114293 0.949467 -0.292318 12.037900 0.031465 0.290639 0.956315 0.404700 0.000000 0.000000 0.000000 1.000000
0.993314 -0.115441 0.001264 0.000000 0.110766 0.949888 -0.292307 12.037900 0.032543 0.290493 0.956324 0.404700 0.000000 0.000000 0.000000 1.000000
