<?xml version="1.0" encoding="utf-8"?>
<COLLADA xmlns="http://www.collada.org/2005/11/COLLADASchema" version="1.4.1">
  <asset><contributor><author>Mixamo</author><authoring_tool>COLLADA Mixamo exporter</authoring_tool><comments></comments></contributor><created>2019-12-01T03:08:43Z</created><modified>2019-12-01T03:08:43Z</modified><revision></revision><title></title><unit meter="0.010000"/><up_axis>Y_UP</up_axis></asset>
  <library_animations>
    <animation id="Hips-anim" name="Hips"><source id="Hips-Matrix-animation-input"><float_array id="Hips-Matrix-animation-input-array" count="49">

0.000000 0.033333 0.066667 0.100000 0.133333 0.166667 0.200000 0.233333 0.266667 0.300000 0.333333 0.366667 0.400000 0.433333 0.466667 0.500000
0.533333 0.566667 0.600000 0.633333 0.666667 0.700000 0.733333 0.766667 0.800000 0.833333 0.866667 0.900000 0.933333 0.966667 1.000000 1.033333
1.066667 1.100000 1.133333 1.166667 1.200000 1.233333 1.266667 1.300000 1.333333 1.366667 1.400000 1.433333 1.466667 1.500000 1.533333 1.566667
1.600000</float_array><technique_common><accessor source="#Hips-Matrix-animation-input-array" count="49"><param name="TIME" type="float"/></accessor></technique_common></source><source id="Hips-Matrix-animation-output-transform"><float_array id="Hips-Matrix-animation-output-transform-array" count="784">

0.635565 -0.130152 -0.760998 -3.291174 0.045061 0.990261 -0.131729 71.767250 0.770731 0.049431 0.635240 2.096112 0.000000 0.000000 0.000000 1.000000
0.662349 -0.101324 -0.742312 -3.627446 0.041697 0.994262 -0.098509 71.549377 0.748034 0.034295 0.662773 2.556567 0.000000 0.000000 0.000000 1.000000
0.699149 -0.086569 -0.709716 -3.579866 0.034305 0.995561 -0.087641 71.603928 0.714153 0.036928 0.699015 2.774312 0.000000 0.000000 0.000000 1.000000
0.742419 -0.119818 -0.659134 -2.929334 0.008708 0.985519 -0.169340 72.027405 0.669879 0.119982 0.732712 2.490684 0.000000 0.000000 0.000000 1.000000
0.776664 -0.211668 -0.593288 -1.811059 0.012338 0.946784 -0.321633 72.594566 0.629795 0.242481 0.737944 1.563098 0.000000 0.000000 0.000000 1.000000
0.790612 -0.287284 -0.540740 -0.453337 0.032998 0.901811 -0.430869 73.972992 0.611427 0.322807 0.722463 0.119431 0.000000 0.000000 0.000000 1.000000
0.774264 -0.328014 -0.541223 0.400602 0.037572 0.877514 -0.478077 76.338661 0.631747 0.349823 0.691752 -1.047206 0.000000 0.000000 0.000000 1.000000
0.740234 -0.351752 -0.572996 0.632027 0.011481 0.858718 -0.512320 77.585091 0.672251 0.372658 0.639691 -1.383031 0.000000 0.000000 0.000000 1.000000
0.711034 -0.305866 -0.633148 0.846996 -0.036108 0.883365 -0.467292 77.586021 0.702230 0.355123 0.617059 -0.948431 0.000000 0.000000 0.000000 1.000000
0.691113 -0.287048 -0.663300 1.139402 -0.034174 0.903743 -0.426709 76.747314 0.721938 0.317571 0.614779 -0.860713 0.000000 0.000000 0.000000 1.000000
0.674716 -0.282635 -0.681818 1.183280 -0.008047 0.920904 -0.389707 76.254898 0.738034 0.268427 0.619074 -1.098452 0.000000 0.000000 0.000000 1.000000
0.666915 -0.274472 -0.692741 1.236105 -0.016238 0.924112 -0.381777 75.503563 0.744957 0.265862 0.611847 -1.181677 0.000000 0.000000 0.000000 1.000000
0.662572 -0.258232 -0.703075 1.349599 -0.024299 0.930782 -0.364765 74.959435 0.748604 0.258767 0.610436 -1.295680 0.000000 0.000000 0.000000 1.000000
0.656667 -0.250432 -0.711388 1.484214 -0.019976 0.937153 -0.348347 74.478653 0.753916 0.242959 0.610395 -1.639269 0.000000 0.000000 0.000000 1.000000
0.657224 -0.249206 -0.711303 1.532062 -0.018099 0.938265 -0.345445 73.864426 0.753478 0.239908 0.612140 -2.074163 0.000000 0.000000 0.000000 1.000000
0.669512 -0.239883 -0.703000 1.555010 -0.017329 0.941116 -0.337638 73.478348 0.742599 0.238235 0.625932 -2.620305 0.000000 0.000000 0.000000 1.000000
0.675466 -0.232184 -0.699883 1.596428 -0.012329 0.945446 -0.325547 73.351974 0.737288 0.228525 0.635754 -3.165073 0.000000 0.000000 0.000000 1.000000
0.676860 -0.230693 -0.699029 1.568034 -0.004488 0.948312 -0.317307 73.268257 0.736098 0.217910 0.640839 -3.599484 0.000000 0.000000 0.000000 1.000000
0.681918 -0.224026 -0.696276 1.446895 0.004606 0.953236 -0.302191 73.131393 0.731414 0.202862 0.651061 -4.024925 0.000000 0.000000 0.000000 1.000000
0.683029 -0.217211 -0.697346 1.328463 0.013836 0.958433 -0.284983 73.101700 0.730260 0.185003 0.657642 -4.447122 0.000000 0.000000 0.000000 1.000000
0.682543 -0.211220 -0.699658 1.231258 0.021558 0.962729 -0.269608 73.206543 0.730527 0.168936 0.661657 -4.761484 0.000000 0.000000 0.000000 1.000000
0.684247 -0.205349 -0.699741 1.153391 0.027893 0.966202 -0.256271 73.381798 0.728717 0.155835 0.666849 -4.982065 0.000000 0.000000 0.000000 1.000000
0.683801 -0.201133 -0.701400 1.084997 0.032418 0.968683 -0.246174 73.658165 0.728948 0.145596 0.668907 -5.115364 0.000000 0.000000 0.000000 1.000000
0.679710 -0.199718 -0.705767 1.007160 0.037330 0.970388 -0.238649 74.066475 0.732530 0.135866 0.667038 -5.165958 0.000000 0.000000 0.000000 1.000000
0.678085 -0.198663 -0.707626 0.980042 0.041976 0.971674 -0.232570 74.560486 0.733784 0.127999 0.667216 -5.096053 0.000000 0.000000 0.000000 1.000000
0.679654 -0.194810 -0.707192 1.013103 0.042709 0.972963 -0.226976 75.046272 0.732289 0.124062 0.669598 -4.872065 0.000000 0.000000 0.000000 1.000000
0.681240 -0.190810 -0.706755 1.080018 0.041551 0.973956 -0.222898 75.452461 0.730880 0.122481 0.671426 -4.512828 0.000000 0.000000 0.000000 1.000000
0.682442 -0.186320 -0.706794 1.179270 0.039310 0.974922 -0.219046 75.767570 0.729882 0.121702 0.672653 -4.030345 0.000000 0.000000 0.000000 1.000000
0.684186 -0.180881 -0.706521 1.327802 0.035506 0.975868 -0.215454 75.941368 0.728443 0.122325 0.674097 -3.416682 0.000000 0.000000 0.000000 1.000000
0.685198 -0.174601 -0.707119 1.482492 0.030863 0.976930 -0.211317 76.036270 0.727702 0.122971 0.674779 -2.712958 0.000000 0.000000 0.000000 1.000000
0.684855 -0.169775 -0.708625 1.628044 0.027065 0.977735 -0.208092 76.054619 0.728177 0.123334 0.674201 -1.936118 0.000000 0.000000 0.000000 1.000000
0.684161 -0.163604 -0.710745 1.751627 0.022282 0.978749 -0.203846 76.041611 0.728991 0.123626 0.673267 -1.124256 0.000000 0.000000 0.000000 1.000000
0.684409 -0.148081 -0.713902 1.850801 0.012141 0.981337 -0.191914 76.147728 0.728997 0.122680 0.673434 -0.327523 0.000000 0.000000 0.000000 1.000000
0.684462 -0.140333 -0.715415 1.913455 0.006169 0.982379 -0.186798 76.212959 0.729023 0.123443 0.673266 0.471135 0.000000 0.000000 0.000000 1.000000
0.684440 -0.135321 -0.716401 1.914465 0.002135 0.982992 -0.183638 76.174950 0.729066 0.124159 0.673087 1.183969 0.000000 0.000000 0.000000 1.000000
0.682305 -0.131290 -0.719182 1.831687 0.000593 0.983841 -0.179042 76.136368 0.731068 0.121734 0.671358 1.771358 0.000000 0.000000 0.000000 1.000000
0.677441 -0.126509 -0.724617 1.631600 -0.000348 0.985044 -0.172301 76.076317 0.735577 0.116976 0.667265 2.238973 0.000000 0.000000 0.000000 1.000000
0.671368 -0.122238 -0.730974 1.331456 0.000435 0.986369 -0.164547 75.986282 0.741124 0.110153 0.662269 2.578693 0.000000 0.000000 0.000000 1.000000
0.665650 -0.120798 -0.736423 0.912222 0.003030 0.987241 -0.159202 75.847176 0.746258 0.103741 0.657523 2.802323 0.000000 0.000000 0.000000 1.000000
0.659481 -0.123096 -0.741574 0.387917 0.008366 0.987642 -0.156502 75.659332 0.751675 0.097006 0.652361 2.888467 0.000000 0.000000 0.000000 1.000000
0.650580 -0.127643 -0.748634 -0.132030 0.013354 0.987545 -0.156772 75.291855 0.759321 0.091995 0.644181 2.831942 0.000000 0.000000 0.000000 1.000000
0.640555 -0.133396 -0.756237 -0.627446 0.016780 0.986993 -0.159886 74.848610 0.767729 0.089726 0.634462 2.720093 0.000000 0.000000 0.000000 1.000000
0.636163 -0.136276 -0.759425 -1.179651 0.019345 0.986786 -0.160870 74.374710 0.771313 0.087649 0.630392 2.618834 0.000000 0.000000 0.000000 1.000000
0.635469 -0.136301 -0.760001 -1.709072 0.023416 0.987245 -0.157477 73.872887 0.771771 0.082275 0.630555 2.491057 0.000000 0.000000 0.000000 1.000000
0.633029 -0.135766 -0.762130 -2.171598 0.028590 0.987929 -0.152244 73.361816 0.773600 0.074586 0.629269 2.357856 0.000000 0.000000 0.000000 1.000000
0.631854 -0.132423 -0.763692 -2.578341 0.033180 0.989015 -0.144041 72.851097 0.774377 0.065673 0.629307 2.263105 0.000000 0.000000 0.000000 1.000000
0.633320 -0.128744 -0.763106 -2.897939 0.036857 0.989964 -0.136429 72.417336 0.773012 0.058277 0.631709 2.207152 0.000000 0.000000 0.000000 1.000000
0.634153 -0.127964 -0.762545 -3.142392 0.040916 0.990382 -0.132171 72.072212 0.772124 0.052616 0.633289 2.150119 0.000000 0.000000 0.000000 1.000000
0.635565 -0.130152 -0.760998 -3.291167 0.045061 0.990261 -0.131729 71.767250 0.770731 0.049431 0.635240 2.096073 0.000000 0.000000 0.000000 1.000000</float_array><technique_common><accessor source="#Hips-Matrix-animation-output-transform-array" count="49" stride="16"><param type="float4x4"/></accessor></technique_common></source><source id="Hips-Interpolations"><Name_array id="Hips-Interpolations-array" count="49">
 LINEAR LINEAR LINEAR LINEAR LINEAR LINEAR LINEAR LINEAR LINEAR LINEAR LINEAR
LINEAR LINEAR LINEAR LINEAR LINEAR LINEAR LINEAR LINEAR LINEAR LINEAR LINEAR LINEAR
LINEAR LINEAR LINEAR LINEAR LINEAR LINEAR LINEAR LINEAR LINEAR LINEAR LINEAR LINEAR
LINEAR LINEAR LINEAR LINEAR LINEAR LINEAR LINEAR LINEAR LINEAR LINEAR LINEAR LINEAR
LINEAR LINEAR</Name_array><technique_common><accessor source="#Hips-Interpolations-array" count="49"><param type="name"/></accessor></technique_common></source><sampler id="Hips-Matrix-animation-transform"><input semantic="INPUT" source="#Hips-Matrix-animation-input"/><input semantic="OUTPUT" source="#Hips-Matrix-animation-output-transform"/><input semantic="INTERPOLATION" source="#Hips-Interpolations"/></sampler><channel source="#Hips-Matrix-animation-transform" target="Hips/matrix"/></animation>
    <animation id="Spine-anim" name="Spine"><source id="Spine-Matrix-animation-input"><float_array id="Spine-Matrix-animation-input-array" count="49">

0.000000 0.033333 0.066667 0.100000 0.133333 0.166667 0.200000 0.233333 0.266667 0.300000 0.333333 0.366667 0.400000 0.433333 0.466667 0.500000
0.533333 0.566667 0.600000 0.633333 0.666667 0.700000 0.733333 0.766667 0.800000 0.833333 0.866667 0.900000 0.933333 0.966667 1.000000 1.033333
1.066667 1.100000 1.133333 1.166667 1.200000 1.233333 1.266667 1.300000 1.333333 1.366667 1.400000 1.433333 1.466667 1.500000 1.533333 1.566667
1.600000</float_array><technique_common><accessor source="#Spine-Matrix-animation-input-array" count="49"><param name="TIME" type="float"/></accessor></technique_common></source><source id="Spine-Matrix-animation-output-transform"><float_array id="Spine-Matrix-animation-output-transform-array" count="784">

0.997941 0.040536 0.049696 0.000000 -0.030379 0.981246 -0.190352 13.784800 -0.056481 0.188451 0.980457 0.064400 0.000000 0.000000 0.000000 1.000000
0.997927 0.043070 0.047818 0.000000 -0.033141 0.980866 -0.191842 13.784800 -0.055166 0.189859 0.980260 0.064400 0.000000 0.000000 0.000000 1.000000
0.998572 0.037130 0.038411 0.000000 -0.029292 0.981814 -0.187574 13.784800 -0.044677 0.186181 0.981499 0.064400 0.000000 0.000000 0.000000 1.000000
0.999432 0.020788 0.026520 0.000000 -0.016009 0.985463 -0.169136 13.784800 -0.029651 0.168615 0.985236 0.064400 0.000000 0.000000 0.000000 1.000000
0.999940 0.008966 0.006368 0.000000 -0.007835 0.987166 -0.159508 13.784800 -0.007716 0.159448 0.987176 0.064400 0.000000 0.000000 0.000000 1.000000
0.999789 0.004046 -0.020145 0.000000 -0.007687 0.982875 -0.184114 13.784800 0.019055 0.184230 0.982698 0.064400 0.000000 0.000000 0.000000 1.000000
0.998922 0.004628 -0.046193 0.000000 -0.014849 0.974598 -0.223467 13.784800 0.043985 0.223912 0.973616 0.064400 0.000000 0.000000 0.000000 1.000000
0.998134 0.008684 -0.060445 0.000000 -0.023185 0.969610 -0.243555 13.784800 0.056493 0.244502 0.968002 0.064400 0.000000 0.000000 0.000000 1.000000
0.997893 0.024049 -0.060256 -0.000000 -0.039495 0.962016 -0.270122 13.784800 0.051471 0.271933 0.960939 0.064400 0.000000 0.000000 0.000000 1.000000
0.997533 0.037133 -0.059571 -0.000000 -0.052193 0.959834 -0.275671 13.784800 0.046942 0.278100 0.959404 0.064400 0.000000 0.000000 0.000000 1.000000
0.997490 0.046138 -0.053709 0.000000 -0.059606 0.956594 -0.285262 13.784800 0.038217 0.287747 0.956944 0.064400 0.000000 0.000000 0.000000 1.000000
0.997898 0.044536 -0.047081 0.000000 -0.056595 0.952812 -0.298239 13.784800 0.031577 0.300277 0.953329 0.064400 0.000000 0.000000 0.000000 1.000000
0.997678 0.047201 -0.049103 -0.000000 -0.060082 0.949467 -0.308064 13.784800 0.032081 0.310298 0.950098 0.064400 0.000000 0.000000 0.000000 1.000000
0.997308 0.051572 -0.052129 0.000000 -0.065392 0.947172 -0.313989 13.784800 0.033182 0.316553 0.947994 0.064400 0.000000 0.000000 0.000000 1.000000
0.997341 0.051433 -0.051635 0.000000 -0.065138 0.946849 -0.315015 13.784800 0.032688 0.317541 0.947681 0.064400 0.000000 0.000000 0.000000 1.000000
0.997572 0.048016 -0.050435 -0.000000 -0.061558 0.946655 -0.316316 13.784800 0.032556 0.318653 0.947312 0.064400 0.000000 0.000000 0.000000 1.000000
0.997685 0.046918 -0.049222 0.000000 -0.060166 0.946370 -0.317433 13.784800 0.031689 0.319660 0.947002 0.064400 0.000000 0.000000 0.000000 1.000000
0.997736 0.046743 -0.048354 0.000000 -0.059713 0.946490 -0.317162 13.784800 0.030941 0.319331 0.947138 0.064400 0.000000 0.000000 0.000000 1.000000
0.997748 0.046271 -0.048567 -0.000000 -0.059341 0.946431 -0.317408 13.784800 0.031278 0.319575 0.947045 0.064400 0.000000 0.000000 0.000000 1.000000
0.997740 0.046909 -0.048111 0.000000 -0.059791 0.946500 -0.317115 13.784800 0.030662 0.319275 0.947166 0.064400 0.000000 0.000000 0.000000 1.000000
0.997736 0.047603 -0.047506 0.000000 -0.060233 0.946718 -0.316382 13.784800 0.029914 0.318527 0.947442 0.064400 0.000000 0.000000 0.000000 1.000000
0.997766 0.047107 -0.047370 0.000000 -0.059662 0.947352 -0.314587 13.784800 0.030057 0.316710 0.948046 0.064400 0.000000 0.000000 0.000000 1.000000
0.997841 0.046216 -0.046660 -0.000000 -0.058504 0.948338 -0.311822 13.784800 0.029838 0.313879 0.948994 0.064400 0.000000 0.000000 0.000000 1.000000
0.997921 0.046017 -0.045116 -0.000000 -0.057748 0.949282 -0.309077 13.784800 0.028605 0.311039 0.949966 0.064400 0.000000 0.000000 0.000000 1.000000
0.997969 0.046416 -0.043632 0.000000 -0.057574 0.950314 -0.305922 13.784800 0.027264 0.307812 0.951056 0.064400 0.000000 0.000000 0.000000 1.000000
0.998011 0.047375 -0.041579 -0.000000 -0.057750 0.951580 -0.301926 13.784800 0.025262 0.303727 0.952424 0.064400 0.000000 0.000000 0.000000 1.000000
0.998127 0.047681 -0.038337 -0.000000 -0.056945 0.953129 -0.297158 13.784800 0.022372 0.298784 0.954058 0.064400 0.000000 0.000000 0.000000 1.000000
0.998297 0.047354 -0.034081 0.000000 -0.055252 0.954952 -0.291571 13.784800 0.018739 0.292957 0.955942 0.064400 0.000000 0.000000 0.000000 1.000000
0.998439 0.047426 -0.029509 -0.000000 -0.053889 0.956864 -0.285496 13.784800 0.014696 0.286640 0.957926 0.064400 0.000000 0.000000 0.000000 1.000000
0.998592 0.047380 -0.023850 0.000000 -0.052162 0.958784 -0.279307 13.784800 0.009634 0.280158 0.959906 0.064400 0.000000 0.000000 0.000000 1.000000
0.998750 0.046782 -0.017624 -0.000000 -0.049812 0.961129 -0.271570 13.784800 0.004235 0.272108 0.962257 0.064400 0.000000 0.000000 0.000000 1.000000
0.998842 0.046806 -0.011113 0.000000 -0.048078 0.963246 -0.264284 13.784800 -0.001665 0.264512 0.964381 0.064400 0.000000 0.000000 0.000000 1.000000
0.998897 0.046729 -0.004646 0.000000 -0.046340 0.964847 -0.258696 13.784800 -0.007606 0.258625 0.965948 0.064400 0.000000 0.000000 0.000000 1.000000
0.998916 0.046522 0.001485 0.000000 -0.044657 0.966904 -0.251202 13.784800 -0.013122 0.250864 0.967933 0.064400 0.000000 0.000000 0.000000 1.000000
0.998917 0.045926 0.007448 0.000000 -0.042746 0.969131 -0.242812 13.784800 -0.018369 0.242230 0.970045 0.064400 0.000000 0.000000 0.000000 1.000000
0.998871 0.045594 0.013344 0.000000 -0.041198 0.971222 -0.234587 13.784800 -0.023656 0.233772 0.972004 0.064400 0.000000 0.000000 0.000000 1.000000
0.998772 0.045636 0.019268 0.000000 -0.040078 0.973039 -0.227133 13.784800 -0.029114 0.226082 0.973673 0.064400 0.000000 0.000000 0.000000 1.000000
0.998635 0.046148 0.024465 -0.000000 -0.039627 0.974531 -0.220723 13.784800 -0.034028 0.219452 0.975030 0.064400 0.000000 0.000000 0.000000 1.000000
0.998491 0.046629 0.029008 0.000000 -0.039355 0.975997 -0.214197 13.784800 -0.038299 0.212732 0.976360 0.064400 0.000000 0.000000 0.000000 1.000000
0.998322 0.047227 0.033501 -0.000000 -0.039283 0.977481 -0.207334 13.784800 -0.042539 0.205670 0.977696 0.064400 0.000000 0.000000 0.000000 1.000000
0.998093 0.048265 0.038482 -0.000000 -0.039574 0.978757 -0.201167 13.784800 -0.047374 0.199261 0.978801 0.064400 0.000000 0.000000 0.000000 1.000000
0.997893 0.048659 0.042906 -0.000000 -0.039327 0.979728 -0.196436 13.784800 -0.051595 0.194335 0.979577 0.064400 0.000000 0.000000 0.000000 1.000000
0.997811 0.047997 0.045493 0.000000 -0.038338 0.980362 -0.193443 13.784800 -0.053884 0.191276 0.980056 0.064400 0.000000 0.000000 0.000000 1.000000
0.997769 0.047001 0.047420 0.000000 -0.037127 0.980883 -0.191023 13.784800 -0.055492 0.188836 0.980440 0.064400 0.000000 0.000000 0.000000 1.000000
0.997693 0.046472 0.049495 0.000000 -0.036329 0.981294 -0.189059 13.784800 -0.057355 0.186824 0.980718 0.064400 0.000000 0.000000 0.000000 1.000000
0.997665 0.045426 0.051007 0.000000 -0.035070 0.981510 -0.188169 13.784800 -0.058611 0.185941 0.980811 0.064400 0.000000 0.000000 0.000000 1.000000
0.997708 0.043844 0.051534 0.000000 -0.033403 0.981530 -0.188368 13.784800 -0.058841 0.186215 0.980746 0.064400 0.000000 0.000000 0.000000 1.000000
0.997798 0.042082 0.051264 0.000000 -0.031679 0.981453 -0.189067 13.784800 -0.058269 0.187027 0.980625 0.064400 0.000000 0.000000 0.000000 1.000000
0.997941 0.040537 0.049696 0.000000 -0.030379 0.981246 -0.190352 13.784800 -0.056481 0.188451 0.980457 0.064400 0.000000 0.000000 0.000000 1.000000</float_array><technique_common><accessor source="#Spine-Matrix-animation-output-transform-array" count="49" stride="16"><param type="float4x4"/></accessor></technique_common></source><source id="Spine-Interpolations"><Name_array id="Spine-Interpolations-array" count="49">
 LINEAR LINEAR LINEAR LINEAR LINEAR LINEAR LINEAR LINEAR LINEAR LINEAR LINEAR
LINEAR LINEAR LINEAR LINEAR LINEAR LINEAR LINEAR LINEAR LINEAR LINEAR LINEAR LINEAR
LINEAR LINEAR LINEAR LINEAR LINEAR LINEAR LINEAR LINEAR LINEAR LINEAR LINEAR LINEAR
LINEAR LINEAR LINEAR LINEAR LINEAR LINEAR LINEAR LINEAR LINEAR LINEAR LINEAR LINEAR
LINEAR LINEAR</Name_array><technique_common><accessor source="#Spine-Interpolations-array" count="49"><param type="name"/></accessor></technique_common></source><sampler id="Spine-Matrix-animation-transform"><input semantic="INPUT" source="#Spine-Matrix-animation-input"/><input semantic="OUTPUT" source="#Spine-Matrix-animation-output-transform"/><input semantic="INTERPOLATION" source="#Spine-Interpolations"/></sampler><channel source="#Spine-Matrix-animation-transform" target="Spine/matrix"/></animation>
    <animation id="Spine1-anim" name="Spine1"><source id="Spine1-Matrix-animation-input"><float_array id="Spine1-Matrix-animation-input-array" count="49">

0.000000 0.033333 0.066667 0.100000 0.133333 0.166667 0.200000 0.233333 0.266667 0.300000 0.333333 0.366667 0.400000 0.433333 0.466667 0.500000
0.533333 0.566667 0.600000 0.633333 0.666667 0.700000 0.733333 0.766667 0.800000 0.833333 0.866667 0.900000 0.933333 0.966667 1.000000 1.033333
1.066667 1.100000 1.133333 1.166667 1.200000 1.233333 1.266667 1.300000 1.333333 1.366667 1.400000 1.433333 1.466667 1.500000 1.533333 1.566667
1.600000</float_array><technique_common><accessor source="#Spine1-Matrix-animation-input-array" count="49"><param name="TIME" type="float"/></accessor></technique_common></source><source id="Spine1-Matrix-animation-output-transform"><float_array id="Spine1-Matrix-animation-output-transform-array" count="784">

0.992503 0.074360 0.097002 -0.000000 -0.064009 0.992328 -0.105775 12.037900 -0.104123 0.098773 0.989648 0.404700 0.000000 0.000000 0.000000 1.000000
0.994241 0.066028 0.084413 0.000000 -0.056636 0.992406 -0.109193 12.037900 -0.090982 0.103784 0.990430 0.404700 0.000000 0.000000 0.000000 1.000000
0.996868 0.048635 0.062354 0.000000 -0.042161 0.993968 -0.101245 12.037900 -0.066902 0.098299 0.992906 0.404700 0.000000 0.000000 0.000000 1.000000
0.999026 0.013646 0.041969 -0.000000 -0.010945 0.997894 -0.063931 12.037900 -0.042753 0.063410 0.997071 0.404700 0.000000 0.000000 0.000000 1.000000
0.999936 -0.006147 0.009450 0.000000 0.006563 0.998982 -0.044637 12.037900 -0.009166 0.044696 0.998959 0.404700 0.000000 0.000000 0.000000 1.000000
0.999363 -0.009736 -0.034323 -0.000000 0.006463 0.995531 -0.094209 12.037900 0.035087 0.093927 0.994961 0.404700 0.000000 0.000000 0.000000 1.000000
0.997026 -0.006407 -0.076799 -0.000000 -0.006996 0.984898 -0.172994 12.037900 0.076748 0.173017 0.981924 0.404700 0.000000 0.000000 0.000000 1.000000
0.994906 -0.000979 -0.100804 0.000000 -0.020602 0.976874 -0.212820 12.037900 0.098681 0.213813 0.971878 0.404700 0.000000 0.000000 0.000000 1.000000
0.994244 0.026272 -0.103869 0.000000 -0.053156 0.962697 -0.265310 12.037900 0.093024 0.269304 0.958552 0.404700 0.000000 0.000000 0.000000 1.000000
0.992883 0.052385 -0.106951 -0.000000 -0.080224 0.957927 -0.275573 12.037900 0.088016 0.282192 0.955312 0.404700 0.000000 0.000000 0.000000 1.000000
0.992484 0.071554 -0.099272 -0.000000 -0.097967 0.950721 -0.294164 12.037900 0.073332 0.301679 0.950585 0.404700 0.000000 0.000000 0.000000 1.000000
0.993913 0.068548 -0.086250 -0.000000 -0.092811 0.942781 -0.320234 12.037900 0.059363 0.326290 0.943404 0.404700 0.000000 0.000000 0.000000 1.000000
0.993218 0.072458 -0.090926 0.000000 -0.099316 0.935349 -0.339498 12.037900 0.060448 0.346226 0.936202 0.404700 0.000000 0.000000 0.000000 1.000000
0.991937 0.080150 -0.098173 0.000000 -0.109864 0.929978 -0.350815 12.037900 0.063181 0.358772 0.931285 0.404700 0.000000 0.000000 0.000000 1.000000
0.992091 0.079613 -0.097043 0.000000 -0.109092 0.929280 -0.352900 12.037900 0.062085 0.360696 0.930615 0.404700 0.000000 0.000000 0.000000 1.000000
0.992966 0.072305 -0.093754 0.000000 -0.101241 0.929089 -0.355729 12.037900 0.061385 0.362719 0.929875 0.404700 0.000000 0.000000 0.000000 1.000000
0.993388 0.069898 -0.091078 -0.000000 -0.098162 0.928525 -0.358057 12.037900 0.059541 0.364630 0.929247 0.404700 0.000000 0.000000 0.000000 1.000000
0.993550 0.069688 -0.089459 0.000000 -0.097341 0.928802 -0.357564 12.037900 0.058172 0.363966 0.929594 0.404700 0.000000 0.000000 0.000000 1.000000
0.993565 0.068495 -0.090205 -0.000000 -0.096532 0.928694 -0.358063 12.037900 0.059247 0.364467 0.929330 0.404700 0.000000 0.000000 0.000000 1.000000
0.993522 0.069689 -0.089767 -0.000000 -0.097449 0.928832 -0.357457 12.037900 0.058467 0.363889 0.929605 0.404700 0.000000 0.000000 0.000000 1.000000
0.993497 0.071092 -0.088932 -0.000000 -0.098365 0.929294 -0.356001 12.037900 0.057336 0.362434 0.930244 0.404700 0.000000 0.000000 0.000000 1.000000
0.993587 0.070068 -0.088744 0.000000 -0.097122 0.930757 -0.352503 12.037900 0.057900 0.358861 0.931593 0.404700 0.000000 0.000000 0.000000 1.000000
0.993842 0.068423 -0.087155 0.000000 -0.094678 0.933025 -0.347133 12.037900 0.057566 0.353247 0.933757 0.404700 0.000000 0.000000 0.000000 1.000000
0.994119 0.068330 -0.084020 0.000000 -0.093164 0.935148 -0.341787 12.037900 0.055217 0.347604 0.936014 0.404700 0.000000 0.000000 0.000000 1.000000
0.994307 0.068535 -0.081587 0.000000 -0.092159 0.937467 -0.335653 12.037900 0.053481 0.341261 0.938446 0.404700 0.000000 0.000000 0.000000 1.000000
0.994529 0.068648 -0.078737 -0.000000 -0.090869 0.940318 -0.327942 12.037900 0.051525 0.333302 0.941411 0.404700 0.000000 0.000000 0.000000 1.000000
0.995007 0.067009 -0.073970 0.000000 -0.087260 0.943800 -0.318789 12.037900 0.048451 0.323652 0.944935 0.404700 0.000000 0.000000 0.000000 1.000000
0.995646 0.064447 -0.067345 0.000000 -0.082190 0.947796 -0.308104 12.037900 0.043973 0.312298 0.948966 0.404700 0.000000 0.000000 0.000000 1.000000
0.996189 0.062970 -0.060355 -0.000000 -0.078128 0.951848 -0.296449 12.037900 0.038782 0.300035 0.953140 0.404700 0.000000 0.000000 0.000000 1.000000
0.996781 0.061623 -0.051284 0.000000 -0.073732 0.955812 -0.284584 12.037900 0.031481 0.287449 0.957278 0.404700 0.000000 0.000000 0.000000 1.000000
0.997379 0.059594 -0.041027 -0.000000 -0.068483 0.960529 -0.269620 12.037900 0.023340 0.271723 0.962092 0.404700 0.000000 0.000000 0.000000 1.000000
0.997808 0.058909 -0.030144 -0.000000 -0.064669 0.964648 -0.255482 12.037900 0.014028 0.256872 0.966344 0.404700 0.000000 0.000000 0.000000 1.000000
0.998156 0.057654 -0.018986 0.000000 -0.060549 0.967708 -0.244695 12.037900 0.004265 0.245394 0.969414 0.404700 0.000000 0.000000 0.000000 1.000000
0.998358 0.056675 -0.008345 0.000000 -0.057074 0.971517 -0.229993 12.037900 -0.004928 0.230092 0.973157 0.404700 0.000000 0.000000 0.000000 1.000000
0.998475 0.055154 0.002198 -0.000000 -0.053416 0.975508 -0.213379 12.037900 -0.013913 0.212937 0.976967 0.404700 0.000000 0.000000 0.000000 1.000000
0.998436 0.054421 0.012815 0.000000 -0.050838 0.979087 -0.196988 12.037900 -0.023267 0.196028 0.980322 0.404700 0.000000 0.000000 0.000000 1.000000
0.998228 0.054559 0.023737 0.000000 -0.049345 0.982049 -0.182056 12.037900 -0.033243 0.180563 0.983002 0.404700 0.000000 0.000000 0.000000 1.000000
0.997881 0.055805 0.033464 0.000000 -0.049376 0.984355 -0.169139 12.037900 -0.042379 0.167128 0.985024 0.404700 0.000000 0.000000 0.000000 1.000000
0.997463 0.057376 0.042141 0.000000 -0.050158 0.986496 -0.155916 12.037900 -0.050517 0.153406 0.986871 0.404700 0.000000 0.000000 0.000000 1.000000
0.996928 0.059376 0.051087 0.000000 -0.051603 0.988531 -0.141929 12.037900 -0.058929 0.138857 0.988558 0.404700 0.000000 0.000000 0.000000 1.000000
0.996155 0.062511 0.061381 0.000000 -0.054162 0.990119 -0.129344 12.037900 -0.068860 0.125522 0.989698 0.404700 0.000000 0.000000 0.000000 1.000000
0.995383 0.064636 0.070963 0.000000 -0.055843 0.991253 -0.119577 12.037900 -0.078072 0.115062 0.990286 0.404700 0.000000 0.000000 0.000000 1.000000
0.994907 0.064896 0.077121 0.000000 -0.055932 0.991997 -0.113197 12.037900 -0.083850 0.108307 0.990575 0.404700 0.000000 0.000000 0.000000 1.000000
0.994496 0.065053 0.082132 0.000000 -0.056013 0.992578 -0.107943 12.037900 -0.088545 0.102748 0.990759 0.404700 0.000000 0.000000 0.000000 1.000000
0.993894 0.067015 0.087657 0.000000 -0.057802 0.992926 -0.103719 12.037900 -0.093988 0.098019 0.990736 0.404700 0.000000 0.000000 0.000000 1.000000
0.993361 0.068735 0.092245 -0.000000 -0.059270 0.993049 -0.101693 12.037900 -0.098593 0.095551 0.990530 0.404700 0.000000 0.000000 0.000000 1.000000
0.992992 0.069957 0.095257 -0.000000 -0.060182 0.992975 -0.101880 12.037900 -0.101715 0.095433 0.990226 0.404700 0.000000 0.000000 0.000000 1.000000
0.992690 0.071571 0.097182 -0.000000 -0.061477 0.992762 -0.103166 12.037900 -0.103862 0.096438 0.989905 0.404700 0.000000 0.000000 0.000000 1.000000
0.992503 0.074360 0.097001 -0.000000 -0.064009 0.992328 -0.105775 12.037900 -0.104123 0.098773 0.989648 0.404700 0.000000 0.000000 0.000000 1.000000</float_array><technique_common><accessor source="#Spine1-Matrix-animation-output-transform-array" count="49" stride="16"><param type="float4x4"/></accessor></technique_common></source><source id="Spine1-Interpolations"><Name_array id="Spine1-Interpolations-array" count="49">
 LINEAR LINEAR LINEAR LINEAR LINEAR LINEAR LINEAR LINEAR LINEAR LINEAR LINEAR
LINEAR LINEAR LINEAR LINEAR LINEAR LINEAR LINEAR LINEAR LINEAR LINEAR LINEAR LINEAR
LINEAR LINEAR LINEAR LINEAR LINEAR LINEAR LINEAR LINEAR LINEAR LINEAR LINEAR LINEAR
LINEAR LINEAR LINEAR LINEAR LINEAR LINEAR LINEAR LINEAR LINEAR LINEAR LINEAR LINEAR
LINEAR LINEAR</Name_array><technique_common><accessor source="#Spine1-Interpolations-array" count="49"><param type="name"/></accessor></technique_common></source><sampler id="Spine1-Matrix-animation-transform"><input semantic="INPUT" source="#Spine1-Matrix-animation-input"/><input semantic="OUTPUT" source="#Spine1-Matrix-animation-output-transform"/><input semantic="INTERPOLATION" source="#Spine1-Interpolations"/></sampler><channel source="#Spine1-Matrix-animation-transform" target="Spine1/matrix"/></animation>
    <animation id="Spine2-anim" name="Spine2"><source id="Spine2-Matrix-animation-input"><float_array id="Spine2-Matrix-animation-input-array" count="49">

0.000000 0.033333 0.066667 0.100000 0.133333 0.166667 0.200000 0.233333 0.266667 0.300000 0.333333 0.366667 0.400000 0.433333 0.466667 0.500000
0.533333 0.566667 0.600000 0.633333 0.666667 0.700000 0.733333 0.766667 0.800000 0.833333 0.866667 0.900000 0.933333 0.966667 1.000000 1.033333
1.066667 1.100000 1.133333 1.166667 1.200000 1.233333 1.266667 1.300000 1.333333 1.366667 1.400000 1.433333 1.466667 1.500000 1.533333 1.566667
1.600000</float_array><technique_common><accessor source="#Spine2-Matrix-animation-input-array" count="49"><param name="TIME" type="float"/></accessor></technique_common></source><source id="Spine2-Matrix-animation-output-transform"><float_array id="Spine2-Matrix-animation-output-transform-array" count="784">

0.992503 0.052817 0.110223 -0.000000 -0.063968 0.992907 0.100215 17.795601 -0.104148 -0.106514 0.988842 0.420200 0.000000 0.000000 0.000000 1.000000
0.994218 0.049579 0.095250 0.000000 -0.058978 0.993384 0.098539 17.795601 -0.089734 -0.103587 0.990564 0.420200 0.000000 0.000000 0.000000 1.000000
0.996855 0.037620 0.069744 -0.000000 -0.045003 0.993186 0.107497 17.795601 -0.065225 -0.110298 0.991756 0.420200 0.000000 0.000000 0.000000 1.000000
0.999065 0.006968 0.042665 0.000000 -0.013085 0.989368 0.144844 17.795601 -0.041202 -0.145267 0.988534 0.420200 0.000000 0.000000 0.000000 1.000000
0.999951 -0.006810 0.007188 0.000000 0.005545 0.986560 0.163308 17.795601 -0.008203 -0.163260 0.986549 0.420200 0.000000 0.000000 0.000000 1.000000
0.999355 -0.002399 -0.035844 0.000000 0.006441 0.993564 0.113090 17.795601 0.035342 -0.113248 0.992938 0.420200 0.000000 0.000000 0.000000 1.000000
0.997041 0.008962 -0.076347 -0.000000 -0.006463 0.999437 0.032911 17.795601 0.076599 -0.032320 0.996538 0.420200 0.000000 0.000000 0.000000 1.000000
0.994922 0.019479 -0.098748 0.000000 -0.020355 0.999762 -0.007868 17.795601 0.098571 0.009838 0.995081 0.420200 0.000000 0.000000 0.000000 1.000000
0.994244 0.047076 -0.096244 0.000000 -0.053192 0.996657 -0.062006 17.795601 0.093003 0.066768 0.993425 0.420200 0.000000 0.000000 0.000000 1.000000
0.992883 0.073264 -0.093889 0.000000 -0.080259 0.994095 -0.073029 17.795601 0.087984 0.080045 0.992901 0.420200 0.000000 0.000000 0.000000 1.000000
0.992484 0.090444 -0.082431 0.000000 -0.097995 0.990859 -0.092706 17.795601 0.073293 0.100087 0.992276 0.420200 0.000000 0.000000 0.000000 1.000000
0.993913 0.084823 -0.070306 -0.000000 -0.092834 0.988442 -0.119851 17.795601 0.059327 0.125648 0.990299 0.420200 0.000000 0.000000 0.000000 1.000000
0.993218 0.089612 -0.074078 0.000000 -0.099340 0.985123 -0.140229 17.795601 0.060409 0.146637 0.987344 0.420200 0.000000 0.000000 0.000000 1.000000
0.991936 0.098630 -0.079587 0.000000 -0.109889 0.982189 -0.152408 17.795601 0.063138 0.159925 0.985108 0.420200 0.000000 0.000000 0.000000 1.000000
0.992091 0.097871 -0.078592 0.000000 -0.109116 0.981934 -0.154593 17.795601 0.062042 0.161946 0.984847 0.420200 0.000000 0.000000 0.000000 1.000000
0.992966 0.090043 -0.076876 -0.000000 -0.101265 0.982329 -0.157401 17.795601 0.061345 0.164079 0.984538 0.420200 0.000000 0.000000 0.000000 1.000000
0.993388 0.087137 -0.074753 -0.000000 -0.098186 0.982255 -0.159794 17.795601 0.059502 0.166077 0.984316 0.420200 0.000000 0.000000 0.000000 1.000000
0.993550 0.086599 -0.073212 0.000000 -0.097364 0.982425 -0.159255 17.795601 0.058134 0.165356 0.984519 0.420200 0.000000 0.000000 0.000000 1.000000
0.993565 0.085586 -0.074187 0.000000 -0.096555 0.982422 -0.159766 17.795601 0.059210 0.165901 0.984363 0.420200 0.000000 0.000000 0.000000 1.000000
0.993522 0.086664 -0.073512 0.000000 -0.097471 0.982432 -0.159144 17.795601 0.058428 0.165279 0.984515 0.420200 0.000000 0.000000 0.000000 1.000000
0.993497 0.087864 -0.072408 0.000000 -0.098387 0.982586 -0.157624 17.795601 0.057297 0.163723 0.984841 0.420200 0.000000 0.000000 0.000000 1.000000
0.993587 0.086824 -0.072433 0.000000 -0.097144 0.983299 -0.153900 17.795601 0.057861 0.159949 0.985428 0.420200 0.000000 0.000000 0.000000 1.000000
0.993842 0.084887 -0.071217 -0.000000 -0.094700 0.984416 -0.148179 17.795601 0.057529 0.154011 0.986393 0.420200 0.000000 0.000000 0.000000 1.000000
0.994117 0.084168 -0.068174 -0.000000 -0.093202 0.985397 -0.142499 17.795601 0.055184 0.148015 0.987444 0.420200 0.000000 0.000000 0.000000 1.000000
0.994285 0.084055 -0.065814 0.000000 -0.092384 0.986408 -0.135887 17.795601 0.053498 0.141191 0.988536 0.420200 0.000000 0.000000 0.000000 1.000000
0.994464 0.083993 -0.063144 0.000000 -0.091508 0.987613 -0.127462 17.795601 0.051656 0.132534 0.989831 0.420200 0.000000 0.000000 0.000000 1.000000
0.994887 0.081965 -0.059009 0.000000 -0.088454 0.989139 -0.117387 17.795601 0.048747 0.122006 0.991332 0.420200 0.000000 0.000000 0.000000 1.000000
0.995480 0.078642 -0.053251 0.000000 -0.083930 0.990851 -0.105690 17.795601 0.044452 0.109682 0.992972 0.420200 0.000000 0.000000 0.000000 1.000000
0.995982 0.076279 -0.046910 0.000000 -0.080387 0.992413 -0.093031 17.795601 0.039458 0.096428 0.994558 0.420200 0.000000 0.000000 0.000000 1.000000
0.996546 0.073581 -0.038500 0.000000 -0.076479 0.993841 -0.080195 17.795601 0.032362 0.082863 0.996035 0.420200 0.000000 0.000000 0.000000 1.000000
0.997128 0.069935 -0.029065 0.000000 -0.071682 0.995360 -0.064192 17.795601 0.024441 0.066091 0.997514 0.420200 0.000000 0.000000 0.000000 1.000000
0.997548 0.067433 -0.018729 0.000000 -0.068282 0.996455 -0.049149 17.795601 0.015348 0.050308 0.998616 0.420200 0.000000 0.000000 0.000000 1.000000
0.997898 0.064274 -0.008229 0.000000 -0.064540 0.997205 -0.037642 17.795601 0.005787 0.038094 0.999257 0.420200 0.000000 0.000000 0.000000 1.000000
0.998109 0.061448 0.001837 -0.000000 -0.061392 0.997867 -0.022195 17.795601 -0.003197 0.022040 0.999752 0.420200 0.000000 0.000000 0.000000 1.000000
0.998244 0.058063 0.011712 0.000000 -0.058009 0.998304 -0.004894 17.795601 -0.011977 0.004206 0.999919 0.420200 0.000000 0.000000 0.000000 1.000000
0.998226 0.055378 0.021846 -0.000000 -0.055651 0.998378 0.012047 17.795601 -0.021143 -0.013241 0.999689 0.420200 0.000000 0.000000 0.000000 1.000000
0.998043 0.053424 0.032485 -0.000000 -0.054321 0.998148 0.027370 17.795601 -0.030962 -0.029081 0.999097 0.420200 0.000000 0.000000 0.000000 1.000000
0.997716 0.052740 0.042215 -0.000000 -0.054454 0.997694 0.040522 17.795601 -0.039981 -0.042729 0.998286 0.420200 0.000000 0.000000 0.000000 1.000000
0.997316 0.052524 0.051015 0.000000 -0.055264 0.997017 0.053872 17.795601 -0.048033 -0.056547 0.997244 0.420200 0.000000 0.000000 0.000000 1.000000
0.996799 0.052598 0.060202 0.000000 -0.056660 0.996084 0.067877 17.795601 -0.056396 -0.071071 0.995876 0.420200 0.000000 0.000000 0.000000 1.000000
0.996047 0.053415 0.070980 0.000000 -0.059086 0.995014 0.080351 17.795601 -0.066334 -0.084228 0.994236 0.420200 0.000000 0.000000 0.000000 1.000000
0.995297 0.053306 0.080886 0.000000 -0.060549 0.994108 0.089902 17.795601 -0.075617 -0.094377 0.992661 0.420200 0.000000 0.000000 0.000000 1.000000
0.994843 0.051993 0.087092 -0.000000 -0.060329 0.993553 0.095989 17.795601 -0.081539 -0.100748 0.991565 0.420200 0.000000 0.000000 0.000000 1.000000
0.994449 0.050712 0.092198 0.000000 -0.059995 0.993088 0.100877 17.795601 -0.086445 -0.105848 0.990618 0.420200 0.000000 0.000000 0.000000 1.000000
0.993858 0.050972 0.098226 0.000000 -0.061251 0.992621 0.104648 17.795601 -0.092167 -0.110022 0.989647 0.420200 0.000000 0.000000 0.000000 1.000000
0.993335 0.051066 0.103331 -0.000000 -0.062062 0.992410 0.106164 17.795601 -0.097126 -0.111869 0.988965 0.420200 0.000000 0.000000 0.000000 1.000000
0.992974 0.050865 0.106840 0.000000 -0.062182 0.992482 0.105417 17.795601 -0.100674 -0.111320 0.988672 0.420200 0.000000 0.000000 0.000000 1.000000
0.992680 0.051128 0.109415 0.000000 -0.062536 0.992660 0.103512 17.795601 -0.103320 -0.109597 0.988592 0.420200 0.000000 0.000000 0.000000 1.000000
0.992503 0.052817 0.110222 -0.000000 -0.063968 0.992907 0.100215 17.795601 -0.104147 -0.106514 0.988842 0.420200 0.000000 0.000000 0.000000 1.000000</float_array><technique_common><accessor source="#Spine2-Matrix-animation-output-transform-array" count="49" stride="16"><param type="float4x4"/></accessor></technique_common></source><source id="Spine2-Interpolations"><Name_array id="Spine2-Interpolations-array" count="49">
 LINEAR LINEAR LINEAR LINEAR LINEAR LINEAR LINEAR LINEAR LINEAR LINEAR LINEAR
LINEAR LINEAR LINEAR LINEAR LINEAR LINEAR LINEAR LINEAR LINEAR LINEAR LINEAR LINEAR
LINEAR LINEAR LINEAR LINEAR LINEAR LINEAR LINEAR LINEAR LINEAR LINEAR LINEAR LINEAR
LINEAR LINEAR LINEAR LINEAR LINEAR LINEAR LINEAR LINEAR LINEAR LINEAR LINEAR LINEAR
LINEAR LINEAR</Name_array><technique_common><accessor source="#Spine2-Interpolations-array" count="49"><param type="name"/></accessor></technique_common></source><sampler id="Spine2-Matrix-animation-transform"><input semantic="INPUT" source="#Spine2-Matrix-animation-input"/><input semantic="OUTPUT" source="#Spine2-Matrix-animation-output-transform"/><input semantic="INTERPOLATION" source="#Spine2-Interpolations"/></sampler><channel source="#Spine2-Matrix-animation-transform" target="Spine2/matrix"/></animation>
    <animation id="Neck-anim" name="Neck"><source id="Neck-Matrix-animation-input"><float_array id="Neck-Matrix-animation-input-array" count="49">

0.000000 0.033333 0.066667 0.100000 0.133333 0.166667 0.200000 0.233333 0.266667 0.300000 0.333333 0.366667 0.400000 0.433333 0.466667 0.500000
0.533333 0.566667 0.600000 0.633333 0.666667 0.700000 0.733333 0.766667 0.800000 0.833333 0.866667 0.900000 0.933333 0.966667 1.000000 1.033333
1.066667 1.100000 1.133333 1.166667 1.200000 1.233333 1.266667 1.300000 1.333333 1.366667 1.400000 1.433333 1.466667 1.500000 1.533333 1.566667
1.600000</float_array><technique_common><accessor source="#Neck-Matrix-animation-input-array" count="49"><param name="TIME" type="float"/></accessor></technique_common></source><source id="Neck-Matrix-animation-output-transform"><float_array id="Neck-Matrix-animation-output-transform-array" count="784">

0.986666 0.004574 0.162696 0.000000 0.001948 0.999201 -0.039909 39.131302 -0.162749 0.039694 0.985869 11.954600 0.000000 0.000000 0.000000 1.000000
0.990046 0.009856 0.140397 -0.000000 0.006432 0.993334 -0.115090 39.131302 -0.140595 0.114847 0.983384 11.954600 0.000000 0.000000 0.000000 1.000000
0.994112 0.038403 0.101319 0.000000 -0.017703 0.980085 -0.197786 39.131302 -0.106897 0.194827 0.974995 11.954600 0.000000 0.000000 0.000000 1.000000
0.997342 0.056766 0.045670 0.000000 -0.046915 0.979970 -0.193538 39.131302 -0.055741 0.190881 0.980029 11.954600 0.000000 0.000000 0.000000 1.000000
0.999803 -0.017809 0.008729 -0.000000 0.017495 0.999242 0.034785 39.131302 -0.009342 -0.034626 0.999357 11.954600 0.000000 0.000000 0.000000 1.000000
0.990457 -0.134854 -0.028458 -0.000000 0.131024 0.857239 0.497970 39.131302 -0.042758 -0.496946 0.866727 11.954600 0.000000 0.000000 0.000000 1.000000
0.952566 -0.270037 -0.140349 0.000000 0.270023 0.537215 0.799054 39.131302 -0.140377 -0.799050 0.584649 11.954600 0.000000 0.000000 0.000000 1.000000
0.958795 -0.248005 -0.138583 0.000000 0.272437 0.664308 0.696041 39.131302 -0.080559 -0.705116 0.704501 11.954600 0.000000 0.000000 0.000000 1.000000
0.967480 -0.230623 -0.103903 -0.000000 0.252864 0.892408 0.373722 39.131302 0.006535 -0.387842 0.921703 11.954600 0.000000 0.000000 0.000000 1.000000
0.996005 -0.089215 -0.003918 0.000000 0.087584 0.984468 -0.152156 39.131302 0.017432 0.151205 0.988349 11.954600 0.000000 0.000000 0.000000 1.000000
