<?xml version="1.0" encoding="utf-8"?>
<COLLADA xmlns="http://www.collada.org/2005/11/COLLADASchema" version="1.4.1">
  <asset><contributor><author>Mixamo</author><authoring_tool>COLLADA Mixamo exporter</authoring_tool><comments></comments></contributor><created>2019-11-23T11:02:33Z</created><modified>2019-11-23T11:02:33Z</modified><revision></revision><title></title><unit meter="0.010000"/><up_axis>Y_UP</up_axis></asset>
  <library_animations>
    <animation id="Hips-anim" name="Hips"><source id="Hips-Matrix-animation-input"><float_array id="Hips-Matrix-animation-input-array" count="76">

0.000000 0.033333 0.066667 0.100000 0.133333 0.166667 0.200000 0.233333 0.266667 0.300000 0.333333 0.366667 0.400000 0.433333 0.466667 0.500000
0.533333 0.566667 0.600000 0.633333 0.666667 0.700000 0.733333 0.766667 0.800000 0.833333 0.866667 0.900000 0.933333 0.966667 1.000000 1.033333
1.066667 1.100000 1.133333 1.166667 1.200000 1.233333 1.266667 1.300000 1.333333 1.366667 1.400000 1.433333 1.466667 1.500000 1.533333 1.566667
1.600000 1.633333 1.666667 1.700000 1.733333 1.766667 1.800000 1.833333 1.866667 1.900000 1.933333 1.966667 2.000000 2.033333 2.066667 2.100000
2.133333 2.166667 2.200000 2.233333 2.266667 2.300000 2.333333 2.366667 2.400000 2.433333 2.466667 2.500000</float_array><technique_common><accessor source="#Hips-Matrix-animation-input-array" count="76"><param name="TIME" type="float"/></accessor></technique_common></source><source id="Hips-Matrix-animation-output-transform"><float_array id="Hips-Matrix-animation-output-transform-array" count="1216">

0.997899 0.002459 -0.064748 -0.273639 -0.006768 0.997769 -0.066419 93.512215 0.064440 0.066718 0.995689 3.287061 0.000000 0.000000 0.000000 1.000000
0.997872 0.002545 -0.065146 -0.274333 -0.006890 0.997759 -0.066558 93.510803 0.064831 0.066865 0.995654 3.291271 0.000000 0.000000 0.000000 1.000000
0.997856 0.002479 -0.065405 -0.272082 -0.006851 0.997749 -0.066703 93.509521 0.065092 0.067008 0.995627 3.289873 0.000000 0.000000 0.000000 1.000000
0.997830 0.002479 -0.065804 -0.274132 -0.006875 0.997751 -0.066669 93.510536 0.065491 0.066976 0.995603 3.308400 0.000000 0.000000 0.000000 1.000000
0.997789 0.002362 -0.066414 -0.272861 -0.006752 0.997800 -0.065958 93.514893 0.066112 0.066260 0.995610 3.326834 0.000000 0.000000 0.000000 1.000000
0.997803 0.002438 -0.066212 -0.273412 -0.006823 0.997790 -0.066090 93.511841 0.065905 0.066397 0.995614 3.335319 0.000000 0.000000 0.000000 1.000000
0.997823 0.002533 -0.065907 -0.273384 -0.006875 0.997813 -0.065740 93.507393 0.065596 0.066050 0.995658 3.346446 0.000000 0.000000 0.000000 1.000000
0.997837 0.002664 -0.065680 -0.274886 -0.006991 0.997812 -0.065739 93.504715 0.065361 0.066056 0.995673 3.354540 0.000000 0.000000 0.000000 1.000000
0.997850 0.002785 -0.065485 -0.276371 -0.007094 0.997817 -0.065657 93.502815 0.065160 0.065980 0.995691 3.363836 0.000000 0.000000 0.000000 1.000000
0.997844 0.002867 -0.065572 -0.275520 -0.007193 0.997805 -0.065832 93.503143 0.065239 0.066161 0.995674 3.371695 0.000000 0.000000 0.000000 1.000000
0.997826 0.002809 -0.065839 -0.278963 -0.007157 0.997801 -0.065900 93.499916 0.065509 0.066228 0.995652 3.380883 0.000000 0.000000 0.000000 1.000000
0.997819 0.002901 -0.065943 -0.280969 -0.007274 0.997782 -0.066172 93.503670 0.065605 0.066508 0.995627 3.385878 0.000000 0.000000 0.000000 1.000000
0.997806 0.002906 -0.066149 -0.282594 -0.007283 0.997792 -0.066021 93.503494 0.065811 0.066358 0.995623 3.393033 0.000000 0.000000 0.000000 1.000000
0.997810 0.002993 -0.066077 -0.287759 -0.007384 0.997772 -0.066308 93.502426 0.065732 0.066650 0.995609 3.396910 0.000000 0.000000 0.000000 1.000000
0.997826 0.003066 -0.065831 -0.291343 -0.007457 0.997754 -0.066571 93.499359 0.065479 0.066918 0.995608 3.399521 0.000000 0.000000 0.000000 1.000000
0.997819 0.003020 -0.065935 -0.291631 -0.007372 0.997802 -0.065852 93.501633 0.065591 0.066194 0.995649 3.407465 0.000000 0.000000 0.000000 1.000000
0.997816 0.003087 -0.065979 -0.293597 -0.007423 0.997820 -0.065578 93.503479 0.065633 0.065925 0.995664 3.410558 0.000000 0.000000 0.000000 1.000000
0.997844 0.003252 -0.065552 -0.294298 -0.007594 0.997784 -0.066103 93.498093 0.065191 0.066458 0.995657 3.402154 0.000000 0.000000 0.000000 1.000000
0.997811 0.003201 -0.066059 -0.296406 -0.007536 0.997825 -0.065487 93.502121 0.065706 0.065841 0.995664 3.409018 0.000000 0.000000 0.000000 1.000000
0.997784 0.003112 -0.066466 -0.298369 -0.007441 0.997859 -0.064979 93.502068 0.066121 0.065329 0.995671 3.409696 0.000000 0.000000 0.000000 1.000000
0.997772 0.003201 -0.066644 -0.301173 -0.007535 0.997865 -0.064879 93.503616 0.066294 0.065237 0.995665 3.405396 0.000000 0.000000 0.000000 1.000000
0.997750 0.003257 -0.066959 -0.301858 -0.007582 0.997893 -0.064441 93.506775 0.066608 0.064803 0.995673 3.398711 0.000000 0.000000 0.000000 1.000000
0.997729 0.003346 -0.067266 -0.304428 -0.007679 0.997903 -0.064266 93.508301 0.066910 0.064637 0.995663 3.384918 0.000000 0.000000 0.000000 1.000000
0.997722 0.003458 -0.067368 -0.306164 -0.007776 0.997923 -0.063940 93.509888 0.067007 0.064318 0.995677 3.374064 0.000000 0.000000 0.000000 1.000000
0.997711 0.003470 -0.067527 -0.306756 -0.007781 0.997940 -0.063680 93.511902 0.067167 0.064059 0.995683 3.361830 0.000000 0.000000 0.000000 1.000000
0.997708 0.003583 -0.067568 -0.305372 -0.007880 0.997955 -0.063434 93.511879 0.067203 0.063821 0.995696 3.345902 0.000000 0.000000 0.000000 1.000000
0.997704 0.003765 -0.067625 -0.306166 -0.008074 0.997946 -0.063553 93.513794 0.067247 0.063953 0.995685 3.325222 0.000000 0.000000 0.000000 1.000000
0.997684 0.003786 -0.067916 -0.303704 -0.008080 0.997976 -0.063071 93.517929 0.067540 0.063474 0.995695 3.306671 0.000000 0.000000 0.000000 1.000000
0.997672 0.003894 -0.068084 -0.306607 -0.008217 0.997958 -0.063336 93.519981 0.067698 0.063748 0.995667 3.285155 0.000000 0.000000 0.000000 1.000000
0.997657 0.004079 -0.068296 -0.311260 -0.008421 0.997952 -0.063409 93.522552 0.067897 0.063835 0.995648 3.258770 0.000000 0.000000 0.000000 1.000000
0.997631 0.003893 -0.068680 -0.308551 -0.008208 0.998002 -0.062651 93.533432 0.068299 0.063066 0.995670 3.236103 0.000000 0.000000 0.000000 1.000000
0.997620 0.003972 -0.068840 -0.310080 -0.008290 0.998007 -0.062554 93.535553 0.068454 0.062976 0.995665 3.208518 0.000000 0.000000 0.000000 1.000000
0.997664 0.004324 -0.068181 -0.311725 -0.008672 0.997937 -0.063610 93.535042 0.067765 0.064053 0.995643 3.162473 0.000000 0.000000 0.000000 1.000000
0.997632 0.004158 -0.068648 -0.315844 -0.008486 0.997985 -0.062877 93.544029 0.068248 0.063311 0.995658 3.141334 0.000000 0.000000 0.000000 1.000000
0.997613 0.004162 -0.068933 -0.318996 -0.008479 0.998011 -0.062464 93.549408 0.068536 0.062900 0.995664 3.110987 0.000000 0.000000 0.000000 1.000000
0.997635 0.004306 -0.068602 -0.321837 -0.008613 0.998001 -0.062605 93.553886 0.068196 0.063048 0.995678 3.076019 0.000000 0.000000 0.000000 1.000000
0.997643 0.004327 -0.068483 -0.326659 -0.008637 0.997991 -0.062760 93.558426 0.068074 0.063204 0.995676 3.044674 0.000000 0.000000 0.000000 1.000000
0.997667 0.004448 -0.068118 -0.333189 -0.008762 0.997964 -0.063175 93.557938 0.067699 0.063624 0.995675 3.009287 0.000000 0.000000 0.000000 1.000000
0.997678 0.004419 -0.067959 -0.335209 -0.008714 0.997974 -0.063028 93.560471 0.067543 0.063474 0.995695 2.984692 0.000000 0.000000 0.000000 1.000000
0.997705 0.004118 -0.067588 -0.337884 -0.008387 0.997978 -0.063001 93.556717 0.067191 0.063424 0.995722 2.960130 0.000000 0.000000 0.000000 1.000000
0.997739 0.003871 -0.067094 -0.342865 -0.008098 0.997991 -0.062843 93.555847 0.066716 0.063245 0.995766 2.938324 0.000000 0.000000 0.000000 1.000000
0.997747 0.003406 -0.067002 -0.346956 -0.007602 0.998019 -0.062460 93.560684 0.066657 0.062829 0.995796 2.927717 0.000000 0.000000 0.000000 1.000000
0.997788 0.003350 -0.066387 -0.349969 -0.007520 0.998006 -0.062662 93.558624 0.066045 0.063023 0.995824 2.916113 0.000000 0.000000 0.000000 1.000000
0.997823 0.003062 -0.065878 -0.353454 -0.007190 0.998018 -0.062516 93.556923 0.065556 0.062854 0.995867 2.910378 0.000000 0.000000 0.000000 1.000000
0.997865 0.002964 -0.065246 -0.357444 -0.007066 0.998006 -0.062727 93.552338 0.064930 0.063054 0.995896 2.901630 0.000000 0.000000 0.000000 1.000000
0.997879 0.002665 -0.065045 -0.358479 -0.006714 0.998047 -0.062102 93.552567 0.064752 0.062407 0.995948 2.900121 0.000000 0.000000 0.000000 1.000000
0.997910 0.002446 -0.064574 -0.364162 -0.006489 0.998025 -0.062475 93.546631 0.064294 0.062764 0.995955 2.899282 0.000000 0.000000 0.000000 1.000000
0.997957 0.002365 -0.063846 -0.368716 -0.006388 0.998000 -0.062895 93.540390 0.063570 0.063174 0.995976 2.897795 0.000000 0.000000 0.000000 1.000000
0.997976 0.002105 -0.063558 -0.374005 -0.006100 0.998012 -0.062732 93.540695 0.063300 0.062993 0.996005 2.908653 0.000000 0.000000 0.000000 1.000000
0.997998 0.001946 -0.063218 -0.379564 -0.005911 0.998022 -0.062585 93.536568 0.062971 0.062833 0.996035 2.922657 0.000000 0.000000 0.000000 1.000000
0.998002 0.001792 -0.063151 -0.385074 -0.005760 0.998015 -0.062719 93.530548 0.062913 0.062958 0.996031 2.937729 0.000000 0.000000 0.000000 1.000000
0.998017 0.001739 -0.062923 -0.386683 -0.005667 0.998042 -0.062292 93.528275 0.062691 0.062525 0.996072 2.951618 0.000000 0.000000 0.000000 1.000000
0.998003 0.001721 -0.063150 -0.391263 -0.005682 0.998023 -0.062599 93.523117 0.062917 0.062833 0.996039 2.973632 0.000000 0.000000 0.000000 1.000000
0.997992 0.001711 -0.063315 -0.388510 -0.005675 0.998031 -0.062467 93.521324 0.063083 0.062701 0.996037 2.999540 0.000000 0.000000 0.000000 1.000000
0.997986 0.001715 -0.063412 -0.382375 -0.005706 0.998010 -0.062800 93.518204 0.063178 0.063036 0.996010 3.032409 0.000000 0.000000 0.000000 1.000000
0.997977 0.001651 -0.063547 -0.374622 -0.005666 0.997993 -0.063063 93.517151 0.063315 0.063295 0.995984 3.074122 0.000000 0.000000 0.000000 1.000000
0.997961 0.001577 -0.063806 -0.366467 -0.005625 0.997978 -0.063316 93.513634 0.063577 0.063546 0.995952 3.119178 0.000000 0.000000 0.000000 1.000000
0.997951 0.001554 -0.063965 -0.354305 -0.005621 0.997969 -0.063450 93.508293 0.063737 0.063679 0.995933 3.168329 0.000000 0.000000 0.000000 1.000000
0.997953 0.001628 -0.063928 -0.340126 -0.005717 0.997944 -0.063829 93.502365 0.063692 0.064064 0.995911 3.210186 0.000000 0.000000 0.000000 1.000000
0.997956 0.001639 -0.063883 -0.328168 -0.005739 0.997931 -0.064039 93.496399 0.063646 0.064275 0.995901 3.247240 0.000000 0.000000 0.000000 1.000000
0.997959 0.001630 -0.063835 -0.317124 -0.005736 0.997922 -0.064183 93.491241 0.063597 0.064418 0.995894 3.281096 0.000000 0.000000 0.000000 1.000000
0.997963 0.001624 -0.063779 -0.306954 -0.005734 0.997914 -0.064303 93.486343 0.063541 0.064538 0.995890 3.309680 0.000000 0.000000 0.000000 1.000000
0.997967 0.001644 -0.063714 -0.297612 -0.005758 0.997905 -0.064444 93.484116 0.063475 0.064680 0.995885 3.330954 0.000000 0.000000 0.000000 1.000000
0.997965 0.001609 -0.063745 -0.291809 -0.005689 0.997941 -0.063879 93.488960 0.063511 0.064112 0.995920 3.339130 0.000000 0.000000 0.000000 1.000000
0.997966 0.001615 -0.063721 -0.287229 -0.005682 0.997954 -0.063683 93.489258 0.063488 0.063915 0.995934 3.342679 0.000000 0.000000 0.000000 1.000000
0.997971 0.001534 -0.063645 -0.283702 -0.005590 0.997960 -0.063600 93.493423 0.063418 0.063827 0.995944 3.340515 0.000000 0.000000 0.000000 1.000000
0.997987 0.001501 -0.063400 -0.281867 -0.005559 0.997942 -0.063882 93.494812 0.063173 0.064106 0.995942 3.338492 0.000000 0.000000 0.000000 1.000000
0.997987 0.001720 -0.063399 -0.279021 -0.005807 0.997911 -0.064337 93.505325 0.063156 0.064575 0.995912 3.330611 0.000000 0.000000 0.000000 1.000000
0.997969 0.001621 -0.063675 -0.273440 -0.005698 0.997940 -0.063907 93.513748 0.063440 0.064140 0.995922 3.330833 0.000000 0.000000 0.000000 1.000000
0.997940 0.001590 -0.064137 -0.270882 -0.005708 0.997929 -0.064074 93.519661 0.063902 0.064308 0.995882 3.327042 0.000000 0.000000 0.000000 1.000000
0.997927 0.001651 -0.064339 -0.270117 -0.005801 0.997910 -0.064355 93.523163 0.064098 0.064595 0.995851 3.320531 0.000000 0.000000 0.000000 1.000000
0.997922 0.001911 -0.064400 -0.272207 -0.006097 0.997875 -0.064876 93.522827 0.064139 0.065134 0.995813 3.311406 0.000000 0.000000 0.000000 1.000000
0.997893 0.002006 -0.064852 -0.268874 -0.006224 0.997871 -0.064915 93.521904 0.064584 0.065182 0.995781 3.304816 0.000000 0.000000 0.000000 1.000000
0.997892 0.002076 -0.064860 -0.270190 -0.006311 0.997854 -0.065169 93.521339 0.064586 0.065441 0.995764 3.298747 0.000000 0.000000 0.000000 1.000000
0.997901 0.002367 -0.064719 -0.275431 -0.006648 0.997796 -0.066016 93.512283 0.064420 0.066308 0.995718 3.289752 0.000000 0.000000 0.000000 1.000000
0.997899 0.002460 -0.064748 -0.273552 -0.006769 0.997769 -0.066419 93.512199 0.064440 0.066718 0.995689 3.287055 0.000000 0.000000 0.000000 1.000000</float_array><technique_common><accessor source="#Hips-Matrix-animation-output-transform-array" count="76" stride="16"><param type="float4x4"/></accessor></technique_common></source><source id="Hips-Interpolations"><Name_array id="Hips-Interpolations-array" count="76">
 LINEAR LINEAR LINEAR LINEAR LINEAR LINEAR LINEAR LINEAR LINEAR LINEAR LINEAR
LINEAR LINEAR LINEAR LINEAR LINEAR LINEAR LINEAR LINEAR LINEAR LINEAR LINEAR LINEAR
LINEAR LINEAR LINEAR LINEAR LINEAR LINEAR LINEAR LINEAR LINEAR LINEAR LINEAR LINEAR
LINEAR LINEAR LINEAR LINEAR LINEAR LINEAR LINEAR LINEAR LINEAR LINEAR LINEAR LINEAR
LINEAR LINEAR LINEAR LINEAR LINEAR LINEAR LINEAR LINEAR LINEAR LINEAR LINEAR LINEAR
LINEAR LINEAR LINEAR LINEAR LINEAR LINEAR LINEAR LINEAR LINEAR LINEAR LINEAR LINEAR
LINEAR LINEAR LINEAR LINEAR LINEAR</Name_array><technique_common><accessor source="#Hips-Interpolations-array" count="76"><param type="name"/></accessor></technique_common></source><sampler id="Hips-Matrix-animation-transform"><input semantic="INPUT" source="#Hips-Matrix-animation-input"/><input semantic="OUTPUT" source="#Hips-Matrix-animation-output-transform"/><input semantic="INTERPOLATION" source="#Hips-Interpolations"/></sampler><channel source="#Hips-Matrix-animation-transform" target="Hips/matrix"/></animation>
    <animation id="Spine-anim" name="Spine"><source id="Spine-Matrix-animation-input"><float_array id="Spine-Matrix-animation-input-array" count="76">

0.000000 0.033333 0.066667 0.100000 0.133333 0.166667 0.200000 0.233333 0.266667 0.300000 0.333333 0.366667 0.400000 0.433333 0.466667 0.500000
0.533333 0.566667 0.600000 0.633333 0.666667 0.700000 0.733333 0.766667 0.800000 0.833333 0.866667 0.900000 0.933333 0.966667 1.000000 1.033333
1.066667 1.100000 1.133333 1.166667 1.200000 1.233333 1.266667 1.300000 1.333333 1.366667 1.400000 1.433333 1.466667 1.500000 1.533333 1.566667
1.600000 1.633333 1.666667 1.700000 1.733333 1.766667 1.800000 1.833333 1.866667 1.900000 1.933333 1.966667 2.000000 2.033333 2.066667 2.100000
2.133333 2.166667 2.200000 2.233333 2.266667 2.300000 2.333333 2.366667 2.400000 2.433333 2.466667 2.500000</float_array><technique_common><accessor source="#Spine-Matrix-animation-input-array" count="76"><param name="TIME" type="float"/></accessor></technique_common></source><source id="Spine-Matrix-animation-output-transform"><float_array id="Spine-Matrix-animation-output-transform-array" count="1216">

0.999983 0.000514 0.005768 0.000000 -0.000497 0.999995 -0.002969 13.784800 -0.005769 0.002966 0.999979 0.064400 0.000000 0.000000 0.000000 1.000000
0.999983 0.000502 0.005769 0.000000 -0.000485 0.999995 -0.002972 13.784800 -0.005770 0.002969 0.999979 0.064400 0.000000 0.000000 0.000000 1.000000
0.999983 0.000479 0.005770 0.000000 -0.000462 0.999995 -0.003017 13.784800 -0.005771 0.003014 0.999979 0.064400 0.000000 0.000000 0.000000 1.000000
0.999983 0.000747 0.005849 0.000000 -0.000730 0.999996 -0.002904 13.784800 -0.005851 0.002900 0.999979 0.064400 0.000000 0.000000 0.000000 1.000000
0.999981 0.000797 0.006079 0.000000 -0.000778 0.999995 -0.003103 13.784800 -0.006082 0.003098 0.999977 0.064400 0.000000 0.000000 0.000000 1.000000
0.999981 0.000826 0.006077 0.000000 -0.000806 0.999995 -0.003152 13.784800 -0.006080 0.003147 0.999977 0.064400 0.000000 0.000000 0.000000 1.000000
0.999982 0.000953 0.005956 0.000000 -0.000934 0.999995 -0.003174 13.784800 -0.005959 0.003168 0.999977 0.064400 0.000000 0.000000 0.000000 1.000000
0.999982 0.000959 0.005882 0.000000 -0.000941 0.999995 -0.003172 13.784800 -0.005885 0.003166 0.999978 0.064400 0.000000 0.000000 0.000000 1.000000
0.999982 0.001069 0.005853 0.000000 -0.001050 0.999994 -0.003151 13.784800 -0.005856 0.003145 0.999978 0.064400 0.000000 0.000000 0.000000 1.000000
0.999982 0.001034 0.005868 0.000000 -0.001016 0.999995 -0.003093 13.784800 -0.005872 0.003087 0.999978 0.064400 0.000000 0.000000 0.000000 1.000000
0.999981 0.000980 0.006114 0.000000 -0.000962 0.999995 -0.003020 13.784800 -0.006117 0.003014 0.999977 0.064400 0.000000 0.000000 0.000000 1.000000
0.999981 0.001088 0.006038 0.000000 -0.001070 0.999995 -0.002911 13.784800 -0.006041 0.002904 0.999978 0.064400 0.000000 0.000000 0.000000 1.000000
0.999981 0.001206 0.006026 0.000000 -0.001188 0.999995 -0.002901 13.784800 -0.006029 0.002894 0.999978 0.064400 0.000000 0.000000 0.000000 1.000000
0.999981 0.001353 0.006037 -0.000000 -0.001337 0.999995 -0.002726 13.784800 -0.006041 0.002718 0.999978 0.064400 0.000000 0.000000 0.000000 1.000000
0.999981 0.001352 0.006064 0.000000 -0.001337 0.999996 -0.002538 13.784800 -0.006068 0.002529 0.999978 0.064400 0.000000 0.000000 0.000000 1.000000
0.999980 0.001435 0.006094 0.000000 -0.001418 0.999995 -0.002734 13.784800 -0.006098 0.002725 0.999978 0.064400 0.000000 0.000000 0.000000 1.000000
0.999980 0.001283 0.006116 0.000000 -0.001267 0.999995 -0.002728 13.784800 -0.006119 0.002721 0.999978 0.064400 0.000000 0.000000 0.000000 1.000000
0.999980 0.001433 0.006136 0.000000 -0.001417 0.999995 -0.002728 13.784800 -0.006140 0.002719 0.999977 0.064400 0.000000 0.000000 0.000000 1.000000
0.999980 0.001571 0.006176 0.000000 -0.001554 0.999995 -0.002728 13.784800 -0.006181 0.002719 0.999977 0.064400 0.000000 0.000000 0.000000 1.000000
0.999979 0.001612 0.006224 0.000000 -0.001595 0.999995 -0.002732 13.784800 -0.006228 0.002722 0.999977 0.064400 0.000000 0.000000 0.000000 1.000000
0.999979 0.001633 0.006265 0.000000 -0.001616 0.999995 -0.002747 13.784800 -0.006269 0.002737 0.999977 0.064400 0.000000 0.000000 0.000000 1.000000
0.999979 0.001691 0.006289 0.000000 -0.001674 0.999995 -0.002770 13.784800 -0.006294 0.002760 0.999976 0.064400 0.000000 0.000000 0.000000 1.000000
0.999979 0.001774 0.006286 -0.000000 -0.001757 0.999995 -0.002799 13.784800 -0.006291 0.002788 0.999976 0.064400 0.000000 0.000000 0.000000 1.000000
0.999979 0.001959 0.006241 -0.000000 -0.001941 0.999994 -0.002828 13.784800 -0.006247 0.002816 0.999977 0.064400 0.000000 0.000000 0.000000 1.000000
0.999980 0.001829 0.006106 0.000000 -0.001812 0.999994 -0.002851 13.784800 -0.006111 0.002840 0.999977 0.064400 0.000000 0.000000 0.000000 1.000000
0.999981 0.001957 0.005872 0.000000 -0.001940 0.999994 -0.002869 13.784800 -0.005878 0.002858 0.999979 0.064400 0.000000 0.000000 0.000000 1.000000
0.999981 0.002217 0.005825 0.000000 -0.002200 0.999993 -0.002877 13.784800 -0.005831 0.002864 0.999979 0.064400 0.000000 0.000000 0.000000 1.000000
0.999980 0.002289 0.005819 0.000000 -0.002272 0.999993 -0.002868 13.784800 -0.005826 0.002855 0.999979 0.064400 0.000000 0.000000 0.000000 1.000000
0.999980 0.002448 0.005849 0.000000 -0.002431 0.999993 -0.002841 13.784800 -0.005856 0.002826 0.999979 0.064400 0.000000 0.000000 0.000000 1.000000
0.999979 0.002533 0.005917 -0.000000 -0.002517 0.999993 -0.002790 13.784800 -0.005924 0.002775 0.999979 0.064400 0.000000 0.000000 0.000000 1.000000
0.999978 0.002421 0.006168 0.000000 -0.002402 0.999992 -0.003134 13.784800 -0.006175 0.003119 0.999976 0.064400 0.000000 0.000000 0.000000 1.000000
0.999978 0.002491 0.006165 0.000000 -0.002470 0.999992 -0.003259 13.784800 -0.006173 0.003243 0.999976 0.064400 0.000000 0.000000 0.000000 1.000000
0.999978 0.002504 0.006171 0.000000 -0.002484 0.999992 -0.003119 13.784800 -0.006179 0.003104 0.999976 0.064400 0.000000 0.000000 0.000000 1.000000
0.999977 0.002798 0.006242 0.000000 -0.002776 0.999990 -0.003470 13.784800 -0.006251 0.003453 0.999975 0.064400 0.000000 0.000000 0.000000 1.000000
0.999975 0.002786 0.006453 0.000000 -0.002761 0.999989 -0.003799 13.784800 -0.006464 0.003781 0.999972 0.064400 0.000000 0.000000 0.000000 1.000000
0.999975 0.002745 0.006528 0.000000 -0.002720 0.999988 -0.003958 13.784800 -0.006539 0.003940 0.999971 0.064400 0.000000 0.000000 0.000000 1.000000
0.999975 0.002727 0.006540 0.000000 -0.002700 0.999988 -0.004009 13.784800 -0.006551 0.003991 0.999971 0.064400 0.000000 0.000000 0.000000 1.000000
0.999975 0.002590 0.006554 0.000000 -0.002563 0.999988 -0.004119 13.784800 -0.006565 0.004102 0.999970 0.064400 0.000000 0.000000 0.000000 1.000000
0.999976 0.002289 0.006571 -0.000000 -0.002260 0.999988 -0.004349 13.784800 -0.006581 0.004334 0.999969 0.064400 0.000000 0.000000 0.000000 1.000000
0.999976 0.002120 0.006585 0.000000 -0.002091 0.999988 -0.004388 13.784800 -0.006595 0.004374 0.999969 0.064400 0.000000 0.000000 0.000000 1.000000
0.999976 0.001882 0.006597 0.000000 -0.001851 0.999988 -0.004641 13.784800 -0.006606 0.004629 0.999967 0.064400 0.000000 0.000000 0.000000 1.000000
0.999977 0.001684 0.006606 0.000000 -0.001653 0.999988 -0.004652 13.784800 -0.006614 0.004641 0.999967 0.064400 0.000000 0.000000 0.000000 1.000000
0.999977 0.001371 0.006608 0.000000 -0.001340 0.999988 -0.004677 13.784800 -0.006614 0.004668 0.999967 0.064400 0.000000 0.000000 0.000000 1.000000
0.999978 0.001126 0.006602 0.000000 -0.001095 0.999988 -0.004686 13.784800 -0.006607 0.004679 0.999967 0.064400 0.000000 0.000000 0.000000 1.000000
0.999978 0.000809 0.006587 -0.000000 -0.000779 0.999989 -0.004637 13.784800 -0.006591 0.004632 0.999968 0.064400 0.000000 0.000000 0.000000 1.000000
0.999978 0.000521 0.006548 0.000000 -0.000490 0.999988 -0.004869 13.784800 -0.006551 0.004866 0.999967 0.064400 0.000000 0.000000 0.000000 1.000000
0.999979 0.000225 0.006493 0.000000 -0.000194 0.999989 -0.004689 13.784800 -0.006494 0.004688 0.999968 0.064400 0.000000 0.000000 0.000000 1.000000
0.999979 -0.000065 0.006460 0.000000 0.000094 0.999990 -0.004472 13.784800 -0.006460 0.004473 0.999969 0.064400 0.000000 0.000000 0.000000 1.000000
0.999979 -0.000277 0.006402 -0.000000 0.000306 0.999990 -0.004448 13.784800 -0.006401 0.004450 0.999970 0.064400 0.000000 0.000000 0.000000 1.000000
0.999980 -0.000445 0.006335 0.000000 0.000474 0.999990 -0.004431 13.784800 -0.006333 0.004434 0.999970 0.064400 0.000000 0.000000 0.000000 1.000000
0.999980 -0.000602 0.006295 0.000000 0.000630 0.999990 -0.004410 13.784800 -0.006293 0.004414 0.999970 0.064400 0.000000 0.000000 0.000000 1.000000
0.999980 -0.000620 0.006269 0.000000 0.000648 0.999990 -0.004374 13.784800 -0.006267 0.004378 0.999971 0.064400 0.000000 0.000000 0.000000 1.000000
0.999980 -0.000662 0.006255 -0.000000 0.000688 0.999991 -0.004143 13.784800 -0.006252 0.004147 0.999972 0.064400 0.000000 0.000000 0.000000 1.000000
0.999980 -0.000718 0.006246 -0.000000 0.000744 0.999991 -0.004147 13.784800 -0.006243 0.004151 0.999972 0.064400 0.000000 0.000000 0.000000 1.000000
0.999980 -0.000780 0.006241 0.000000 0.000805 0.999992 -0.003940 13.784800 -0.006237 0.003944 0.999973 0.064400 0.000000 0.000000 0.000000 1.000000
0.999980 -0.000853 0.006236 0.000000 0.000876 0.999993 -0.003697 13.784800 -0.006233 0.003703 0.999974 0.064400 0.000000 0.000000 0.000000 1.000000
0.999980 -0.000882 0.006228 0.000000 0.000904 0.999993 -0.003532 13.784800 -0.006225 0.003538 0.999974 0.064400 0.000000 0.000000 0.000000 1.000000
0.999981 -0.000576 0.006210 0.000000 0.000597 0.999994 -0.003432 13.784800 -0.006208 0.003435 0.999975 0.064400 0.000000 0.000000 0.000000 1.000000
0.999981 -0.000495 0.006184 0.000000 0.000515 0.999995 -0.003266 13.784800 -0.006183 0.003270 0.999976 0.064400 0.000000 0.000000 0.000000 1.000000
0.999981 -0.000292 0.006145 0.000000 0.000311 0.999995 -0.003128 13.784800 -0.006144 0.003130 0.999976 0.064400 0.000000 0.000000 0.000000 1.000000
0.999981 -0.000063 0.006123 -0.000000 0.000082 0.999996 -0.002994 13.784800 -0.006123 0.002995 0.999977 0.064400 0.000000 0.000000 0.000000 1.000000
0.999981 0.000106 0.006108 0.000000 -0.000088 0.999996 -0.002852 13.784800 -0.006108 0.002852 0.999977 0.064400 0.000000 0.000000 0.000000 1.000000
0.999981 0.000056 0.006096 0.000000 -0.000040 0.999996 -0.002684 13.784800 -0.006096 0.002684 0.999978 0.064400 0.000000 0.000000 0.000000 1.000000
0.999982 -0.000025 0.006080 -0.000000 0.000042 0.999996 -0.002702 13.784800 -0.006080 0.002702 0.999978 0.064400 0.000000 0.000000 0.000000 1.000000
0.999982 -0.000104 0.006051 0.000000 0.000121 0.999996 -0.002661 13.784800 -0.006050 0.002662 0.999978 0.064400 0.000000 0.000000 0.000000 1.000000
0.999982 0.000126 0.006000 0.000000 -0.000110 0.999997 -0.002631 13.784800 -0.006001 0.002630 0.999979 0.064400 0.000000 0.000000 0.000000 1.000000
0.999983 0.000236 0.005833 0.000000 -0.000222 0.999997 -0.002467 13.784800 -0.005834 0.002466 0.999980 0.064400 0.000000 0.000000 0.000000 1.000000
0.999983 0.000053 0.005781 0.000000 -0.000039 0.999997 -0.002328 13.784800 -0.005781 0.002328 0.999981 0.064400 0.000000 0.000000 0.000000 1.000000
0.999983 0.000107 0.005782 0.000000 -0.000093 0.999997 -0.002530 13.784800 -0.005782 0.002529 0.999980 0.064400 0.000000 0.000000 0.000000 1.000000
0.999983 0.000163 0.005782 -0.000000 -0.000148 0.999997 -0.002579 13.784800 -0.005783 0.002579 0.999980 0.064400 0.000000 0.000000 0.000000 1.000000
0.999983 0.000286 0.005782 -0.000000 -0.000271 0.999996 -0.002638 13.784800 -0.005783 0.002637 0.999980 0.064400 0.000000 0.000000 0.000000 1.000000
0.999983 0.000385 0.005782 0.000000 -0.000369 0.999996 -0.002679 13.784800 -0.005783 0.002677 0.999980 0.064400 0.000000 0.000000 0.000000 1.000000
0.999983 0.000409 0.005783 0.000000 -0.000392 0.999996 -0.002935 13.784800 -0.005784 0.002933 0.999979 0.064400 0.000000 0.000000 0.000000 1.000000
0.999983 0.000408 0.005782 0.000000 -0.000391 0.999996 -0.002950 13.784800 -0.005784 0.002948 0.999979 0.064400 0.000000 0.000000 0.000000 1.000000
0.999983 0.000394 0.005782 0.000000 -0.000377 0.999996 -0.002950 13.784800 -0.005783 0.002948 0.999979 0.064400 0.000000 0.000000 0.000000 1.000000
0.999983 0.000406 0.005781 0.000000 -0.000389 0.999996 -0.002950 13.784800 -0.005782 0.002948 0.999979 0.064400 0.000000 0.000000 0.000000 1.000000</float_array><technique_common><accessor source="#Spine-Matrix-animation-output-transform-array" count="76" stride="16"><param type="float4x4"/></accessor></technique_common></source><source id="Spine-Interpolations"><Name_array id="Spine-Interpolations-array" count="76">
 LINEAR LINEAR LINEAR LINEAR LINEAR LINEAR LINEAR LINEAR LINEAR LINEAR LINEAR
LINEAR LINEAR LINEAR LINEAR LINEAR LINEAR LINEAR LINEAR LINEAR LINEAR LINEAR LINEAR
LINEAR LINEAR LINEAR LINEAR LINEAR LINEAR LINEAR LINEAR LINEAR LINEAR LINEAR LINEAR
LINEAR LINEAR LINEAR LINEAR LINEAR LINEAR LINEAR LINEAR LINEAR LINEAR LINEAR LINEAR
LINEAR LINEAR LINEAR LINEAR LINEAR LINEAR LINEAR LINEAR LINEAR LINEAR LINEAR LINEAR
LINEAR LINEAR LINEAR LINEAR LINEAR LINEAR LINEAR LINEAR LINEAR LINEAR LINEAR LINEAR
LINEAR LINEAR LINEAR LINEAR LINEAR</Name_array><technique_common><accessor source="#Spine-Interpolations-array" count="76"><param type="name"/></accessor></technique_common></source><sampler id="Spine-Matrix-animation-transform"><input semantic="INPUT" source="#Spine-Matrix-animation-input"/><input semantic="OUTPUT" source="#Spine-Matrix-animation-output-transform"/><input semantic="INTERPOLATION" source="#Spine-Interpolations"/></sampler><channel source="#Spine-Matrix-animation-transform" target="Spine/matrix"/></animation>
    <animation id="Spine1-anim" name="Spine1"><source id="Spine1-Matrix-animation-input"><float_array id="Spine1-Matrix-animation-input-array" count="76">

0.000000 0.033333 0.066667 0.100000 0.133333 0.166667 0.200000 0.233333 0.266667 0.300000 0.333333 0.366667 0.400000 0.433333 0.466667 0.500000
0.533333 0.566667 0.600000 0.633333 0.666667 0.700000 0.733333 0.766667 0.800000 0.833333 0.866667 0.900000 0.933333 0.966667 1.000000 1.033333
1.066667 1.100000 1.133333 1.166667 1.200000 1.233333 1.266667 1.300000 1.333333 1.366667 1.400000 1.433333 1.466667 1.500000 1.533333 1.566667
1.600000 1.633333 1.666667 1.700000 1.733333 1.766667 1.800000 1.833333 1.866667 1.900000 1.933333 1.966667 2.000000 2.033333 2.066667 2.100000
2.133333 2.166667 2.200000 2.233333 2.266667 2.300000 2.333333 2.366667 2.400000 2.433333 2.466667 2.500000</float_array><technique_common><accessor source="#Spine1-Matrix-animation-input-array" count="76"><param name="TIME" type="float"/></accessor></technique_common></source><source id="Spine1-Matrix-animation-output-transform"><float_array id="Spine1-Matrix-animation-output-transform-array" count="1216">

0.999950 0.002622 0.009697 0.000000 -0.002535 0.999957 -0.008925 12.037900 -0.009720 0.008900 0.999913 0.404700 0.000000 0.000000 0.000000 1.000000
0.999947 0.002646 0.009952 0.000000 -0.002555 0.999955 -0.009160 12.037900 -0.009976 0.009134 0.999909 0.404700 0.000000 0.000000 0.000000 1.000000
0.999945 0.002896 0.010106 -0.000000 -0.002803 0.999953 -0.009229 12.037900 -0.010132 0.009200 0.999906 0.404700 0.000000 0.000000 0.000000 1.000000
0.999943 0.003091 0.010197 -0.000000 -0.002999 0.999954 -0.009061 12.037900 -0.010224 0.009030 0.999907 0.404700 0.000000 0.000000 0.000000 1.000000
0.999939 0.003296 0.010559 0.000000 -0.003196 0.999951 -0.009419 12.037900 -0.010590 0.009385 0.999900 0.404700 0.000000 0.000000 0.000000 1.000000
0.999940 0.003384 0.010463 0.000000 -0.003284 0.999949 -0.009508 12.037900 -0.010495 0.009473 0.999900 0.404700 0.000000 0.000000 0.000000 1.000000
0.999941 0.003404 0.010361 0.000000 -0.003306 0.999949 -0.009552 12.037900 -0.010393 0.009518 0.999901 0.404700 0.000000 0.000000 0.000000 1.000000
0.999942 0.003418 0.010191 0.000000 -0.003320 0.999949 -0.009569 12.037900 -0.010223 0.009535 0.999902 0.404700 0.000000 0.000000 0.000000 1.000000
0.999940 0.003527 0.010358 -0.000000 -0.003428 0.999948 -0.009555 12.037900 -0.010391 0.009519 0.999901 0.404700 0.000000 0.000000 0.000000 1.000000
0.999939 0.003647 0.010451 0.000000 -0.003548 0.999949 -0.009471 12.037900 -0.010485 0.009433 0.999901 0.404700 0.000000 0.000000 0.000000 1.000000
0.999936 0.003868 0.010627 -0.000000 -0.003768 0.999949 -0.009349 12.037900 -0.010663 0.009308 0.999900 0.404700 0.000000 0.000000 0.000000 1.000000
0.999934 0.003983 0.010805 0.000000 -0.003884 0.999950 -0.009184 12.037900 -0.010841 0.009141 0.999899 0.404700 0.000000 0.000000 0.000000 1.000000
0.999932 0.004050 0.010973 -0.000000 -0.003949 0.999950 -0.009165 12.037900 -0.011010 0.009122 0.999898 0.404700 0.000000 0.000000 0.000000 1.000000
0.999932 0.004143 0.010884 -0.000000 -0.004047 0.999952 -0.008877 12.037900 -0.010920 0.008832 0.999901 0.404700 0.000000 0.000000 0.000000 1.000000
0.999934 0.004192 0.010675 0.000000 -0.004101 0.999955 -0.008558 12.037900 -0.010710 0.008513 0.999906 0.404700 0.000000 0.000000 0.000000 1.000000
0.999932 0.004253 0.010839 0.000000 -0.004156 0.999952 -0.008888 12.037900 -0.010876 0.008842 0.999902 0.404700 0.000000 0.000000 0.000000 1.000000
0.999932 0.004288 0.010867 0.000000 -0.004191 0.999951 -0.008922 12.037900 -0.010905 0.008876 0.999901 0.404700 0.000000 0.000000 0.000000 1.000000
0.999935 0.004319 0.010592 0.000000 -0.004229 0.999955 -0.008542 12.037900 -0.010628 0.008497 0.999907 0.404700 0.000000 0.000000 0.000000 1.000000
0.999934 0.004469 0.010603 -0.000000 -0.004378 0.999953 -0.008653 12.037900 -0.010641 0.008606 0.999906 0.404700 0.000000 0.000000 0.000000 1.000000
0.999931 0.004611 0.010791 0.000000 -0.004516 0.999951 -0.008795 12.037900 -0.010831 0.008746 0.999903 0.404700 0.000000 0.000000 0.000000 1.000000
0.999931 0.004709 0.010771 0.000000 -0.004615 0.999951 -0.008724 12.037900 -0.010811 0.008673 0.999904 0.404700 0.000000 0.000000 0.000000 1.000000
0.999930 0.004765 0.010789 0.000000 -0.004671 0.999951 -0.008754 12.037900 -0.010830 0.008703 0.999903 0.404700 0.000000 0.000000 0.000000 1.000000
0.999930 0.004802 0.010803 0.000000 -0.004708 0.999951 -0.008714 12.037900 -0.010844 0.008663 0.999904 0.404700 0.000000 0.000000 0.000000 1.000000
0.999930 0.004823 0.010772 0.000000 -0.004727 0.999949 -0.008951 12.037900 -0.010814 0.008900 0.999902 0.404700 0.000000 0.000000 0.000000 1.000000
0.999933 0.004826 0.010544 -0.000000 -0.004732 0.999948 -0.008988 12.037900 -0.010587 0.008938 0.999904 0.404700 0.000000 0.000000 0.000000 1.000000
0.999934 0.004840 0.010375 0.000000 -0.004746 0.999948 -0.009034 12.037900 -0.010418 0.008984 0.999905 0.404700 0.000000 0.000000 0.000000 1.000000
0.999933 0.004881 0.010464 0.000000 -0.004787 0.999948 -0.008996 12.037900 -0.010507 0.008946 0.999905 0.404700 0.000000 0.000000 0.000000 1.000000
0.999933 0.004916 0.010476 0.000000 -0.004819 0.999946 -0.009205 12.037900 -0.010520 0.009153 0.999903 0.404700 0.000000 0.000000 0.000000 1.000000
0.999933 0.004945 0.010442 0.000000 -0.004851 0.999948 -0.008979 12.037900 -0.010486 0.008927 0.999905 0.404700 0.000000 0.000000 0.000000 1.000000
0.999934 0.004970 0.010394 0.000000 -0.004877 0.999948 -0.008924 12.037900 -0.010438 0.008873 0.999906 0.404700 0.000000 0.000000 0.000000 1.000000
0.999931 0.005020 0.010667 0.000000 -0.004919 0.999943 -0.009482 12.037900 -0.010714 0.009429 0.999898 0.404700 0.000000 0.000000 0.000000 1.000000
0.999929 0.005046 0.010750 0.000000 -0.004942 0.999941 -0.009675 12.037900 -0.010798 0.009621 0.999895 0.404700 0.000000 0.000000 0.000000 1.000000
0.999931 0.005039 0.010589 0.000000 -0.004939 0.999943 -0.009419 12.037900 -0.010636 0.009366 0.999900 0.404700 0.000000 0.000000 0.000000 1.000000
0.999929 0.005056 0.010802 0.000000 -0.004948 0.999938 -0.009993 12.037900 -0.010852 0.009939 0.999892 0.404700 0.000000 0.000000 0.000000 1.000000
0.999925 0.005075 0.011178 0.000000 -0.004957 0.999932 -0.010545 12.037900 -0.011230 0.010489 0.999882 0.404700 0.000000 0.000000 0.000000 1.000000
0.999923 0.005059 0.011334 0.000000 -0.004936 0.999929 -0.010807 12.037900 -0.011388 0.010750 0.999877 0.404700 0.000000 0.000000 0.000000 1.000000
0.999923 0.005009 0.011322 0.000000 -0.004885 0.999928 -0.010973 12.037900 -0.011376 0.010917 0.999876 0.404700 0.000000 0.000000 0.000000 1.000000
0.999924 0.004942 0.011327 -0.000000 -0.004817 0.999927 -0.011038 12.037900 -0.011381 0.010983 0.999875 0.404700 0.000000 0.000000 0.000000 1.000000
0.999923 0.004714 0.011466 0.000000 -0.004583 0.999924 -0.011411 12.037900 -0.011519 0.011357 0.999869 0.404700 0.000000 0.000000 0.000000 1.000000
0.999923 0.004504 0.011561 0.000000 -0.004369 0.999923 -0.011624 12.037900 -0.011612 0.011573 0.999866 0.404700 0.000000 0.000000 0.000000 1.000000
0.999923 0.004361 0.011592 0.000000 -0.004223 0.999921 -0.011844 12.037900 -0.011643 0.011794 0.999863 0.404700 0.000000 0.000000 0.000000 1.000000
0.999924 0.004321 0.011504 0.000000 -0.004181 0.999917 -0.012167 12.037900 -0.011556 0.012118 0.999860 0.404700 0.000000 0.000000 0.000000 1.000000
0.999926 0.003916 0.011538 0.000000 -0.003779 0.999922 -0.011904 12.037900 -0.011583 0.011860 0.999863 0.404700 0.000000 0.000000 0.000000 1.000000
0.999928 0.003702 0.011440 0.000000 -0.003567 0.999924 -0.011827 12.037900 -0.011483 0.011785 0.999865 0.404700 0.000000 0.000000 0.000000 1.000000
0.999931 0.003339 0.011251 -0.000000 -0.003206 0.999925 -0.011781 12.037900 -0.011290 0.011744 0.999867 0.404700 0.000000 0.000000 0.000000 1.000000
0.999931 0.003017 0.011377 0.000000 -0.002879 0.999922 -0.012150 12.037900 -0.011413 0.012116 0.999861 0.404700 0.000000 0.000000 0.000000 1.000000
0.999933 0.002713 0.011272 0.000000 -0.002580 0.999927 -0.011840 12.037900 -0.011303 0.011810 0.999866 0.404700 0.000000 0.000000 0.000000 1.000000
0.999936 0.002458 0.011036 -0.000000 -0.002332 0.999932 -0.011461 12.037900 -0.011063 0.011435 0.999873 0.404700 0.000000 0.000000 0.000000 1.000000
0.999938 0.002271 0.010862 -0.000000 -0.002146 0.999932 -0.011497 12.037900 -0.010888 0.011473 0.999875 0.404700 0.000000 0.000000 0.000000 1.000000
0.999939 0.002039 0.010832 0.000000 -0.001917 0.999935 -0.011257 12.037900 -0.010854 0.011235 0.999878 0.404700 0.000000 0.000000 0.000000 1.000000
0.999941 0.001890 0.010712 -0.000000 -0.001772 0.999938 -0.010992 12.037900 -0.010732 0.010973 0.999882 0.404700 0.000000 0.000000 0.000000 1.000000
0.999942 0.001706 0.010638 0.000000 -0.001587 0.999936 -0.011222 12.037900 -0.010657 0.011205 0.999880 0.404700 0.000000 0.000000 0.000000 1.000000
0.999943 0.001629 0.010517 0.000000 -0.001515 0.999940 -0.010825 12.037900 -0.010534 0.010809 0.999886 0.404700 0.000000 0.000000 0.000000 1.000000
0.999943 0.001471 0.010599 0.000000 -0.001356 0.999940 -0.010825 12.037900 -0.010614 0.010810 0.999885 0.404700 0.000000 0.000000 0.000000 1.000000
0.999943 0.001377 0.010591 0.000000 -0.001266 0.999944 -0.010460 12.037900 -0.010605 0.010446 0.999889 0.404700 0.000000 0.000000 0.000000 1.000000
0.999944 0.001360 0.010503 0.000000 -0.001255 0.999949 -0.010047 12.037900 -0.010516 0.010033 0.999894 0.404700 0.000000 0.000000 0.000000 1.000000
0.999943 0.001392 0.010562 0.000000 -0.001289 0.999951 -0.009800 12.037900 -0.010576 0.009786 0.999896 0.404700 0.000000 0.000000 0.000000 1.000000
0.999943 0.001428 0.010552 -0.000000 -0.001326 0.999953 -0.009645 12.037900 -0.010566 0.009631 0.999898 0.404700 0.000000 0.000000 0.000000 1.000000
0.999944 0.001503 0.010507 -0.000000 -0.001404 0.999955 -0.009377 12.037900 -0.010521 0.009362 0.999901 0.404700 0.000000 0.000000 0.000000 1.000000
0.999944 0.001614 0.010448 0.000000 -0.001518 0.999957 -0.009158 12.037900 -0.010462 0.009141 0.999903 0.404700 0.000000 0.000000 0.000000 1.000000
0.999944 0.001719 0.010412 -0.000000 -0.001625 0.999959 -0.008951 12.037900 -0.010427 0.008934 0.999906 0.404700 0.000000 0.000000 0.000000 1.000000
0.999944 0.001812 0.010395 0.000000 -0.001721 0.999960 -0.008729 12.037900 -0.010411 0.008711 0.999908 0.404700 0.000000 0.000000 0.000000 1.000000
0.999944 0.001873 0.010383 0.000000 -0.001785 0.999963 -0.008465 12.037900 -0.010399 0.008446 0.999910 0.404700 0.000000 0.000000 0.000000 1.000000
0.999944 0.001912 0.010361 -0.000000 -0.001824 0.999962 -0.008509 12.037900 -0.010377 0.008489 0.999910 0.404700 0.000000 0.000000 0.000000 1.000000
0.999945 0.001948 0.010310 0.000000 -0.001861 0.999962 -0.008461 12.037900 -0.010326 0.008442 0.999911 0.404700 0.000000 0.000000 0.000000 1.000000
0.999946 0.001996 0.010190 -0.000000 -0.001910 0.999963 -0.008410 12.037900 -0.010206 0.008390 0.999913 0.404700 0.000000 0.000000 0.000000 1.000000
0.999949 0.002037 0.009897 0.000000 -0.001956 0.999965 -0.008135 12.037900 -0.009913 0.008115 0.999918 0.404700 0.000000 0.000000 0.000000 1.000000
0.999951 0.002098 0.009717 0.000000 -0.002021 0.999967 -0.007894 12.037900 -0.009733 0.007874 0.999922 0.404700 0.000000 0.000000 0.000000 1.000000
0.999950 0.002202 0.009734 0.000000 -0.002122 0.999964 -0.008228 12.037900 -0.009752 0.008207 0.999919 0.404700 0.000000 0.000000 0.000000 1.000000
0.999949 0.002289 0.009805 0.000000 -0.002207 0.999963 -0.008305 12.037900 -0.009824 0.008283 0.999917 0.404700 0.000000 0.000000 0.000000 1.000000
0.999948 0.002473 0.009911 0.000000 -0.002390 0.999962 -0.008389 12.037900 -0.009931 0.008365 0.999916 0.404700 0.000000 0.000000 0.000000 1.000000
0.999947 0.002428 0.009996 0.000000 -0.002344 0.999961 -0.008458 12.037900 -0.010017 0.008434 0.999914 0.404700 0.000000 0.000000 0.000000 1.000000
0.999947 0.002541 0.010009 0.000000 -0.002452 0.999958 -0.008881 12.037900 -0.010031 0.008856 0.999910 0.404700 0.000000 0.000000 0.000000 1.000000
