<?xml version="1.0" encoding="utf-8"?>
<COLLADA xmlns="http://www.collada.org/2005/11/COLLADASchema" version="1.4.1">
  <asset><contributor><author>Mixamo</author><authoring_tool>COLLADA Mixamo exporter</authoring_tool><comments></comments></contributor><created>2019-11-25T06:10:20Z</created><modified>2019-11-25T06:10:20Z</modified><revision></revision><title></title><unit meter="0.010000"/><up_axis>Y_UP</up_axis></asset>
  <library_animations>
    <animation id="mixamorig1_Hips-anim" name="mixamorig1_Hips"><source id="mixamorig1_Hips-Matrix-animation-input"><float_array id="mixamorig1_Hips-Matrix-animation-input-array" count="61">

0.000000 0.033333 0.066667 0.100000 0.133333 0.166667 0.200000 0.233333 0.266667 0.300000 0.333333 0.366667 0.400000 0.433333 0.466667 0.500000
0.533333 0.566667 0.600000 0.633333 0.666667 0.700000 0.733333 0.766667 0.800000 0.833333 0.866667 0.900000 0.933333 0.966667 1.000000 1.033333
1.066667 1.100000 1.133333 1.166667 1.200000 1.233333 1.266667 1.300000 1.333333 1.366667 1.400000 1.433333 1.466667 1.500000 1.533333 1.566667
1.600000 1.633333 1.666667 1.700000 1.733333 1.766667 1.800000 1.833333 1.866667 1.900000 1.933333 1.966667 2.000000</float_array><technique_common><accessor source="#mixamorig1_Hips-Matrix-animation-input-array" count="61"><param name="TIME" type="float"/></accessor></technique_common></source><source id="mixamorig1_Hips-Matrix-animation-output-transform"><float_array id="mixamorig1_Hips-Matrix-animation-output-transform-array" count="976">

0.448846 -0.060124 -0.891584 -0.507759 -0.009724 0.997346 -0.072152 89.534889 0.893556 0.041055 0.447070 -0.111284 0.000000 0.000000 0.000000 1.000000
0.450269 -0.060437 -0.890845 -0.421102 -0.007695 0.997407 -0.071556 89.519928 0.892860 0.039075 0.448636 -0.218193 0.000000 0.000000 0.000000 1.000000
0.450815 -0.061657 -0.890486 -0.318773 -0.004959 0.997423 -0.071572 89.519905 0.892604 0.036681 0.449347 -0.359963 0.000000 0.000000 0.000000 1.000000
0.449937 -0.064008 -0.890763 -0.202364 -0.001278 0.997381 -0.072314 89.548065 0.893059 0.033675 0.448677 -0.540655 0.000000 0.000000 0.000000 1.000000
0.446495 -0.067298 -0.892252 -0.077245 0.003268 0.997284 -0.073584 89.612152 0.894780 0.029939 0.445502 -0.761090 0.000000 0.000000 0.000000 1.000000
0.439002 -0.070997 -0.895676 0.052108 0.008237 0.997149 -0.075003 89.708733 0.898448 0.025549 0.438336 -1.017616 0.000000 0.000000 0.000000 1.000000
0.426117 -0.074708 -0.901578 0.186633 0.013383 0.996996 -0.076289 89.822044 0.904569 0.020442 0.425837 -1.291177 0.000000 0.000000 0.000000 1.000000
0.406751 -0.078343 -0.910173 0.325087 0.018913 0.996825 -0.077350 89.925133 0.913343 0.014248 0.406941 -1.540848 0.000000 0.000000 0.000000 1.000000
0.380271 -0.081740 -0.921256 0.458851 0.025049 0.996632 -0.078089 89.978798 0.924536 0.006618 0.381037 -1.718188 0.000000 0.000000 0.000000 1.000000
0.347043 -0.084143 -0.934067 0.581802 0.031675 0.996450 -0.077995 89.935394 0.937314 -0.002519 0.348477 -1.781298 0.000000 0.000000 0.000000 1.000000
0.308313 -0.084355 -0.947537 0.696736 0.038548 0.996350 -0.076158 89.759422 0.950504 -0.013045 0.310440 -1.686786 0.000000 0.000000 0.000000 1.000000
0.265333 -0.081845 -0.960677 0.808550 0.045760 0.996337 -0.072244 89.439514 0.963070 -0.024792 0.268107 -1.390973 0.000000 0.000000 0.000000 1.000000
0.219316 -0.077351 -0.972583 0.917480 0.053746 0.996296 -0.067118 88.990288 0.974172 -0.037552 0.222661 -0.868401 0.000000 0.000000 0.000000 1.000000
0.171916 -0.071738 -0.982496 1.015076 0.063016 0.996103 -0.061705 88.439789 0.983094 -0.051305 0.175767 -0.114177 0.000000 0.000000 0.000000 1.000000
0.124815 -0.064976 -0.990050 1.076344 0.073870 0.995692 -0.056033 87.825180 0.989426 -0.066141 0.129077 0.868360 0.000000 0.000000 0.000000 1.000000
0.079699 -0.056362 -0.995224 1.066149 0.085880 0.995076 -0.049476 87.192215 0.993113 -0.081526 0.084147 2.065485 0.000000 0.000000 0.000000 1.000000
0.039780 -0.045216 -0.998185 0.973342 0.097812 0.994354 -0.041145 86.572479 0.994410 -0.095998 0.043978 3.440631 0.000000 0.000000 0.000000 1.000000
0.009706 -0.031418 -0.999459 0.816541 0.108012 0.993691 -0.030188 85.974411 0.994102 -0.107661 0.013038 4.931464 0.000000 0.000000 0.000000 1.000000
-0.005535 -0.015552 -0.999864 0.617303 0.114392 0.993306 -0.016083 85.402878 0.993420 -0.114465 -0.003718 6.463534 0.000000 0.000000 0.000000 1.000000
0.000376 0.001331 -0.999999 0.392239 0.114813 0.993386 0.001365 84.874741 0.993387 -0.114813 0.000220 7.964263 0.000000 0.000000 0.000000 1.000000
0.034694 0.018064 -0.999235 0.164100 0.106929 0.994030 0.021682 84.431824 0.993661 -0.107600 0.032555 9.361849 0.000000 0.000000 0.000000 1.000000
0.100488 0.033881 -0.994361 -0.040655 0.087753 0.995223 0.042779 84.100494 0.991061 -0.091557 0.097035 10.578761 0.000000 0.000000 0.000000 1.000000
0.192208 0.049613 -0.980099 -0.217513 0.053817 0.996685 0.061006 83.942528 0.979877 -0.064472 0.188901 11.537560 0.000000 0.000000 0.000000 1.000000
0.298936 0.067886 -0.951855 -0.396311 0.003625 0.997378 0.072271 84.020737 0.954266 -0.025055 0.297907 12.158491 0.000000 0.000000 0.000000 1.000000
0.414138 0.091171 -0.905637 -0.611071 -0.062387 0.995474 0.071686 84.486000 0.908074 0.026812 0.417952 12.384648 0.000000 0.000000 0.000000 1.000000
0.538886 0.119883 -0.833804 -0.854538 -0.139743 0.988829 0.051857 85.462952 0.830707 0.088573 0.549619 12.213119 0.000000 0.000000 0.000000 1.000000
0.671092 0.152477 -0.725525 -1.061761 -0.216891 0.976185 0.004538 86.953094 0.708938 0.154314 0.688181 11.766425 0.000000 0.000000 0.000000 1.000000
0.795157 0.183575 -0.577950 -1.128791 -0.273707 0.959120 -0.071926 88.664085 0.541119 0.215382 0.812897 11.149481 0.000000 0.000000 0.000000 1.000000
0.890857 0.201487 -0.407156 -0.971798 -0.287591 0.943931 -0.162130 90.269608 0.351660 0.261529 0.898853 10.520639 0.000000 0.000000 0.000000 1.000000
0.949981 0.193408 -0.245215 -0.557559 -0.251356 0.939487 -0.232774 91.466507 0.185356 0.282767 0.941109 9.976358 0.000000 0.000000 0.000000 1.000000
0.978403 0.163262 -0.126778 0.013519 -0.191733 0.945972 -0.261487 92.302391 0.077238 0.280147 0.956845 9.643099 0.000000 0.000000 0.000000 1.000000
0.989882 0.129553 -0.057878 0.519804 -0.140192 0.955943 -0.257915 92.765228 0.021914 0.263419 0.964433 9.661163 0.000000 0.000000 0.000000 1.000000
0.993886 0.109944 -0.010151 0.785342 -0.109049 0.963058 -0.246227 92.886429 -0.017295 0.245829 0.969159 10.005387 0.000000 0.000000 0.000000 1.000000
0.993511 0.108191 0.035077 0.853660 -0.096803 0.966284 -0.238590 92.655655 -0.059707 0.233646 0.970487 10.548350 0.000000 0.000000 0.000000 1.000000
0.991108 0.119090 0.059356 0.900683 -0.102348 0.967346 -0.231878 92.125374 -0.085032 0.223741 0.970932 11.165045 0.000000 0.000000 0.000000 1.000000
0.990416 0.134544 0.031198 1.111939 -0.124551 0.967691 -0.219231 91.522934 -0.059686 0.213244 0.975174 11.759891 0.000000 0.000000 0.000000 1.000000
0.987454 0.146969 -0.057745 1.568397 -0.155624 0.967723 -0.198225 91.095734 0.026749 0.204725 0.978454 12.245145 0.000000 0.000000 0.000000 1.000000
0.971560 0.147391 -0.185328 2.189160 -0.179237 0.969214 -0.168815 90.890152 0.154741 0.197232 0.968068 12.493169 0.000000 0.000000 0.000000 1.000000
0.937495 0.131384 -0.322245 2.896521 -0.184126 0.973032 -0.138949 90.799812 0.295299 0.189598 0.936403 12.455840 0.000000 0.000000 0.000000 1.000000
0.885814 0.105373 -0.451919 3.596503 -0.175445 0.977639 -0.115938 90.800232 0.429596 0.181987 0.884493 12.152540 0.000000 0.000000 0.000000 1.000000
0.818949 0.076483 -0.568747 4.151091 -0.160706 0.981990 -0.099348 90.826370 0.550905 0.172762 0.816490 11.562273 0.000000 0.000000 0.000000 1.000000
0.743363 0.047481 -0.667200 4.513373 -0.144315 0.985369 -0.090666 90.844482 0.653134 0.163685 0.739340 10.742567 0.000000 0.000000 0.000000 1.000000
0.670760 0.018303 -0.741449 4.742907 -0.127828 0.987589 -0.091262 90.801628 0.730576 0.155993 0.664774 9.785340 0.000000 0.000000 0.000000 1.000000
0.611000 -0.009482 -0.791574 4.889709 -0.112010 0.988833 -0.098304 90.562149 0.783666 0.148728 0.603115 8.724692 0.000000 0.000000 0.000000 1.000000
0.565370 -0.032509 -0.824196 4.955579 -0.097577 0.989570 -0.105967 90.097214 0.819045 0.140333 0.556302 7.599758 0.000000 0.000000 0.000000 1.000000
0.528884 -0.048666 -0.847297 4.903407 -0.084574 0.990363 -0.109675 89.501648 0.844469 0.129665 0.519672 6.448278 0.000000 0.000000 0.000000 1.000000
0.497663 -0.058395 -0.865403 4.696916 -0.072894 0.991386 -0.108814 88.917465 0.864302 0.117236 0.489119 5.322388 0.000000 0.000000 0.000000 1.000000
0.472056 -0.063652 -0.879268 4.335167 -0.062221 0.992497 -0.105253 88.455315 0.879370 0.104394 0.464554 4.290916 0.000000 0.000000 0.000000 1.000000
0.453268 -0.065941 -0.888932 3.864305 -0.052214 0.993583 -0.100329 88.169426 0.889844 0.091891 0.446917 3.399950 0.000000 0.000000 0.000000 1.000000
0.440406 -0.065852 -0.895380 3.350546 -0.043568 0.994564 -0.094576 88.080582 0.896741 0.080662 0.435143 2.662501 0.000000 0.000000 0.000000 1.000000
0.431616 -0.064752 -0.899731 2.840765 -0.036317 0.995364 -0.089056 88.168571 0.901326 0.071114 0.427263 2.053911 0.000000 0.000000 0.000000 1.000000
0.425514 -0.064154 -0.902675 2.360215 -0.029875 0.995944 -0.084866 88.379951 0.904458 0.063080 0.421872 1.546541 0.000000 0.000000 0.000000 1.000000
0.421377 -0.064519 -0.904587 1.914063 -0.023660 0.996344 -0.082085 88.649124 0.906577 0.055991 0.418311 1.129900 0.000000 0.000000 0.000000 1.000000
0.418983 -0.065354 -0.905639 1.498836 -0.017920 0.996617 -0.080210 88.920670 0.907817 0.049836 0.416394 0.799230 0.000000 0.000000 0.000000 1.000000
0.418425 -0.066082 -0.905844 1.114641 -0.013405 0.996792 -0.078909 89.162079 0.908153 0.045160 0.416196 0.542437 0.000000 0.000000 0.000000 1.000000
0.419724 -0.066426 -0.905218 0.763705 -0.010512 0.996896 -0.078027 89.355690 0.907591 0.042265 0.417723 0.342549 0.000000 0.000000 0.000000 1.000000
0.422656 -0.066294 -0.903862 0.444214 -0.009081 0.996961 -0.077368 89.492371 0.906245 0.040908 0.420769 0.186186 0.000000 0.000000 0.000000 1.000000
0.426941 -0.065609 -0.901896 0.153267 -0.008662 0.997022 -0.076629 89.572327 0.904238 0.040529 0.425101 0.067025 0.000000 0.000000 0.000000 1.000000
0.432516 -0.064285 -0.899332 -0.107446 -0.008837 0.997105 -0.075524 89.601379 0.901583 0.040612 0.430695 -0.018372 0.000000 0.000000 0.000000 1.000000
0.439697 -0.062340 -0.895980 -0.331188 -0.009355 0.997216 -0.073974 89.585701 0.898097 0.040909 0.437890 -0.074979 0.000000 0.000000 0.000000 1.000000
0.448846 -0.060125 -0.891584 -0.507761 -0.009724 0.997346 -0.072152 89.534882 0.893556 0.041054 0.447070 -0.111296 0.000000 0.000000 0.000000 1.000000</float_array><technique_common><accessor source="#mixamorig1_Hips-Matrix-animation-output-transform-array" count="61" stride="16"><param type="float4x4"/></accessor></technique_common></source><source id="mixamorig1_Hips-Interpolations"><Name_array id="mixamorig1_Hips-Interpolations-array" count="61">
 LINEAR LINEAR LINEAR LINEAR LINEAR LINEAR LINEAR LINEAR LINEAR LINEAR LINEAR
LINEAR LINEAR LINEAR LINEAR LINEAR LINEAR LINEAR LINEAR LINEAR LINEAR LINEAR LINEAR
LINEAR LINEAR LINEAR LINEAR LINEAR LINEAR LINEAR LINEAR LINEAR LINEAR LINEAR LINEAR
LINEAR LINEAR LINEAR LINEAR LINEAR LINEAR LINEAR LINEAR LINEAR LINEAR LINEAR LINEAR
LINEAR LINEAR LINEAR LINEAR LINEAR LINEAR LINEAR LINEAR LINEAR LINEAR LINEAR LINEAR
LINEAR LINEAR</Name_array><technique_common><accessor source="#mixamorig1_Hips-Interpolations-array" count="61"><param type="name"/></accessor></technique_common></source><sampler id="mixamorig1_Hips-Matrix-animation-transform"><input semantic="INPUT" source="#mixamorig1_Hips-Matrix-animation-input"/><input semantic="OUTPUT" source="#mixamorig1_Hips-Matrix-animation-output-transform"/><input semantic="INTERPOLATION" source="#mixamorig1_Hips-Interpolations"/></sampler><channel source="#mixamorig1_Hips-Matrix-animation-transform" target="mixamorig1_Hips/matrix"/></animation>
    <animation id="mixamorig1_Spine-anim" name="mixamorig1_Spine"><source id="mixamorig1_Spine-Matrix-animation-input"><float_array id="mixamorig1_Spine-Matrix-animation-input-array" count="61">

0.000000 0.033333 0.066667 0.100000 0.133333 0.166667 0.200000 0.233333 0.266667 0.300000 0.333333 0.366667 0.400000 0.433333 0.466667 0.500000
0.533333 0.566667 0.600000 0.633333 0.666667 0.700000 0.733333 0.766667 0.800000 0.833333 0.866667 0.900000 0.933333 0.966667 1.000000 1.033333
1.066667 1.100000 1.133333 1.166667 1.200000 1.233333 1.266667 1.300000 1.333333 1.366667 1.400000 1.433333 1.466667 1.500000 1.533333 1.566667
1.600000 1.633333 1.666667 1.700000 1.733333 1.766667 1.800000 1.833333 1.866667 1.900000 1.933333 1.966667 2.000000</float_array><technique_common><accessor source="#mixamorig1_Spine-Matrix-animation-input-array" count="61"><param name="TIME" type="float"/></accessor></technique_common></source><source id="mixamorig1_Spine-Matrix-animation-output-transform"><float_array id="mixamorig1_Spine-Matrix-animation-output-transform-array" count="976">

0.999176 0.004892 0.040289 -0.000000 -0.005901 0.999671 0.024960 9.717300 -0.040153 -0.025177 0.998876 -1.180200 0.000000 0.000000 0.000000 1.000000
0.999164 0.004503 0.040643 0.000000 -0.005523 0.999672 0.025018 9.717300 -0.040517 -0.025222 0.998860 -1.180200 0.000000 0.000000 0.000000 1.000000
0.999158 0.004076 0.040831 -0.000000 -0.005101 0.999673 0.025037 9.717300 -0.040716 -0.025225 0.998852 -1.180200 0.000000 0.000000 0.000000 1.000000
0.999160 0.003844 0.040798 -0.000000 -0.004868 0.999675 0.025026 9.717300 -0.040688 -0.025203 0.998854 -1.180200 0.000000 0.000000 0.000000 1.000000
0.999167 0.003962 0.040619 -0.000000 -0.004982 0.999674 0.025045 9.717300 -0.040507 -0.025226 0.998861 -1.180200 0.000000 0.000000 0.000000 1.000000
0.999179 0.004297 0.040288 0.000000 -0.005315 0.999669 0.025182 9.717300 -0.040166 -0.025375 0.998871 -1.180200 0.000000 0.000000 0.000000 1.000000
0.999204 0.004618 0.039626 0.000000 -0.005629 0.999660 0.025445 9.717300 -0.039495 -0.025648 0.998891 -1.180200 0.000000 0.000000 0.000000 1.000000
0.999243 0.004772 0.038620 0.000000 -0.005768 0.999652 0.025724 9.717300 -0.038484 -0.025928 0.998923 -1.180200 0.000000 0.000000 0.000000 1.000000
0.999279 0.004551 0.037698 0.000000 -0.005531 0.999648 0.025932 9.717300 -0.037567 -0.026122 0.998953 -1.180200 0.000000 0.000000 0.000000 1.000000
0.999299 0.003619 0.037250 -0.000000 -0.004592 0.999650 0.026063 9.717300 -0.037142 -0.026215 0.998966 -1.180200 0.000000 0.000000 0.000000 1.000000
0.999320 0.001686 0.036841 -0.000000 -0.002648 0.999657 0.026073 9.717300 -0.036784 -0.026153 0.998981 -1.180200 0.000000 0.000000 0.000000 1.000000
0.999379 -0.001316 0.035216 0.000000 0.000403 0.999664 0.025921 9.717300 -0.035238 -0.025891 0.999044 -1.180200 0.000000 0.000000 0.000000 1.000000
0.999495 -0.005260 0.031332 0.000000 0.004457 0.999661 0.025651 9.717300 -0.031456 -0.025499 0.999180 -1.180200 0.000000 0.000000 0.000000 1.000000
0.999640 -0.009580 0.025058 0.000000 0.008945 0.999639 0.025353 9.717300 -0.025292 -0.025119 0.999364 -1.180200 0.000000 0.000000 0.000000 1.000000
0.999768 -0.013345 0.016892 0.000000 0.012919 0.999601 0.025115 9.717300 -0.017220 -0.024891 0.999542 -1.180200 0.000000 0.000000 0.000000 1.000000
0.999843 -0.016084 0.007446 0.000000 0.015893 0.999561 0.024996 9.717300 -0.007844 -0.024874 0.999660 -1.180200 0.000000 0.000000 0.000000 1.000000
0.999832 -0.018153 -0.002727 0.000000 0.018216 0.999516 0.025202 9.717300 0.002269 -0.025248 0.999679 -1.180200 0.000000 0.000000 0.000000 1.000000
0.999720 -0.019861 -0.012865 0.000000 0.020191 0.999457 0.026029 9.717300 0.012341 -0.026282 0.999578 -1.180200 0.000000 0.000000 0.000000 1.000000
0.999532 -0.021170 -0.022063 -0.000000 0.021775 0.999383 0.027546 9.717300 0.021466 -0.028014 0.999377 -1.180200 0.000000 0.000000 0.000000 1.000000
0.999313 -0.022045 -0.029791 0.000000 0.022936 0.999290 0.029906 9.717300 0.029111 -0.030569 0.999109 -1.180200 0.000000 0.000000 0.000000 1.000000
0.999089 -0.022828 -0.036060 0.000000 0.024052 0.999136 0.033881 9.717300 0.035255 -0.034718 0.998775 -1.180200 0.000000 0.000000 0.000000 1.000000
0.998868 -0.023599 -0.041298 0.000000 0.025266 0.998867 0.040318 9.717300 0.040299 -0.041316 0.998333 -1.180200 0.000000 0.000000 0.000000 1.000000
0.998627 -0.023741 -0.046688 0.000000 0.026026 0.998462 0.048945 9.717300 0.045454 -0.050093 0.997710 -1.180200 0.000000 0.000000 0.000000 1.000000
0.998366 -0.021141 -0.053095 0.000000 0.024242 0.997995 0.058458 9.717300 0.051753 -0.059650 0.996877 -1.180200 0.000000 0.000000 0.000000 1.000000
0.998136 -0.014554 -0.059261 0.000000 0.018580 0.997514 0.067970 9.717300 0.058124 -0.068944 0.995926 -1.180200 0.000000 0.000000 0.000000 1.000000
0.998088 -0.004132 -0.061677 0.000000 0.008915 0.996955 0.077467 9.717300 0.061169 -0.077869 0.995085 -1.180200 0.000000 0.000000 0.000000 1.000000
0.998306 0.008599 -0.057549 0.000000 -0.003616 0.996277 0.086136 9.717300 0.058076 -0.085782 0.994620 -1.180200 0.000000 0.000000 0.000000 1.000000
0.998697 0.021639 -0.046211 0.000000 -0.017343 0.995660 0.091437 9.717300 0.047990 -0.090517 0.994738 -1.180200 0.000000 0.000000 0.000000 1.000000
0.999153 0.031569 -0.026387 -0.000000 -0.029066 0.995484 0.090372 9.717300 0.029121 -0.089529 0.995558 -1.180200 0.000000 0.000000 0.000000 1.000000
0.999348 0.035884 0.003876 -0.000000 -0.036080 0.996024 0.081455 9.717300 -0.000938 -0.081542 0.996669 -1.180200 0.000000 0.000000 0.000000 1.000000
0.998529 0.035024 0.041392 0.000000 -0.037747 0.997043 0.066933 9.717300 -0.038925 -0.068397 0.996899 -1.180200 0.000000 0.000000 0.000000 1.000000
0.996610 0.031851 0.075861 0.000000 -0.035908 0.997963 0.052722 9.717300 -0.074027 -0.055267 0.995724 -1.180200 0.000000 0.000000 0.000000 1.000000
0.994946 0.027459 0.096582 0.000000 -0.031814 0.998532 0.043848 9.717300 -0.095236 -0.046699 0.994359 -1.180200 0.000000 0.000000 0.000000 1.000000
0.994818 0.022630 0.099123 0.000000 -0.026750 0.998824 0.040431 9.717300 -0.098091 -0.042873 0.994254 -1.180200 0.000000 0.000000 0.000000 1.000000
0.995884 0.018941 0.088634 0.000000 -0.022449 0.998996 0.038759 9.717300 -0.087811 -0.040589 0.995310 -1.180200 0.000000 0.000000 0.000000 1.000000
0.996999 0.018095 0.075267 0.000000 -0.020873 0.999123 0.036287 9.717300 -0.074544 -0.037749 0.996503 -1.180200 0.000000 0.000000 0.000000 1.000000
0.997636 0.019989 0.065742 0.000000 -0.022305 0.999149 0.034689 9.717300 -0.064993 -0.036074 0.997233 -1.180200 0.000000 0.000000 0.000000 1.000000
0.997936 0.023009 0.059958 -0.000000 -0.025175 0.999048 0.035631 9.717300 -0.059081 -0.037067 0.997565 -1.180200 0.000000 0.000000 0.000000 1.000000
0.998156 0.024677 0.055464 0.000000 -0.026770 0.998945 0.037316 9.717300 -0.054485 -0.038732 0.997763 -1.180200 0.000000 0.000000 0.000000 1.000000
0.998350 0.024584 0.051898 0.000000 -0.026540 0.998950 0.037353 9.717300 -0.050926 -0.038668 0.997954 -1.180200 0.000000 0.000000 0.000000 1.000000
0.998454 0.024361 0.049956 0.000000 -0.026149 0.999029 0.035456 9.717300 -0.049043 -0.036708 0.998122 -1.180200 0.000000 0.000000 0.000000 1.000000
0.998508 0.024705 0.048692 0.000000 -0.026327 0.999110 0.032953 9.717300 -0.047835 -0.034186 0.998270 -1.180200 0.000000 0.000000 0.000000 1.000000
0.998581 0.024775 0.047149 0.000000 -0.026252 0.999176 0.030963 9.717300 -0.046343 -0.032157 0.998408 -1.180200 0.000000 0.000000 0.000000 1.000000
0.998684 0.023355 0.045661 0.000000 -0.024710 0.999264 0.029357 9.717300 -0.044942 -0.030446 0.998526 -1.180200 0.000000 0.000000 0.000000 1.000000
0.998784 0.020435 0.044870 0.000000 -0.021679 0.999389 0.027416 9.717300 -0.044283 -0.028355 0.998617 -1.180200 0.000000 0.000000 0.000000 1.000000
0.998859 0.017444 0.044467 -0.000000 -0.018567 0.999516 0.024961 9.717300 -0.044010 -0.025759 0.998699 -1.180200 0.000000 0.000000 0.000000 1.000000
0.998936 0.015200 0.043532 0.000000 -0.016198 0.999612 0.022660 9.717300 -0.043171 -0.023341 0.998795 -1.180200 0.000000 0.000000 0.000000 1.000000
0.999034 0.013605 0.041795 0.000000 -0.014503 0.999669 0.021244 9.717300 -0.041492 -0.021830 0.998900 -1.180200 0.000000 0.000000 0.000000 1.000000
0.999122 0.012529 0.039990 -0.000000 -0.013359 0.999700 0.020544 9.717300 -0.039720 -0.021060 0.998989 -1.180200 0.000000 0.000000 0.000000 1.000000
0.999182 0.011328 0.038812 -0.000000 -0.012107 0.999729 0.019907 9.717300 -0.038576 -0.020361 0.999048 -1.180200 0.000000 0.000000 0.000000 1.000000
0.999222 0.009936 0.038157 0.000000 -0.010676 0.999758 0.019224 9.717300 -0.037957 -0.019616 0.999087 -1.180200 0.000000 0.000000 0.000000 1.000000
0.999251 0.008621 0.037732 0.000000 -0.009340 0.999777 0.018916 9.717300 -0.037560 -0.019254 0.999109 -1.180200 0.000000 0.000000 0.000000 1.000000
0.999266 0.007791 0.037510 -0.000000 -0.008518 0.999778 0.019260 9.717300 -0.037352 -0.019565 0.999111 -1.180200 0.000000 0.000000 0.000000 1.000000
0.999267 0.007497 0.037553 -0.000000 -0.008258 0.999763 0.020157 9.717300 -0.037393 -0.020453 0.999091 -1.180200 0.000000 0.000000 0.000000 1.000000
0.999258 0.007346 0.037818 0.000000 -0.008156 0.999740 0.021302 9.717300 -0.037651 -0.021595 0.999058 -1.180200 0.000000 0.000000 0.000000 1.000000
0.999245 0.006959 0.038213 0.000000 -0.007818 0.999719 0.022381 9.717300 -0.038046 -0.022663 0.999019 -1.180200 0.000000 0.000000 0.000000 1.000000
0.999232 0.006354 0.038674 0.000000 -0.007256 0.999704 0.023227 9.717300 -0.038515 -0.023490 0.998982 -1.180200 0.000000 0.000000 0.000000 1.000000
0.999217 0.005804 0.039134 0.000000 -0.006740 0.999693 0.023836 9.717300 -0.038983 -0.024082 0.998950 -1.180200 0.000000 0.000000 0.000000 1.000000
0.999204 0.005473 0.039519 0.000000 -0.006437 0.999684 0.024285 9.717300 -0.039374 -0.024520 0.998924 -1.180200 0.000000 0.000000 0.000000 1.000000
0.999192 0.005207 0.039857 0.000000 -0.006193 0.999677 0.024657 9.717300 -0.039715 -0.024884 0.998901 -1.180200 0.000000 0.000000 0.000000 1.000000
0.999176 0.004893 0.040289 0.000000 -0.005901 0.999671 0.024960 9.717300 -0.040153 -0.025177 0.998876 -1.180200 0.000000 0.000000 0.000000 1.000000</float_array><technique_common><accessor source="#mixamorig1_Spine-Matrix-animation-output-transform-array" count="61" stride="16"><param type="float4x4"/></accessor></technique_common></source><source id="mixamorig1_Spine-Interpolations"><Name_array id="mixamorig1_Spine-Interpolations-array" count="61">
 LINEAR LINEAR LINEAR LINEAR LINEAR LINEAR LINEAR LINEAR LINEAR LINEAR LINEAR
LINEAR LINEAR LINEAR LINEAR LINEAR LINEAR LINEAR LINEAR LINEAR LINEAR LINEAR LINEAR
LINEAR LINEAR LINEAR LINEAR LINEAR LINEAR LINEAR LINEAR LINEAR LINEAR LINEAR LINEAR
LINEAR LINEAR LINEAR LINEAR LINEAR LINEAR LINEAR LINEAR LINEAR LINEAR LINEAR LINEAR
LINEAR LINEAR LINEAR LINEAR LINEAR LINEAR LINEAR LINEAR LINEAR LINEAR LINEAR LINEAR
LINEAR LINEAR</Name_array><technique_common><accessor source="#mixamorig1_Spine-Interpolations-array" count="61"><param type="name"/></accessor></technique_common></source><sampler id="mixamorig1_Spine-Matrix-animation-transform"><input semantic="INPUT" source="#mixamorig1_Spine-Matrix-animation-input"/><input semantic="OUTPUT" source="#mixamorig1_Spine-Matrix-animation-output-transform"/><input semantic="INTERPOLATION" source="#mixamorig1_Spine-Interpolations"/></sampler><channel source="#mixamorig1_Spine-Matrix-animation-transform" target="mixamorig1_Spine/matrix"/></animation>
    <animation id="mixamorig1_Spine1-anim" name="mixamorig1_Spine1"><source id="mixamorig1_Spine1-Matrix-animation-input"><float_array id="mixamorig1_Spine1-Matrix-animation-input-array" count="61">

0.000000 0.033333 0.066667 0.100000 0.133333 0.166667 0.200000 0.233333 0.266667 0.300000 0.333333 0.366667 0.400000 0.433333 0.466667 0.500000
0.533333 0.566667 0.600000 0.633333 0.666667 0.700000 0.733333 0.766667 0.800000 0.833333 0.866667 0.900000 0.933333 0.966667 1.000000 1.033333
1.066667 1.100000 1.133333 1.166667 1.200000 1.233333 1.266667 1.300000 1.333333 1.366667 1.400000 1.433333 1.466667 1.500000 1.533333 1.566667
1.600000 1.633333 1.666667 1.700000 1.733333 1.766667 1.800000 1.833333 1.866667 1.900000 1.933333 1.966667 2.000000</float_array><technique_common><accessor source="#mixamorig1_Spine1-Matrix-animation-input-array" count="61"><param name="TIME" type="float"/></accessor></technique_common></source><source id="mixamorig1_Spine1-Matrix-animation-output-transform"><float_array id="mixamorig1_Spine1-Matrix-animation-output-transform-array" count="976">

0.998468 -0.030894 0.045896 -0.000000 0.036247 0.992015 -0.120795 11.420100 -0.041798 0.122274 0.991616 -0.000000 0.000000 0.000000 0.000000 1.000000
0.998431 -0.031401 0.046355 0.000000 0.036804 0.992004 -0.120725 11.420100 -0.042193 0.122241 0.991603 0.000000 0.000000 0.000000 0.000000 1.000000
0.998402 -0.031936 0.046620 0.000000 0.037368 0.991981 -0.120735 11.420100 -0.042390 0.122284 0.991589 0.000000 0.000000 0.000000 0.000000 1.000000
0.998389 -0.032377 0.046603 0.000000 0.037807 0.991960 -0.120774 11.420100 -0.042318 0.122341 0.991585 0.000000 0.000000 0.000000 0.000000 1.000000
0.998390 -0.032653 0.046383 0.000000 0.038053 0.991951 -0.120770 11.420100 -0.042066 0.122341 0.991596 0.000000 0.000000 0.000000 0.000000 1.000000
0.998409 -0.032628 0.045987 0.000000 0.037976 0.991964 -0.120686 11.420100 -0.041680 0.122240 0.991625 -0.000000 0.000000 0.000000 0.000000 1.000000
0.998458 -0.032144 0.045252 0.000000 0.037397 0.992010 -0.120490 11.420100 -0.041017 0.121997 0.991683 0.000000 0.000000 0.000000 0.000000 1.000000
0.998529 -0.031457 0.044153 0.000000 0.036567 0.992080 -0.120164 11.420100 -0.040023 0.121602 0.991772 0.000000 0.000000 0.000000 0.000000 1.000000
0.998571 -0.031558 0.043139 0.000000 0.036531 0.992121 -0.119837 11.420100 -0.039017 0.121241 0.991856 0.000000 0.000000 0.000000 0.000000 1.000000
0.998530 -0.033457 0.042636 0.000000 0.038356 0.992055 -0.119812 11.420100 -0.038289 0.121271 0.991881 0.000000 0.000000 0.000000 0.000000 1.000000
0.998425 -0.037038 0.042146 0.000000 0.041868 0.991870 -0.120174 11.420100 -0.037353 0.121749 0.991858 0.000000 0.000000 0.000000 0.000000 1.000000
0.998334 -0.041374 0.040218 0.000000 0.045959 0.991622 -0.120718 11.420100 -0.034886 0.122365 0.991872 0.000000 0.000000 0.000000 0.000000 1.000000
0.998312 -0.045873 0.035609 0.000000 0.049889 0.991328 -0.121573 11.420100 -0.029723 0.123145 0.991944 0.000000 0.000000 0.000000 0.000000 1.000000
0.998348 -0.050092 0.028136 -0.000000 0.053190 0.990973 -0.123057 11.420100 -0.021718 0.124350 0.992001 0.000000 0.000000 0.000000 0.000000 1.000000
0.998401 -0.053474 0.018320 0.000000 0.055348 0.990639 -0.124787 11.420100 -0.011476 0.125601 0.992014 0.000000 0.000000 0.000000 0.000000 1.000000
0.998409 -0.055975 0.006783 0.000000 0.056384 0.990462 -0.125719 11.420100 0.000318 0.125901 0.992043 0.000000 0.000000 0.000000 0.000000 1.000000
0.998304 -0.057928 -0.005816 -0.000000 0.056748 0.990516 -0.125130 11.420100 0.013009 0.124587 0.992123 0.000000 0.000000 0.000000 0.000000 1.000000
0.998078 -0.059151 -0.018454 0.000000 0.056444 0.990791 -0.123072 11.420100 0.025564 0.121794 0.992226 0.000000 0.000000 0.000000 0.000000 1.000000
0.997807 -0.059038 -0.029920 0.000000 0.055053 0.991251 -0.119963 11.420100 0.036740 0.118053 0.992327 0.000000 0.000000 0.000000 0.000000 1.000000
0.997569 -0.057392 -0.039522 0.000000 0.052473 0.991875 -0.115889 11.420100 0.045852 0.113533 0.992476 0.000000 0.000000 0.000000 0.000000 1.000000
0.997380 -0.054715 -0.047330 0.000000 0.049228 0.992689 -0.110202 11.420100 0.053014 0.107584 0.992782 0.000000 0.000000 0.000000 0.000000 1.000000
0.997227 -0.051287 -0.053934 -0.000000 0.045588 0.993735 -0.102043 11.420100 0.058829 0.099302 0.993317 0.000000 0.000000 0.000000 0.000000 1.000000
0.997128 -0.045560 -0.060490 0.000000 0.039906 0.994996 -0.091595 11.420100 0.064361 0.088918 0.993957 0.000000 0.000000 0.000000 0.000000 1.000000
0.997106 -0.034265 -0.067862 0.000000 0.028745 0.996323 -0.080711 11.420100 0.070378 0.078527 0.994425 0.000000 0.000000 0.000000 0.000000 1.000000
0.997106 -0.015249 -0.074480 0.000000 0.009913 0.997392 -0.071484 11.420100 0.075376 0.070539 0.994657 0.000000 0.000000 0.000000 0.000000 1.000000
0.997033 0.009458 -0.076392 -0.000000 -0.014421 0.997802 -0.064681 11.420100 0.075612 0.065591 0.994978 0.000000 0.000000 0.000000 0.000000 1.000000
0.996919 0.033956 -0.070709 -0.000000 -0.038249 0.997448 -0.060284 11.420100 0.068481 0.062803 0.995674 0.000000 0.000000 0.000000 0.000000 1.000000
0.997040 0.051781 -0.056840 0.000000 -0.055114 0.996752 -0.058721 11.420100 0.053615 0.061680 0.996655 0.000000 0.000000 0.000000 0.000000 1.000000
0.997911 0.055696 -0.032730 0.000000 -0.057578 0.996555 -0.059692 11.420100 0.029293 0.061452 0.997680 -0.000000 0.000000 0.000000 0.000000 1.000000
0.999138 0.041254 0.004643 0.000000 -0.040919 0.997497 -0.057659 11.420100 -0.007010 0.057420 0.998326 0.000000 0.000000 0.000000 0.000000 1.000000
0.998538 0.017849 0.051015 0.000000 -0.015335 0.998668 -0.049256 11.420100 -0.051826 0.048401 0.997483 0.000000 0.000000 0.000000 0.000000 1.000000
0.995595 -0.001013 0.093751 0.000000 0.004733 0.999210 -0.039470 11.420100 -0.093637 0.039740 0.994813 -0.000000 0.000000 0.000000 0.000000 1.000000
0.992721 -0.007707 0.120191 0.000000 0.012018 0.999308 -0.035189 11.420100 -0.119837 0.036378 0.992127 0.000000 0.000000 0.000000 0.000000 1.000000
0.992179 -0.004437 0.124748 0.000000 0.009465 0.999165 -0.039747 11.420100 -0.124467 0.040617 0.991392 -0.000000 0.000000 0.000000 0.000000 1.000000
0.993644 0.001213 0.112566 -0.000000 0.004750 0.998600 -0.052686 11.420100 -0.112472 0.052885 0.992247 -0.000000 0.000000 0.000000 0.000000 1.000000
0.995396 0.005666 0.095676 -0.000000 0.000998 0.997584 -0.069463 11.420100 -0.095839 0.069239 0.992986 0.000000 0.000000 0.000000 0.000000 1.000000
0.996482 0.011011 0.083078 0.000000 -0.004114 0.996563 -0.082738 11.420100 -0.083703 0.082105 0.993102 -0.000000 0.000000 0.000000 0.000000 1.000000
0.997033 0.016856 0.075105 -0.000000 -0.010217 0.996076 -0.087915 11.420100 -0.076292 0.086887 0.993293 0.000000 0.000000 0.000000 0.000000 1.000000
0.997465 0.019309 0.068492 -0.000000 -0.013057 0.995804 -0.090576 11.420100 -0.069953 0.089452 0.993532 0.000000 0.000000 0.000000 0.000000 1.000000
0.997808 0.019444 0.063258 0.000000 -0.013330 0.995322 -0.095684 11.420100 -0.064823 0.094631 0.993400 -0.000000 0.000000 0.000000 0.000000 1.000000
0.998002 0.018751 0.060331 0.000000 -0.012615 0.994854 -0.100534 11.420100 -0.061905 0.099572 0.993103 0.000000 0.000000 0.000000 0.000000 1.000000
0.998138 0.017499 0.058426 0.000000 -0.011360 0.994534 -0.103792 11.420100 -0.059923 0.102935 0.992881 -0.000000 0.000000 0.000000 0.000000 1.000000
0.998312 0.014992 0.056118 0.000000 -0.008954 0.994290 -0.106337 11.420100 -0.057392 0.105655 0.992745 -0.000000 0.000000 0.000000 0.000000 1.000000
0.998498 0.010121 0.053837 -0.000000 -0.004195 0.994025 -0.109075 11.420100 -0.054619 0.108685 0.992575 -0.000000 0.000000 0.000000 0.000000 1.000000
0.998617 0.003053 0.052486 0.000000 0.002879 0.993638 -0.112586 11.420100 -0.052496 0.112582 0.992255 0.000000 0.000000 0.000000 0.000000 1.000000
0.998651 -0.004257 0.051746 0.000000 0.010301 0.993065 -0.117111 11.420100 -0.050888 0.117486 0.991770 0.000000 0.000000 0.000000 0.000000 1.000000
0.998678 -0.009992 0.050427 0.000000 0.016081 0.992421 -0.121829 11.420100 -0.048827 0.122479 0.991269 0.000000 0.000000 0.000000 0.000000 1.000000
0.998744 -0.014014 0.048111 0.000000 0.019956 0.991915 -0.125327 11.420100 -0.045966 0.126130 0.990948 0.000000 0.000000 0.000000 0.000000 1.000000
0.998805 -0.017366 0.045694 0.000000 0.023064 0.991598 -0.127287 11.420100 -0.043099 0.128189 0.990813 0.000000 0.000000 0.000000 0.000000 1.000000
0.998815 -0.020666 0.044062 -0.000000 0.026179 0.991367 -0.128473 11.420100 -0.041026 0.129474 0.990734 0.000000 0.000000 0.000000 0.000000 1.000000
0.998790 -0.023530 0.043174 0.000000 0.028936 0.991196 -0.129203 11.420100 -0.039753 0.130296 0.990678 0.000000 0.000000 0.000000 0.000000 1.000000
0.998765 -0.025446 0.042676 -0.000000 0.030772 0.991142 -0.129190 11.420100 -0.039011 0.130344 0.990701 0.000000 0.000000 0.000000 0.000000 1.000000
0.998746 -0.026541 0.042446 0.000000 0.031793 0.991228 -0.128279 11.420100 -0.038670 0.129468 0.990829 0.000000 0.000000 0.000000 0.000000 1.000000
0.998722 -0.027408 0.042467 -0.000000 0.032594 0.991408 -0.126683 11.420100 -0.038630 0.127905 0.991034 0.000000 0.000000 0.000000 0.000000 1.000000
0.998683 -0.028424 0.042705 0.000000 0.033564 0.991599 -0.124920 11.420100 -0.038796 0.126189 0.991247 0.000000 0.000000 0.000000 0.000000 1.000000
0.998634 -0.029476 0.043137 -0.000000 0.034607 0.991741 -0.123502 11.420100 -0.039140 0.124826 0.991406 0.000000 0.000000 0.000000 0.000000 1.000000
0.998584 -0.030322 0.043712 0.000000 0.035481 0.991828 -0.122545 11.420100 -0.039639 0.123923 0.991500 0.000000 0.000000 0.000000 0.000000 1.000000
0.998542 -0.030817 0.044327 0.000000 0.036023 0.991888 -0.121906 11.420100 -0.040211 0.123325 0.991551 0.000000 0.000000 0.000000 0.000000 1.000000
0.998514 -0.030951 0.044860 0.000000 0.036204 0.991936 -0.121456 11.420100 -0.040739 0.122899 0.991583 -0.000000 0.000000 0.000000 0.000000 1.000000
0.998494 -0.030910 0.045320 -0.000000 0.036205 0.991978 -0.121113 11.420100 -0.041212 0.122571 0.991604 0.000000 0.000000 0.000000 0.000000 1.000000
0.998468 -0.030894 0.045897 0.000000 0.036247 0.992015 -0.120795 11.420100 -0.041798 0.122274 0.991616 0.000000 0.000000 0.000000 0.000000 1.000000</float_array><technique_common><accessor source="#mixamorig1_Spine1-Matrix-animation-output-transform-array" count="61" stride="16"><param type="float4x4"/></accessor></technique_common></source><source id="mixamorig1_Spine1-Interpolations"><Name_array id="mixamorig1_Spine1-Interpolations-array" count="61">
 LINEAR LINEAR LINEAR LINEAR LINEAR LINEAR LINEAR LINEAR LINEAR LINEAR LINEAR
LINEAR LINEAR LINEAR LINEAR LINEAR LINEAR LINEAR LINEAR LINEAR LINEAR LINEAR LINEAR
LINEAR LINEAR LINEAR LINEAR LINEAR LINEAR LINEAR LINEAR LINEAR LINEAR LINEAR LINEAR
LINEAR LINEAR LINEAR LINEAR LINEAR LINEAR LINEAR LINEAR LINEAR LINEAR LINEAR LINEAR
LINEAR LINEAR LINEAR LINEAR LINEAR LINEAR LINEAR LINEAR LINEAR LINEAR LINEAR LINEAR
LINEAR LINEAR</Name_array><technique_common><accessor source="#mixamorig1_Spine1-Interpolations-array" count="61"><param type="name"/></accessor></technique_common></source><sampler id="mixamorig1_Spine1-Matrix-animation-transform"><input semantic="INPUT" source="#mixamorig1_Spine1-Matrix-animation-input"/><input semantic="OUTPUT" source="#mixamorig1_Spine1-Matrix-animation-output-transform"/><input semantic="INTERPOLATION" source="#mixamorig1_Spine1-Interpolations"/></sampler><channel source="#mixamorig1_Spine1-Matrix-animation-transform" target="mixamorig1_Spine1/matrix"/></animation>
    <animation id="mixamorig1_Spine2-anim" name="mixamorig1_Spine2"><source id="mixamorig1_Spine2-Matrix-animation-input"><float_array id="mixamorig1_Spine2-Matrix-animation-input-array" count="61">

0.000000 0.033333 0.066667 0.100000 0.133333 0.166667 0.200000 0.233333 0.266667 0.300000 0.333333 0.366667 0.400000 0.433333 0.466667 0.500000
0.533333 0.566667 0.600000 0.633333 0.666667 0.700000 0.733333 0.766667 0.800000 0.833333 0.866667 0.900000 0.933333 0.966667 1.000000 1.033333
1.066667 1.100000 1.133333 1.166667 1.200000 1.233333 1.266667 1.300000 1.333333 1.366667 1.400000 1.433333 1.466667 1.500000 1.533333 1.566667
1.600000 1.633333 1.666667 1.700000 1.733333 1.766667 1.800000 1.833333 1.866667 1.900000 1.933333 1.966667 2.000000</float_array><technique_common><accessor source="#mixamorig1_Spine2-Matrix-animation-input-array" count="61"><param name="TIME" type="float"/></accessor></technique_common></source><source id="mixamorig1_Spine2-Matrix-animation-output-transform"><float_array id="mixamorig1_Spine2-Matrix-animation-output-transform-array" count="976">

0.998184 -0.031245 0.051500 0.000000 0.037194 0.992206 -0.118925 13.051600 -0.047383 0.120624 0.991567 -0.000000 0.000000 0.000000 0.000000 1.000000
0.998145 -0.031753 0.051949 0.000000 0.037748 0.992196 -0.118837 13.051600 -0.047770 0.120578 0.991554 0.000000 0.000000 0.000000 0.000000 1.000000
0.998115 -0.032289 0.052197 0.000000 0.038312 0.992174 -0.118840 13.051600 -0.047951 0.120616 0.991540 0.000000 0.000000 0.000000 0.000000 1.000000
0.998101 -0.032732 0.052178 0.000000 0.038752 0.992152 -0.118879 13.051600 -0.047878 0.120675 0.991537 -0.000000 0.000000 0.000000 0.000000 1.000000
0.998102 -0.033011 0.051988 0.000000 0.039005 0.992143 -0.118871 13.051600 -0.047655 0.120673 0.991548 -0.000000 0.000000 0.000000 0.000000 1.000000
0.998122 -0.032991 0.051606 -0.000000 0.038936 0.992155 -0.118793 13.051600 -0.047282 0.120579 0.991577 0.000000 0.000000 0.000000 0.000000 1.000000
0.998180 -0.032509 0.050802 0.000000 0.038353 0.992196 -0.118645 13.051600 -0.046548 0.120377 0.991636 -0.000000 0.000000 0.000000 0.000000 1.000000
0.998264 -0.031814 0.049563 0.000000 0.037501 0.992257 -0.118404 13.051600 -0.045412 0.120057 0.991728 0.000000 0.000000 0.000000 0.000000 1.000000
0.998316 -0.031905 0.048455 0.000000 0.037446 0.992291 -0.118139 13.051600 -0.044312 0.119755 0.991814 0.000000 0.000000 0.000000 0.000000 1.000000
0.998275 -0.033813 0.047992 0.000000 0.039286 0.992223 -0.118106 13.051600 -0.043625 0.119788 0.991841 0.000000 0.000000 0.000000 0.000000 1.000000
0.998165 -0.037418 0.047612 0.000000 0.042838 0.992038 -0.118430 13.051600 -0.042801 0.120252 0.991820 0.000000 0.000000 0.000000 0.000000 1.000000
0.998082 -0.041766 0.045699 0.000000 0.046951 0.991782 -0.119015 13.051600 -0.040353 0.120932 0.991840 -0.000000 0.000000 0.000000 0.000000 1.000000
0.998090 -0.046260 0.040932 -0.000000 0.050876 0.991462 -0.120060 13.051600 -0.035028 0.121913 0.991923 0.000000 0.000000 0.000000 0.000000 1.000000
0.998175 -0.050470 0.033144 0.000000 0.054157 0.991069 -0.121857 13.051600 -0.026698 0.123430 0.991994 0.000000 0.000000 0.000000 0.000000 1.000000
0.998287 -0.053823 0.022954 0.000000 0.056264 0.990691 -0.123959 13.051600 -0.016069 0.125038 0.992022 0.000000 0.000000 0.000000 0.000000 1.000000
0.998354 -0.056259 0.011115 0.000000 0.057210 0.990472 -0.125266 13.051600 -0.003961 0.125695 0.992061 0.000000 0.000000 0.000000 0.000000 1.000000
0.998307 -0.058139 -0.001693 -0.000000 0.057472 0.990486 -0.125036 13.051600 0.008946 0.124727 0.992151 0.000000 0.000000 0.000000 0.000000 1.000000
0.998133 -0.059315 -0.014549 0.000000 0.057078 0.990726 -0.123303 13.051600 0.021727 0.122242 0.992262 0.000000 0.000000 0.000000 0.000000 1.000000
0.997899 -0.059189 -0.026342 0.000000 0.055610 0.991161 -0.120445 13.051600 0.033238 0.118727 0.992370 0.000000 0.000000 0.000000 0.000000 1.000000
0.997678 -0.057549 -0.036415 0.000000 0.052956 0.991776 -0.116515 13.051600 0.042821 0.114316 0.992521 0.000000 0.000000 0.000000 0.000000 1.000000
0.997487 -0.054874 -0.044811 -0.000000 0.049624 0.992595 -0.110869 13.051600 0.050563 0.108367 0.992824 0.000000 0.000000 0.000000 0.000000 1.000000
0.997320 -0.051418 -0.052050 0.000000 0.045871 0.993656 -0.102680 13.051600 0.057000 0.100017 0.993352 0.000000 0.000000 0.000000 0.000000 1.000000
0.997198 -0.045625 -0.059278 0.000000 0.040045 0.994941 -0.092136 13.051600 0.063182 0.089504 0.993980 -0.000000 0.000000 0.000000 0.000000 1.000000
0.997137 -0.034181 -0.067454 0.000000 0.028674 0.996303 -0.080985 13.051600 0.069973 0.078819 0.994430 0.000000 0.000000 0.000000 0.000000 1.000000
0.997075 -0.014833 -0.074982 0.000000 0.009488 0.997420 -0.071151 13.051600 0.075844 0.070231 0.994643 0.000000 0.000000 0.000000 0.000000 1.000000
0.996939 0.010401 -0.077491 0.000000 -0.015347 0.997863 -0.063510 13.051600 0.076665 0.064505 0.994968 0.000000 0.000000 0.000000 0.000000 1.000000
0.996806 0.035360 -0.071610 -0.000000 -0.039596 0.997494 -0.058625 13.051600 0.069358 0.061273 0.995708 0.000000 0.000000 0.000000 0.000000 1.000000
