<?xml version="1.0" encoding="utf-8"?>
<COLLADA xmlns="http://www.collada.org/2005/11/COLLADASchema" version="1.4.1">
  <asset><contributor><author>Mixamo</author><authoring_tool>COLLADA Mixamo exporter</authoring_tool><comments></comments></contributor><created>2019-11-25T06:15:25Z</created><modified>2019-11-25T06:15:25Z</modified><revision></revision><title></title><unit meter="0.010000"/><up_axis>Y_UP</up_axis></asset>
  <library_animations>
    <animation id="mixamorig1_Hips-anim" name="mixamorig1_Hips"><source id="mixamorig1_Hips-Matrix-animation-input"><float_array id="mixamorig1_Hips-Matrix-animation-input-array" count="105">

0.000000 0.033333 0.066667 0.100000 0.133333 0.166667 0.200000 0.233333 0.266667 0.300000 0.333333 0.366667 0.400000 0.433333 0.466667 0.500000
0.533333 0.566667 0.600000 0.633333 0.666667 0.700000 0.733333 0.766667 0.800000 0.833333 0.866667 0.900000 0.933333 0.966667 1.000000 1.033333
1.066667 1.100000 1.133333 1.166667 1.200000 1.233333 1.266667 1.300000 1.333333 1.366667 1.400000 1.433333 1.466667 1.500000 1.533333 1.566667
1.600000 1.633333 1.666667 1.700000 1.733333 1.766667 1.800000 1.833333 1.866667 1.900000 1.933333 1.966667 2.000000 2.033333 2.066667 2.100000
2.133333 2.166667 2.200000 2.233333 2.266667 2.300000 2.333333 2.366667 2.400000 2.433333 2.466667 2.500000 2.533333 2.566667 2.600000 2.633333
2.666667 2.700000 2.733333 2.766667 2.800000 2.833333 2.866667 2.900000 2.933333 2.966667 3.000000 3.033333 3.066667 3.100000 3.133333 3.166667
3.200000 3.233333 3.266667 3.300000 3.333333 3.366667 3.400000 3.433333 3.466667</float_array><technique_common><accessor source="#mixamorig1_Hips-Matrix-animation-input-array" count="105"><param name="TIME" type="float"/></accessor></technique_common></source><source id="mixamorig1_Hips-Matrix-animation-output-transform"><float_array id="mixamorig1_Hips-Matrix-animation-output-transform-array" count="1680">

0.997828 0.014500 -0.064258 -0.568918 -0.011737 0.998999 0.043171 97.577713 0.064820 -0.042323 0.996999 1.361696 0.000000 0.000000 0.000000 1.000000
0.997956 0.017209 -0.061539 -0.500946 -0.014609 0.998992 0.042446 97.510811 0.062208 -0.041460 0.997202 1.437657 0.000000 0.000000 0.000000 1.000000
0.998191 0.023660 -0.055274 -0.499727 -0.022060 0.999325 0.029370 97.429176 0.055932 -0.028098 0.998039 1.655728 0.000000 0.000000 0.000000 1.000000
0.998601 0.032331 -0.041835 -0.663160 -0.031388 0.999243 0.023004 97.371590 0.042547 -0.021658 0.998860 2.340897 0.000000 0.000000 0.000000 1.000000
0.999250 0.033708 -0.019065 -0.972423 -0.032950 0.998704 0.038791 97.271973 0.020348 -0.038134 0.999065 3.523368 0.000000 0.000000 0.000000 1.000000
0.999380 0.033560 0.010687 -1.454771 -0.034226 0.996966 0.069916 97.050308 -0.008308 -0.070238 0.997496 5.014746 0.000000 0.000000 0.000000 1.000000
0.998934 0.026716 0.037640 -1.922174 -0.030660 0.993632 0.108420 96.667015 -0.034504 -0.109458 0.993392 6.502831 0.000000 0.000000 0.000000 1.000000
0.998241 0.021301 0.055336 -2.393869 -0.029487 0.988000 0.151616 96.166542 -0.051443 -0.152981 0.986889 7.936463 0.000000 0.000000 0.000000 1.000000
0.995995 0.034806 0.082351 -2.999943 -0.050210 0.979891 0.193110 95.606026 -0.073974 -0.196472 0.977715 9.444420 0.000000 0.000000 0.000000 1.000000
0.994644 0.047613 0.091745 -3.619196 -0.067066 0.972668 0.222303 95.089447 -0.078653 -0.227265 0.970651 10.668922 0.000000 0.000000 0.000000 1.000000
0.993651 0.050523 0.100522 -4.243559 -0.072659 0.970348 0.230534 94.745102 -0.085894 -0.236374 0.967858 11.693016 0.000000 0.000000 0.000000 1.000000
0.992340 0.043295 0.115699 -4.938488 -0.069570 0.969793 0.233797 94.529060 -0.102081 -0.240055 0.965377 12.558656 0.000000 0.000000 0.000000 1.000000
0.991066 0.034966 0.128709 -5.629359 -0.065199 0.968870 0.238828 94.385857 -0.116352 -0.245086 0.962494 13.247961 0.000000 0.000000 0.000000 1.000000
0.989776 0.027791 0.139898 -6.263521 -0.061667 0.967802 0.244040 94.276672 -0.128611 -0.250172 0.959621 13.837353 0.000000 0.000000 0.000000 1.000000
0.988382 0.023693 0.150130 -6.890150 -0.060522 0.967438 0.245764 94.172348 -0.139419 -0.251995 0.957633 14.317581 0.000000 0.000000 0.000000 1.000000
0.987023 0.020210 0.159300 -7.475927 -0.059451 0.967544 0.245608 94.088409 -0.149166 -0.251891 0.956191 14.751300 0.000000 0.000000 0.000000 1.000000
0.986077 0.016189 0.165500 -7.984864 -0.056490 0.968674 0.241827 94.041962 -0.156401 -0.247809 0.956101 15.149528 0.000000 0.000000 0.000000 1.000000
0.985685 0.012393 0.168144 -8.444999 -0.051894 0.971179 0.232632 94.010239 -0.160415 -0.238028 0.957920 15.516299 0.000000 0.000000 0.000000 1.000000
0.985986 0.009714 0.166544 -8.828382 -0.047557 0.973248 0.224782 93.977394 -0.159905 -0.229552 0.960071 15.837442 0.000000 0.000000 0.000000 1.000000
0.986266 0.008213 0.164958 -9.171540 -0.044595 0.974910 0.218086 93.915382 -0.159028 -0.222447 0.961887 16.153732 0.000000 0.000000 0.000000 1.000000
0.986508 0.007694 0.163532 -9.517899 -0.042434 0.976774 0.210029 93.802277 -0.158118 -0.214135 0.963922 16.468704 0.000000 0.000000 0.000000 1.000000
0.986821 0.007177 0.161658 -9.854207 -0.040150 0.978636 0.201643 93.644379 -0.156757 -0.205476 0.966026 16.793301 0.000000 0.000000 0.000000 1.000000
0.987222 0.005827 0.159241 -10.186061 -0.036982 0.980424 0.193392 93.452965 -0.154997 -0.196810 0.968112 17.151360 0.000000 0.000000 0.000000 1.000000
0.987753 0.003791 0.155981 -10.576703 -0.032970 0.982202 0.184910 93.208977 -0.152504 -0.187788 0.970298 17.565186 0.000000 0.000000 0.000000 1.000000
0.988005 0.002742 0.154396 -10.989898 -0.030516 0.983592 0.177805 92.902550 -0.151376 -0.180384 0.971878 18.053633 0.000000 0.000000 0.000000 1.000000
0.987819 0.004265 0.155552 -11.403112 -0.031340 0.984594 0.172025 92.513107 -0.152422 -0.174804 0.972734 18.614891 0.000000 0.000000 0.000000 1.000000
0.987559 0.007594 0.157065 -11.789710 -0.034167 0.985333 0.167189 92.003044 -0.153491 -0.170475 0.973334 19.279213 0.000000 0.000000 0.000000 1.000000
0.987861 0.010923 0.154959 -12.108354 -0.036848 0.985531 0.165439 91.499001 -0.150909 -0.169140 0.973970 20.152672 0.000000 0.000000 0.000000 1.000000
0.989267 0.011480 0.145665 -12.386574 -0.035545 0.985870 0.163700 91.119659 -0.141727 -0.167121 0.975697 21.263655 0.000000 0.000000 0.000000 1.000000
0.991177 0.007205 0.132348 -12.706627 -0.028002 0.987366 0.155965 90.893692 -0.129552 -0.158295 0.978856 22.647512 0.000000 0.000000 0.000000 1.000000
0.992549 -0.000606 0.121848 -13.032422 -0.017414 0.989017 0.146775 90.682152 -0.120599 -0.147804 0.981636 24.257429 0.000000 0.000000 0.000000 1.000000
0.993072 -0.010683 0.117023 -13.337314 -0.006143 0.989778 0.142485 90.381348 -0.117349 -0.142217 0.982855 26.057583 0.000000 0.000000 0.000000 1.000000
0.993395 -0.021079 0.112796 -13.627579 0.004829 0.989791 0.142446 89.848991 -0.114647 -0.140960 0.983355 27.991476 0.000000 0.000000 0.000000 1.000000
0.993888 -0.030300 0.106149 -13.865223 0.014527 0.989130 0.146325 89.003983 -0.109429 -0.143889 0.983525 30.065973 0.000000 0.000000 0.000000 1.000000
0.994073 -0.040923 0.100715 -14.009195 0.025151 0.987882 0.153157 87.914497 -0.105762 -0.149716 0.983056 32.231388 0.000000 0.000000 0.000000 1.000000
0.993805 -0.050589 0.098956 -14.043463 0.034001 0.986097 0.162657 86.572708 -0.105809 -0.158285 0.981708 34.532940 0.000000 0.000000 0.000000 1.000000
0.992983 -0.062221 0.100563 -13.969402 0.043907 0.983586 0.175017 84.704506 -0.109802 -0.169373 0.979416 36.892052 0.000000 0.000000 0.000000 1.000000
0.991556 -0.076767 0.104515 -13.894767 0.055765 0.980045 0.190796 82.229401 -0.117076 -0.183356 0.976050 39.255775 0.000000 0.000000 0.000000 1.000000
0.989575 -0.087144 0.114661 -13.812356 0.061649 0.975843 0.209592 79.066177 -0.130156 -0.200339 0.971043 41.675961 0.000000 0.000000 0.000000 1.000000
0.986408 -0.093331 0.135238 -13.740497 0.061083 0.972328 0.225495 75.041748 -0.152542 -0.214169 0.964812 44.345207 0.000000 0.000000 0.000000 1.000000
0.980086 -0.099910 0.171609 -13.839566 0.058987 0.971680 0.228822 70.736359 -0.189610 -0.214142 0.958223 47.169945 0.000000 0.000000 0.000000 1.000000
0.967923 -0.108205 0.226753 -13.898887 0.057856 0.974246 0.217939 66.449562 -0.244495 -0.197829 0.949255 50.054203 0.000000 0.000000 0.000000 1.000000
0.952808 -0.129150 0.274730 -14.428773 0.075122 0.977152 0.198821 62.447693 -0.294131 -0.168800 0.940741 52.873253 0.000000 0.000000 0.000000 1.000000
0.944158 -0.156180 0.290128 -15.260396 0.108365 0.978727 0.174212 58.586281 -0.311165 -0.133044 0.940997 55.489407 0.000000 0.000000 0.000000 1.000000
0.945627 -0.179369 0.271322 -16.361277 0.145097 0.979224 0.141659 55.182587 -0.291095 -0.094588 0.952007 57.767464 0.000000 0.000000 0.000000 1.000000
0.954039 -0.187958 0.233411 -17.631849 0.168448 0.980516 0.101067 52.547371 -0.247860 -0.057105 0.967111 59.573498 0.000000 0.000000 0.000000 1.000000
0.965736 -0.180379 0.186595 -18.804758 0.173132 0.983386 0.054570 51.219879 -0.193338 -0.020395 0.980920 60.830444 0.000000 0.000000 0.000000 1.000000
0.976016 -0.169930 0.136073 -19.732971 0.170980 0.985266 0.004021 51.419727 -0.134751 0.019341 0.990691 61.842800 0.000000 0.000000 0.000000 1.000000
0.981248 -0.169244 0.092244 -20.440184 0.173871 0.983757 -0.044614 52.710472 -0.083195 0.059816 0.994736 63.130512 0.000000 0.000000 0.000000 1.000000
0.981047 -0.183659 0.061769 -21.257635 0.188450 0.978518 -0.083605 54.373985 -0.045087 0.093661 0.994583 65.000092 0.000000 0.000000 0.000000 1.000000
0.976609 -0.210072 0.045887 -22.302773 0.214006 0.970339 -0.112442 55.900467 -0.020905 0.119632 0.992598 67.366074 0.000000 0.000000 0.000000 1.000000
0.969160 -0.242719 0.042607 -23.556303 0.246319 0.959334 -0.137859 57.087517 -0.007413 0.144102 0.989535 70.044533 0.000000 0.000000 0.000000 1.000000
0.959768 -0.276437 0.049285 -24.953432 0.280795 0.945119 -0.167046 57.850834 -0.000403 0.174164 0.984717 72.894730 0.000000 0.000000 0.000000 1.000000
0.950029 -0.305484 0.064228 -26.477253 0.312158 0.928534 -0.200951 58.294193 0.001750 0.210958 0.977494 75.903557 0.000000 0.000000 0.000000 1.000000
0.942445 -0.323453 0.084708 -28.031044 0.334356 0.913042 -0.233582 58.658123 -0.001789 0.248461 0.968640 79.148964 0.000000 0.000000 0.000000 1.000000
0.936340 -0.336206 0.101160 -29.658276 0.351090 0.898286 -0.264233 58.494476 -0.002034 0.282928 0.959139 82.482384 0.000000 0.000000 0.000000 1.000000
0.930285 -0.351218 0.105903 -31.414402 0.366664 0.881368 -0.297908 57.517685 0.011291 0.315970 0.948702 85.711014 0.000000 0.000000 0.000000 1.000000
0.925048 -0.366421 0.100114 -33.284256 0.378029 0.862272 -0.337017 56.080498 0.037164 0.349603 0.936160 88.973801 0.000000 0.000000 0.000000 1.000000
0.920869 -0.379834 0.087902 -35.200123 0.382951 0.838935 -0.386700 54.340790 0.073138 0.389762 0.918007 92.303864 0.000000 0.000000 0.000000 1.000000
0.916962 -0.391925 0.074674 -36.952644 0.382294 0.809543 -0.445523 52.304817 0.114160 0.437075 0.892151 95.655106 0.000000 0.000000 0.000000 1.000000
0.913278 -0.402819 0.060495 -38.514492 0.375700 0.775623 -0.507206 49.920067 0.157391 0.485948 0.859699 99.077744 0.000000 0.000000 0.000000 1.000000
0.910508 -0.410980 0.045508 -39.997253 0.365338 0.748042 -0.554040 47.034698 0.193657 0.521084 0.831245 102.701317 0.000000 0.000000 0.000000 1.000000
0.906198 -0.421656 0.031816 -41.757774 0.354531 0.716616 -0.600640 44.075951 0.230464 0.555578 0.798886 106.411552 0.000000 0.000000 0.000000 1.000000
0.899396 -0.436372 0.025825 -43.718266 0.344623 0.671471 -0.656019 40.711029 0.268928 0.598921 0.754302 110.042969 0.000000 0.000000 0.000000 1.000000
0.891627 -0.451342 0.035931 -45.373192 0.340750 0.616655 -0.709667 36.603706 0.298145 0.645002 0.703621 113.525307 0.000000 0.000000 0.000000 1.000000
0.879677 -0.471972 0.058396 -47.008785 0.346833 0.552678 -0.757795 31.864145 0.325384 0.686869 0.649874 116.958008 0.000000 0.000000 0.000000 1.000000
0.864853 -0.496139 0.076649 -48.557598 0.349470 0.485370 -0.801428 26.641066 0.360416 0.719904 0.593160 120.660881 0.000000 0.000000 0.000000 1.000000
0.847357 -0.524682 0.081820 -49.853443 0.338247 0.414520 -0.844844 21.306965 0.409358 0.743560 0.528719 124.301140 0.000000 0.000000 0.000000 1.000000
0.829280 -0.549452 0.101961 -50.253483 0.334209 0.341396 -0.878495 16.570354 0.447882 0.762595 0.466745 127.215836 0.000000 0.000000 0.000000 1.000000
0.807784 -0.569014 0.153976 -50.654152 0.355213 0.261404 -0.897492 13.373118 0.470435 0.779674 0.413279 129.613159 0.000000 0.000000 0.000000 1.000000
0.791007 -0.579365 0.196580 -51.722683 0.358271 0.178193 -0.916455 12.329502 0.495933 0.795351 0.348522 131.889236 0.000000 0.000000 0.000000 1.000000
0.794164 -0.574396 0.198429 -52.612839 0.311016 0.103648 -0.944736 12.869587 0.522085 0.811989 0.260960 133.823685 0.000000 0.000000 0.000000 1.000000
0.810814 -0.555012 0.185857 -52.999302 0.254844 0.048902 -0.965745 13.529500 0.526911 0.830403 0.181092 135.220627 0.000000 0.000000 0.000000 1.000000
0.829465 -0.530625 0.174430 -53.418880 0.213943 0.013348 -0.976755 13.850229 0.515962 0.847502 0.124595 136.376175 0.000000 0.000000 0.000000 1.000000
0.844629 -0.510477 0.161291 -53.744350 0.181163 -0.010965 -0.983392 13.984587 0.503768 0.859821 0.083218 137.179794 0.000000 0.000000 0.000000 1.000000
0.855206 -0.495293 0.152670 -54.021847 0.158883 -0.029848 -0.986846 13.957277 0.493335 0.868213 0.053168 137.667221 0.000000 0.000000 0.000000 1.000000
0.862809 -0.482193 0.151827 -54.200958 0.149745 -0.043077 -0.987786 13.694304 0.482843 0.875005 0.035039 138.062027 0.000000 0.000000 0.000000 1.000000
0.867851 -0.472535 0.153443 -54.320030 0.150718 -0.043891 -0.987602 13.396420 0.473412 0.880218 0.033129 138.224411 0.000000 0.000000 0.000000 1.000000
0.870004 -0.468863 0.152513 -54.489864 0.157100 -0.029589 -0.987139 13.272766 0.467346 0.882775 0.047916 138.011887 0.000000 0.000000 0.000000 1.000000
0.873965 -0.462497 0.149272 -54.144524 0.167321 -0.002020 -0.985900 13.156017 0.456277 0.886619 0.075620 137.331024 0.000000 0.000000 0.000000 1.000000
0.876456 -0.458781 0.146102 -53.937145 0.179709 0.030192 -0.983256 13.085491 0.446688 0.888036 0.108909 136.490860 0.000000 0.000000 0.000000 1.000000
0.875699 -0.460755 0.144418 -54.212616 0.192302 0.058444 -0.979594 13.064810 0.442913 0.885601 0.139783 135.920120 0.000000 0.000000 0.000000 1.000000
0.875797 -0.460456 0.144776 -54.374393 0.203324 0.079901 -0.975846 13.136597 0.437766 0.884079 0.163599 135.441147 0.000000 0.000000 0.000000 1.000000
0.874939 -0.461456 0.146765 -54.555508 0.212116 0.092774 -0.972831 13.289997 0.435303 0.882299 0.179054 134.975327 0.000000 0.000000 0.000000 1.000000
0.874386 -0.461578 0.149649 -54.639458 0.219713 0.101645 -0.970255 13.358503 0.432637 0.881257 0.190292 134.551315 0.000000 0.000000 0.000000 1.000000
0.872706 -0.463619 0.153108 -54.691772 0.227231 0.108115 -0.967821 13.315607 0.432147 0.879414 0.199701 134.087860 0.000000 0.000000 0.000000 1.000000
0.870788 -0.465910 0.157024 -54.752769 0.233197 0.110224 -0.966162 13.295925 0.432837 0.877940 0.204631 133.725220 0.000000 0.000000 0.000000 1.000000
0.869239 -0.467896 0.159678 -54.820278 0.234989 0.106853 -0.966107 13.281406 0.434976 0.877300 0.202831 133.474106 0.000000 0.000000 0.000000 1.000000
0.869192 -0.468036 0.159526 -54.852333 0.231985 0.101071 -0.967454 13.275740 0.436680 0.877911 0.196427 133.442978 0.000000 0.000000 0.000000 1.000000
0.870044 -0.467441 0.156595 -54.832291 0.225616 0.095131 -0.969560 13.287346 0.438315 0.878891 0.188230 133.567230 0.000000 0.000000 0.000000 1.000000
0.871565 -0.466129 0.151982 -54.767498 0.216918 0.088618 -0.972159 13.318045 0.439683 0.880267 0.178348 133.794357 0.000000 0.000000 0.000000 1.000000
0.873492 -0.464258 0.146547 -54.691093 0.206289 0.080301 -0.975191 13.360855 0.440972 0.882052 0.165914 134.071701 0.000000 0.000000 0.000000 1.000000
0.875304 -0.462728 0.140451 -54.621132 0.194838 0.071644 -0.978215 13.397320 0.442585 0.883601 0.152867 134.321686 0.000000 0.000000 0.000000 1.000000
0.876635 -0.462152 0.133887 -54.561317 0.184212 0.065308 -0.980714 13.416071 0.444495 0.884393 0.142386 134.478912 0.000000 0.000000 0.000000 1.000000
0.877393 -0.462390 0.127973 -54.510464 0.175813 0.061689 -0.982489 13.416884 0.446398 0.884528 0.135420 134.546906 0.000000 0.000000 0.000000 1.000000
0.877746 -0.462759 0.124158 -54.475830 0.170965 0.060429 -0.983422 13.408167 0.447585 0.884422 0.132157 134.562485 0.000000 0.000000 0.000000 1.000000
0.878059 -0.462524 0.122821 -54.470177 0.169941 0.061445 -0.983537 13.398096 0.447362 0.884475 0.132554 134.550064 0.000000 0.000000 0.000000 1.000000
0.878282 -0.461892 0.123602 -54.496834 0.171724 0.063454 -0.983099 13.387877 0.446242 0.884664 0.135048 134.515366 0.000000 0.000000 0.000000 1.000000
0.878186 -0.461469 0.125842 -54.548962 0.175102 0.065330 -0.982380 13.375975 0.445117 0.884748 0.138176 134.461716 0.000000 0.000000 0.000000 1.000000
0.877948 -0.461174 0.128553 -54.610069 0.178853 0.066865 -0.981601 13.364889 0.444093 0.884787 0.141186 134.407349 0.000000 0.000000 0.000000 1.000000
0.877770 -0.460875 0.130819 -54.665836 0.181687 0.067573 -0.981032 13.353915 0.443293 0.884889 0.143048 134.365005 0.000000 0.000000 0.000000 1.000000
0.877841 -0.460443 0.131862 -54.702663 0.182905 0.067833 -0.980788 13.339375 0.442652 0.885094 0.143764 134.342239 0.000000 0.000000 0.000000 1.000000
0.878015 -0.460116 0.131845 -54.709064 0.182973 0.068126 -0.980755 13.331715 0.442279 0.885241 0.144004 134.339539 0.000000 0.000000 0.000000 1.000000
0.878015 -0.460115 0.131845 -54.709045 0.182973 0.068126 -0.980755 13.331714 0.442278 0.885242 0.144004 134.339539 0.000000 0.000000 0.000000 1.000000
0.878015 -0.460115 0.131845 -54.709049 0.182973 0.068126 -0.980755 13.331714 0.442278 0.885242 0.144004 134.339539 0.000000 0.000000 0.000000 1.000000</float_array><technique_common><accessor source="#mixamorig1_Hips-Matrix-animation-output-transform-array" count="105" stride="16"><param type="float4x4"/></accessor></technique_common></source><source id="mixamorig1_Hips-Interpolations"><Name_array id="mixamorig1_Hips-Interpolations-array" count="105">
 LINEAR LINEAR LINEAR LINEAR LINEAR LINEAR LINEAR LINEAR LINEAR LINEAR LINEAR
LINEAR LINEAR LINEAR LINEAR LINEAR LINEAR LINEAR LINEAR LINEAR LINEAR LINEAR LINEAR
LINEAR LINEAR LINEAR LINEAR LINEAR LINEAR LINEAR LINEAR LINEAR LINEAR LINEAR LINEAR
LINEAR LINEAR LINEAR LINEAR LINEAR LINEAR LINEAR LINEAR LINEAR LINEAR LINEAR LINEAR
LINEAR LINEAR LINEAR LINEAR LINEAR LINEAR LINEAR LINEAR LINEAR LINEAR LINEAR LINEAR
LINEAR LINEAR LINEAR LINEAR LINEAR LINEAR LINEAR LINEAR LINEAR LINEAR LINEAR LINEAR
LINEAR LINEAR LINEAR LINEAR LINEAR LINEAR LINEAR LINEAR LINEAR LINEAR LINEAR LINEAR
LINEAR LINEAR LINEAR LINEAR LINEAR LINEAR LINEAR LINEAR LINEAR LINEAR LINEAR LINEAR
LINEAR LINEAR LINEAR LINEAR LINEAR LINEAR LINEAR LINEAR LINEAR LINEAR</Name_array><technique_common><accessor source="#mixamorig1_Hips-Interpolations-array" count="105"><param type="name"/></accessor></technique_common></source><sampler id="mixamorig1_Hips-Matrix-animation-transform"><input semantic="INPUT" source="#mixamorig1_Hips-Matrix-animation-input"/><input semantic="OUTPUT" source="#mixamorig1_Hips-Matrix-animation-output-transform"/><input semantic="INTERPOLATION" source="#mixamorig1_Hips-Interpolations"/></sampler><channel source="#mixamorig1_Hips-Matrix-animation-transform" target="mixamorig1_Hips/matrix"/></animation>
    <animation id="mixamorig1_Spine-anim" name="mixamorig1_Spine"><source id="mixamorig1_Spine-Matrix-animation-input"><float_array id="mixamorig1_Spine-Matrix-animation-input-array" count="105">

0.000000 0.033333 0.066667 0.100000 0.133333 0.166667 0.200000 0.233333 0.266667 0.300000 0.333333 0.366667 0.400000 0.433333 0.466667 0.500000
0.533333 0.566667 0.600000 0.633333 0.666667 0.700000 0.733333 0.766667 0.800000 0.833333 0.866667 0.900000 0.933333 0.966667 1.000000 1.033333
1.066667 1.100000 1.133333 1.166667 1.200000 1.233333 1.266667 1.300000 1.333333 1.366667 1.400000 1.433333 1.466667 1.500000 1.533333 1.566667
1.600000 1.633333 1.666667 1.700000 1.733333 1.766667 1.800000 1.833333 1.866667 1.900000 1.933333 1.966667 2.000000 2.033333 2.066667 2.100000
2.133333 2.166667 2.200000 2.233333 2.266667 2.300000 2.333333 2.366667 2.400000 2.433333 2.466667 2.500000 2.533333 2.566667 2.600000 2.633333
2.666667 2.700000 2.733333 2.766667 2.800000 2.833333 2.866667 2.900000 2.933333 2.966667 3.000000 3.033333 3.066667 3.100000 3.133333 3.166667
3.200000 3.233333 3.266667 3.300000 3.333333 3.366667 3.400000 3.433333 3.466667</float_array><technique_common><accessor source="#mixamorig1_Spine-Matrix-animation-input-array" count="105"><param name="TIME" type="float"/></accessor></technique_common></source><source id="mixamorig1_Spine-Matrix-animation-output-transform"><float_array id="mixamorig1_Spine-Matrix-animation-output-transform-array" count="1680">

0.998884 -0.035757 0.030859 0.000000 0.033171 0.996195 0.080594 9.717300 -0.033624 -0.079480 0.996269 -1.180200 0.000000 0.000000 0.000000 1.000000
0.998816 -0.038052 0.030319 0.000000 0.035466 0.996027 0.081689 9.717300 -0.033307 -0.080517 0.996197 -1.180200 0.000000 0.000000 0.000000 1.000000
0.998743 -0.040464 0.029581 0.000000 0.037736 0.995443 0.087571 9.717300 -0.032990 -0.086344 0.995719 -1.180200 0.000000 0.000000 0.000000 1.000000
0.998650 -0.044218 0.027243 0.000000 0.041396 0.994458 0.096638 9.717300 -0.031365 -0.095380 0.994947 -1.180200 0.000000 0.000000 0.000000 1.000000
0.998523 -0.050051 0.021118 0.000000 0.047557 0.993280 0.105510 9.717300 -0.026257 -0.104350 0.994194 -1.180200 0.000000 0.000000 0.000000 1.000000
0.998474 -0.053700 0.012888 0.000000 0.051886 0.992119 0.114053 9.717300 -0.018911 -0.113210 0.993391 -1.180200 0.000000 0.000000 0.000000 1.000000
0.998446 -0.055367 0.006262 0.000000 0.054208 0.991208 0.120699 9.717300 -0.012890 -0.120172 0.992669 -1.180200 0.000000 0.000000 0.000000 1.000000
0.998168 -0.060479 0.001394 0.000000 0.059838 0.990442 0.124271 9.717300 -0.008896 -0.123960 0.992247 -1.180200 0.000000 0.000000 0.000000 1.000000
0.997612 -0.068773 -0.006351 0.000000 0.069023 0.989567 0.126461 9.717300 -0.002412 -0.126598 0.991951 -1.180200 0.000000 0.000000 0.000000 1.000000
0.996982 -0.076827 -0.011190 0.000000 0.077629 0.988584 0.129132 9.717300 0.001141 -0.129611 0.991564 -1.180200 0.000000 0.000000 0.000000 1.000000
0.996524 -0.081984 -0.014783 -0.000000 0.083229 0.987462 0.134131 9.717300 0.003601 -0.134895 0.990853 -1.180200 0.000000 0.000000 0.000000 1.000000
0.996320 -0.083650 -0.018709 0.000000 0.085440 0.986691 0.138351 9.717300 0.006887 -0.139440 0.990207 -1.180200 0.000000 0.000000 0.000000 1.000000
0.996297 -0.083319 -0.021206 0.000000 0.085482 0.986360 0.140664 9.717300 0.009197 -0.141956 0.989830 -1.180200 0.000000 0.000000 0.000000 1.000000
0.996309 -0.082769 -0.022766 0.000000 0.085169 0.986260 0.141554 9.717300 0.010737 -0.142971 0.989669 -1.180200 0.000000 0.000000 0.000000 1.000000
0.996294 -0.082708 -0.023625 -0.000000 0.085241 0.986145 0.142313 9.717300 0.011527 -0.143800 0.989540 -1.180200 0.000000 0.000000 0.000000 1.000000
0.996293 -0.082591 -0.024068 0.000000 0.085194 0.986071 0.142846 9.717300 0.011935 -0.144367 0.989452 -1.180200 0.000000 0.000000 0.000000 1.000000
0.996301 -0.082496 -0.024039 0.000000 0.085103 0.985996 0.143421 9.717300 0.011871 -0.144936 0.989370 -1.180200 0.000000 0.000000 0.000000 1.000000
0.996293 -0.082740 -0.023550 -0.000000 0.085283 0.985860 0.144245 9.717300 0.011282 -0.145718 0.989262 -1.180200 0.000000 0.000000 0.000000 1.000000
0.996262 -0.083317 -0.022791 0.000000 0.085740 0.985864 0.143949 9.717300 0.010476 -0.145365 0.989323 -1.180200 0.000000 0.000000 0.000000 1.000000
0.996165 -0.084522 -0.022630 0.000000 0.086897 0.985927 0.142816 9.717300 0.010241 -0.144235 0.989491 -1.180200 0.000000 0.000000 0.000000 1.000000
0.996013 -0.086305 -0.022595 0.000000 0.088644 0.985961 0.141505 9.717300 0.010065 -0.142943 0.989680 -1.180200 0.000000 0.000000 0.000000 1.000000
0.995808 -0.088597 -0.022721 -0.000000 0.090915 0.985979 0.139930 9.717300 0.010005 -0.141409 0.989901 -1.180200 0.000000 0.000000 0.000000 1.000000
0.995563 -0.091133 -0.023438 0.000000 0.093509 0.985980 0.138204 9.717300 0.010514 -0.139782 0.990126 -1.180200 0.000000 0.000000 0.000000 1.000000
0.995270 -0.094049 -0.024322 0.000000 0.096501 0.985937 0.136440 9.717300 0.011147 -0.138141 0.990350 -1.180200 0.000000 0.000000 0.000000 1.000000
0.994899 -0.097496 -0.025880 0.000000 0.100105 0.985865 0.134351 9.717300 0.012415 -0.136256 0.990596 -1.180200 0.000000 0.000000 0.000000 1.000000
0.994321 -0.102508 -0.028589 0.000000 0.105408 0.985625 0.132036 9.717300 0.014643 -0.134299 0.990833 -1.180200 0.000000 0.000000 0.000000 1.000000
0.993530 -0.109052 -0.031701 0.000000 0.112267 0.985229 0.129304 9.717300 0.017132 -0.132026 0.991098 -1.180200 0.000000 0.000000 0.000000 1.000000
0.992871 -0.114315 -0.033763 0.000000 0.117692 0.985049 0.125807 9.717300 0.018877 -0.128884 0.991480 -1.180200 0.000000 0.000000 0.000000 1.000000
0.992632 -0.116397 -0.033673 0.000000 0.119691 0.985183 0.122839 9.717300 0.018876 -0.125964 0.991855 -1.180200 0.000000 0.000000 0.000000 1.000000
0.993009 -0.113998 -0.030605 -0.000000 0.116914 0.985591 0.122235 9.717300 0.016230 -0.124959 0.992029 -1.180200 0.000000 0.000000 0.000000 1.000000
0.993688 -0.108948 -0.026729 0.000000 0.111424 0.986161 0.122764 9.717300 0.012984 -0.124967 0.992076 -1.180200 0.000000 0.000000 0.000000 1.000000
0.994509 -0.101985 -0.023470 -0.000000 0.104107 0.986981 0.122602 9.717300 0.010661 -0.124372 0.992178 -1.180200 0.000000 0.000000 0.000000 1.000000
0.995135 -0.096302 -0.020800 0.000000 0.098123 0.987760 0.121250 9.717300 0.008869 -0.122702 0.992404 -1.180200 0.000000 0.000000 0.000000 1.000000
0.995625 -0.091646 -0.018197 -0.000000 0.093163 0.988568 0.118546 9.717300 0.007125 -0.119723 0.992782 -1.180200 0.000000 0.000000 0.000000 1.000000
0.996010 -0.087664 -0.016708 0.000000 0.089008 0.989379 0.114917 9.717300 0.006457 -0.115946 0.993235 -1.180200 0.000000 0.000000 0.000000 1.000000
0.996086 -0.086622 -0.017561 0.000000 0.088043 0.989896 0.111147 9.717300 0.007755 -0.112258 0.993649 -1.180200 0.000000 0.000000 0.000000 1.000000
0.996058 -0.086457 -0.019820 0.000000 0.088097 0.990275 0.107681 9.717300 0.010317 -0.109003 0.993988 -1.180200 0.000000 0.000000 0.000000 1.000000
0.996298 -0.083057 -0.022167 0.000000 0.084923 0.990964 0.103819 9.717300 0.013344 -0.105317 0.994349 -1.180200 0.000000 0.000000 0.000000 1.000000
0.996350 -0.080646 -0.027978 0.000000 0.083033 0.991666 0.098514 9.717300 0.019800 -0.100477 0.994742 -1.180200 0.000000 0.000000 0.000000 1.000000
0.996186 -0.079007 -0.037020 0.000000 0.082158 0.992254 0.093182 9.717300 0.029372 -0.095868 0.994961 -1.180200 0.000000 0.000000 0.000000 1.000000
0.996140 -0.074443 -0.046506 0.000000 0.078423 0.992794 0.090613 9.717300 0.039425 -0.093911 0.994800 -1.180200 0.000000 0.000000 0.000000 1.000000
0.995592 -0.072828 -0.059097 0.000000 0.078087 0.992675 0.092185 9.717300 0.051951 -0.096393 0.993987 -1.180200 0.000000 0.000000 0.000000 1.000000
0.995737 -0.064025 -0.066399 0.000000 0.070171 0.993022 0.094783 9.717300 0.059867 -0.099039 0.993281 -1.180200 0.000000 0.000000 0.000000 1.000000
0.996216 -0.053820 -0.068244 0.000000 0.060217 0.993612 0.095436 9.717300 0.062671 -0.099185 0.993094 -1.180200 0.000000 0.000000 0.000000 1.000000
0.997084 -0.042944 -0.063088 0.000000 0.048752 0.994415 0.093610 9.717300 0.058716 -0.096413 0.993608 -1.180200 0.000000 0.000000 0.000000 1.000000
0.998031 -0.036741 -0.050838 -0.000000 0.041153 0.995212 0.088659 9.717300 0.047337 -0.090577 0.994764 -1.180200 0.000000 0.000000 0.000000 1.000000
0.998510 -0.040872 -0.036154 0.000000 0.043669 0.995815 0.080289 9.717300 0.032721 -0.081748 0.996116 -1.180200 0.000000 0.000000 0.000000 1.000000
0.998248 -0.052573 -0.027152 0.000000 0.054399 0.995949 0.071593 9.717300 0.023278 -0.072945 0.997064 -1.180200 0.000000 0.000000 0.000000 1.000000
0.997364 -0.067771 -0.025926 0.000000 0.069360 0.995384 0.066328 9.717300 0.021311 -0.067951 0.997461 -1.180200 0.000000 0.000000 0.000000 1.000000
0.996664 -0.075716 -0.030445 0.000000 0.077484 0.995075 0.061822 9.717300 0.025615 -0.063975 0.997623 -1.180200 0.000000 0.000000 0.000000 1.000000
0.996283 -0.075818 -0.040899 -0.000000 0.078131 0.995237 0.058302 9.717300 0.036284 -0.061281 0.997461 -1.180200 0.000000 0.000000 0.000000 1.000000
0.995974 -0.072839 -0.052257 -0.000000 0.075846 0.995427 0.058077 9.717300 0.047788 -0.061806 0.996943 -1.180200 0.000000 0.000000 0.000000 1.000000
0.995790 -0.070630 -0.058434 0.000000 0.074125 0.995443 0.059991 9.717300 0.053930 -0.064069 0.996487 -1.180200 0.000000 0.000000 0.000000 1.000000
0.995620 -0.071505 -0.060235 -0.000000 0.075303 0.995148 0.063326 9.717300 0.055415 -0.067585 0.996173 -1.180200 0.000000 0.000000 0.000000 1.000000
0.994526 -0.082219 -0.064478 0.000000 0.086595 0.993899 0.068304 9.717300 0.058469 -0.073513 0.995579 -1.180200 0.000000 0.000000 0.000000 1.000000
0.993194 -0.094087 -0.068653 0.000000 0.099080 0.992372 0.073353 9.717300 0.061228 -0.079655 0.994940 -1.180200 0.000000 0.000000 0.000000 1.000000
0.993093 -0.096175 -0.067208 -0.000000 0.101273 0.991868 0.077078 9.717300 0.059249 -0.083352 0.994757 -1.180200 0.000000 0.000000 0.000000 1.000000
0.993693 -0.093201 -0.062354 0.000000 0.098063 0.991953 0.080081 9.717300 0.054388 -0.085691 0.994836 -1.180200 0.000000 0.000000 0.000000 1.000000
0.994433 -0.089448 -0.055692 -0.000000 0.093923 0.992053 0.083717 9.717300 0.047761 -0.088482 0.994932 -1.180200 0.000000 0.000000 0.000000 1.000000
0.995046 -0.086329 -0.049306 -0.000000 0.090475 0.991898 0.089180 9.717300 0.041207 -0.093199 0.994794 -1.180200 0.000000 0.000000 0.000000 1.000000
0.995379 -0.084685 -0.045277 -0.000000 0.088655 0.991579 0.094397 9.717300 0.036902 -0.097975 0.994504 -1.180200 0.000000 0.000000 0.000000 1.000000
0.995614 -0.081932 -0.045163 0.000000 0.085920 0.991775 0.094864 9.717300 0.037020 -0.098328 0.994465 -1.180200 0.000000 0.000000 0.000000 1.000000
0.996414 -0.072613 -0.043433 0.000000 0.076503 0.992449 0.095872 9.717300 0.036144 -0.098850 0.994446 -1.180200 0.000000 0.000000 0.000000 1.000000
0.997291 -0.061212 -0.040796 0.000000 0.064966 0.993050 0.098139 9.717300 0.034505 -0.100523 0.994336 -1.180200 0.000000 0.000000 0.000000 1.000000
0.997355 -0.058242 -0.043480 0.000000 0.062385 0.992933 0.100953 9.717300 0.037293 -0.103399 0.993941 -1.180200 0.000000 0.000000 0.000000 1.000000
0.997289 -0.053801 -0.050206 -0.000000 0.058834 0.992748 0.104830 9.717300 0.044202 -0.107499 0.993222 -1.180200 0.000000 0.000000 0.000000 1.000000
0.996428 -0.054093 -0.064850 0.000000 0.060916 0.992248 0.108324 9.717300 0.058487 -0.111887 0.991998 -1.180200 0.000000 0.000000 0.000000 1.000000
0.995747 -0.052452 -0.075739 -0.000000 0.060769 0.991842 0.112056 9.717300 0.069244 -0.116182 0.990811 -1.180200 0.000000 0.000000 0.000000 1.000000
0.995668 -0.054683 -0.075198 0.000000 0.063272 0.991110 0.117038 9.717300 0.068130 -0.121289 0.990276 -1.180200 0.000000 0.000000 0.000000 1.000000
0.996568 -0.048186 -0.067314 0.000000 0.056136 0.990978 0.121700 9.717300 0.060843 -0.125061 0.990282 -1.180200 0.000000 0.000000 0.000000 1.000000
0.998018 -0.039648 -0.048875 0.000000 0.045217 0.991900 0.118698 9.717300 0.043773 -0.120673 0.991727 -1.180200 0.000000 0.000000 0.000000 1.000000
0.998329 -0.049008 -0.030612 0.000000 0.052159 0.992287 0.112451 9.717300 0.024865 -0.113860 0.993186 -1.180200 0.000000 0.000000 0.000000 1.000000
0.997802 -0.062264 -0.022698 0.000000 0.064422 0.991646 0.111746 9.717300 0.015551 -0.112963 0.993478 -1.180200 0.000000 0.000000 0.000000 1.000000
0.997403 -0.069554 -0.018709 -0.000000 0.071234 0.990994 0.113388 9.717300 0.010654 -0.114426 0.993375 -1.180200 0.000000 0.000000 0.000000 1.000000
0.997200 -0.072756 -0.017279 0.000000 0.074243 0.990883 0.112427 9.717300 0.008941 -0.113395 0.993510 -1.180200 0.000000 0.000000 0.000000 1.000000
0.997108 -0.073776 -0.018259 0.000000 0.075358 0.990916 0.111390 9.717300 0.009875 -0.112443 0.993609 -1.180200 0.000000 0.000000 0.000000 1.000000
0.996764 -0.077262 -0.022170 0.000000 0.079294 0.990344 0.113718 9.717300 0.013170 -0.115108 0.993266 -1.180200 0.000000 0.000000 0.000000 1.000000
0.996623 -0.078147 -0.025193 0.000000 0.080553 0.990010 0.115718 9.717300 0.015899 -0.117357 0.992963 -1.180200 0.000000 0.000000 0.000000 1.000000
0.997039 -0.072597 -0.025339 0.000000 0.075027 0.990649 0.113951 9.717300 0.016829 -0.115515 0.993163 -1.180200 0.000000 0.000000 0.000000 1.000000
0.996596 -0.077869 -0.027069 0.000000 0.080394 0.990674 0.110011 9.717300 0.018250 -0.111813 0.993562 -1.180200 0.000000 0.000000 0.000000 1.000000
0.996193 -0.081967 -0.029672 0.000000 0.084638 0.990952 0.104169 9.717300 0.020866 -0.106284 0.994117 -1.180200 0.000000 0.000000 0.000000 1.000000
0.996571 -0.075959 -0.032800 0.000000 0.078829 0.992104 0.097545 9.717300 0.025131 -0.099796 0.994690 -1.180200 0.000000 0.000000 0.000000 1.000000
0.996503 -0.074604 -0.037627 -0.000000 0.077782 0.992751 0.091626 9.717300 0.030518 -0.094232 0.995082 -1.180200 0.000000 0.000000 0.000000 1.000000
0.996562 -0.071347 -0.042109 0.000000 0.074773 0.993456 0.086338 9.717300 0.035673 -0.089190 0.995376 -1.180200 0.000000 0.000000 0.000000 1.000000
0.996462 -0.070330 -0.046013 0.000000 0.073987 0.993775 0.083285 9.717300 0.039869 -0.086395 0.995463 -1.180200 0.000000 0.000000 0.000000 1.000000
0.996702 -0.066063 -0.047130 0.000000 0.069747 0.994242 0.081352 9.717300 0.041485 -0.084371 0.995571 -1.180200 0.000000 0.000000 0.000000 1.000000
0.997181 -0.060490 -0.044406 0.000000 0.063919 0.994715 0.080351 9.717300 0.039311 -0.082963 0.995777 -1.180200 0.000000 0.000000 0.000000 1.000000
0.997663 -0.053892 -0.041991 -0.000000 0.057164 0.995067 0.081075 9.717300 0.037414 -0.083286 0.995823 -1.180200 0.000000 0.000000 0.000000 1.000000
0.997884 -0.050898 -0.040463 0.000000 0.054095 0.995140 0.082276 9.717300 0.036079 -0.084291 0.995788 -1.180200 0.000000 0.000000 0.000000 1.000000
0.997920 -0.050954 -0.039499 0.000000 0.054097 0.995074 0.083076 9.717300 0.035071 -0.085040 0.995760 -1.180200 0.000000 0.000000 0.000000 1.000000
0.997826 -0.053066 -0.039090 0.000000 0.056199 0.994882 0.083968 9.717300 0.034434 -0.085983 0.995701 -1.180200 0.000000 0.000000 0.000000 1.000000
0.997702 -0.055979 -0.038164 0.000000 0.059078 0.994578 0.085584 9.717300 0.033166 -0.087642 0.995600 -1.180200 0.000000 0.000000 0.000000 1.000000
0.997642 -0.057798 -0.037001 0.000000 0.060836 0.994344 0.087060 9.717300 0.031760 -0.089105 0.995516 -1.180200 0.000000 0.000000 0.000000 1.000000
0.997662 -0.058159 -0.035900 0.000000 0.061129 0.994237 0.088071 9.717300 0.030571 -0.090060 0.995467 -1.180200 0.000000 0.000000 0.000000 1.000000
0.997733 -0.057746 -0.034564 0.000000 0.060624 0.994182 0.089028 9.717300 0.029222 -0.090922 0.995429 -1.180200 0.000000 0.000000 0.000000 1.000000
0.997748 -0.057588 -0.034390 0.000000 0.060453 0.994188 0.089083 9.717300 0.029060 -0.090961 0.995430 -1.180200 0.000000 0.000000 0.000000 1.000000
0.997710 -0.058209 -0.034450 -0.000000 0.061068 0.994179 0.088762 9.717300 0.029082 -0.090663 0.995457 -1.180200 0.000000 0.000000 0.000000 1.000000
0.997655 -0.059224 -0.034298 0.000000 0.062058 0.994142 0.088494 9.717300 0.028856 -0.090415 0.995486 -1.180200 0.000000 0.000000 0.000000 1.000000
0.997615 -0.059623 -0.034767 0.000000 0.062484 0.994155 0.088040 9.717300 0.029315 -0.090003 0.995510 -1.180200 0.000000 0.000000 0.000000 1.000000
0.997613 -0.059467 -0.035089 -0.000000 0.062343 0.994210 0.087521 9.717300 0.029681 -0.089500 0.995544 -1.180200 0.000000 0.000000 0.000000 1.000000
0.997631 -0.059103 -0.035205 0.000000 0.061991 0.994230 0.087547 9.717300 0.029827 -0.089522 0.995538 -1.180200 0.000000 0.000000 0.000000 1.000000
0.997676 -0.058498 -0.034931 0.000000 0.061356 0.994292 0.087291 9.717300 0.029626 -0.089232 0.995570 -1.180200 0.000000 0.000000 0.000000 1.000000
0.997691 -0.058289 -0.034853 -0.000000 0.061132 0.994330 0.087013 9.717300 0.029583 -0.088943 0.995597 -1.180200 0.000000 0.000000 0.000000 1.000000
0.997691 -0.058289 -0.034853 0.000000 0.061132 0.994330 0.087013 9.717300 0.029583 -0.088943 0.995597 -1.180200 0.000000 0.000000 0.000000 1.000000
0.997691 -0.058289 -0.034853 0.000000 0.061132 0.994330 0.087013 9.717300 0.029583 -0.088943 0.995597 -1.180200 0.000000 0.000000 0.000000 1.000000</float_array><technique_common><accessor source="#mixamorig1_Spine-Matrix-animation-output-transform-array" count="105" stride="16"><param type="float4x4"/></accessor></technique_common></source><source id="mixamorig1_Spine-Interpolations"><Name_array id="mixamorig1_Spine-Interpolations-array" count="105">
 LINEAR LINEAR LINEAR LINEAR LINEAR LINEAR LINEAR LINEAR LINEAR LINEAR LINEAR
LINEAR LINEAR LINEAR LINEAR LINEAR LINEAR LINEAR LINEAR LINEAR LINEAR LINEAR LINEAR
LINEAR LINEAR LINEAR LINEAR LINEAR LINEAR LINEAR LINEAR LINEAR LINEAR LINEAR LINEAR
LINEAR LINEAR LINEAR LINEAR LINEAR LINEAR LINEAR LINEAR LINEAR LINEAR LINEAR LINEAR
LINEAR LINEAR LINEAR LINEAR LINEAR LINEAR LINEAR LINEAR LINEAR LINEAR LINEAR LINEAR
LINEAR LINEAR LINEAR LINEAR LINEAR LINEAR LINEAR LINEAR LINEAR LINEAR LINEAR LINEAR
LINEAR LINEAR LINEAR LINEAR LINEAR LINEAR LINEAR LINEAR LINEAR LINEAR LINEAR LINEAR
LINEAR LINEAR LINEAR LINEAR LINEAR LINEAR LINEAR LINEAR LINEAR LINEAR LINEAR LINEAR
LINEAR LINEAR LINEAR LINEAR LINEAR LINEAR LINEAR LINEAR LINEAR LINEAR</Name_array><technique_common><accessor source="#mixamorig1_Spine-Interpolations-array" count="105"><param type="name"/></accessor></technique_common></source><sampler id="mixamorig1_Spine-Matrix-animation-transform"><input semantic="INPUT" source="#mixamorig1_Spine-Matrix-animation-input"/><input semantic="OUTPUT" source="#mixamorig1_Spine-Matrix-animation-output-transform"/><input semantic="INTERPOLATION" source="#mixamorig1_Spine-Interpolations"/></sampler><channel source="#mixamorig1_Spine-Matrix-animation-transform" target="mixamorig1_Spine/matrix"/></animation>
    <animation id="mixamorig1_Spine1-anim" name="mixamorig1_Spine1"><source id="mixamorig1_Spine1-Matrix-animation-input"><float_array id="mixamorig1_Spine1-Matrix-animation-input-array" count="105">

0.000000 0.033333 0.066667 0.100000 0.133333 0.166667 0.200000 0.233333 0.266667 0.300000 0.333333 0.366667 0.400000 0.433333 0.466667 0.500000
0.533333 0.566667 0.600000 0.633333 0.666667 0.700000 0.733333 0.766667 0.800000 0.833333 0.866667 0.900000 0.933333 0.966667 1.000000 1.033333
1.066667 1.100000 1.133333 1.166667 1.200000 1.233333 1.266667 1.300000 1.333333 1.366667 1.400000 1.433333 1.466667 1.500000 1.533333 1.566667
1.600000 1.633333 1.666667 1.700000 1.733333 1.766667 1.800000 1.833333 1.866667 1.900000 1.933333 1.966667 2.000000 2.033333 2.066667 2.100000
2.133333 2.166667 2.200000 2.233333 2.266667 2.300000 2.333333 2.366667 2.400000 2.433333 2.466667 2.500000 2.533333 2.566667 2.600000 2.633333
2.666667 2.700000 2.733333 2.766667 2.800000 2.833333 2.866667 2.900000 2.933333 2.966667 3.000000 3.033333 3.066667 3.100000 3.133333 3.166667
3.200000 3.233333 3.266667 3.300000 3.333333 3.366667 3.400000 3.433333 3.466667</float_array><technique_common><accessor source="#mixamorig1_Spine1-Matrix-animation-input-array" count="105"><param name="TIME" type="float"/></accessor></technique_common></source><source id="mixamorig1_Spine1-Matrix-animation-output-transform"><float_array id="mixamorig1_Spine1-Matrix-animation-output-transform-array" count="1680">

0.997242 -0.008349 0.073752 0.000000 0.014345 0.996599 -0.081143 11.420100 -0.072824 0.081977 0.993970 -0.000000 0.000000 0.000000 0.000000 1.000000
0.997259 -0.010352 0.073268 0.000000 0.016147 0.996747 -0.078957 11.420100 -0.072213 0.079923 0.994182 0.000000 0.000000 0.000000 0.000000 1.000000
0.997332 -0.014630 0.071522 0.000000 0.019448 0.997555 -0.067130 11.420100 -0.070365 0.068342 0.995177 -0.000000 0.000000 0.000000 0.000000 1.000000
