<?xml version="1.0" encoding="utf-8"?>
<COLLADA xmlns="http://www.collada.org/2005/11/COLLADASchema" version="1.4.1">
  <asset><contributor><author>Mixamo</author><authoring_tool>COLLADA Mixamo exporter</authoring_tool><comments></comments></contributor><created>2019-12-07T08:36:40Z</created><modified>2019-12-07T08:36:40Z</modified><revision></revision><title></title><unit meter="0.010000"/><up_axis>Y_UP</up_axis></asset>
  <library_animations>
    <animation id="mixamorig1_Hips-anim" name="mixamorig1_Hips"><source id="mixamorig1_Hips-Matrix-animation-input"><float_array id="mixamorig1_Hips-Matrix-animation-input-array" count="77">

0.000000 0.033333 0.066667 0.100000 0.133333 0.166667 0.200000 0.233333 0.266667 0.300000 0.333333 0.366667 0.400000 0.433333 0.466667 0.500000
0.533333 0.566667 0.600000 0.633333 0.666667 0.700000 0.733333 0.766667 0.800000 0.833333 0.866667 0.900000 0.933333 0.966667 1.000000 1.033333
1.066667 1.100000 1.133333 1.166667 1.200000 1.233333 1.266667 1.300000 1.333333 1.366667 1.400000 1.433333 1.466667 1.500000 1.533333 1.566667
1.600000 1.633333 1.666667 1.700000 1.733333 1.766667 1.800000 1.833333 1.866667 1.900000 1.933333 1.966667 2.000000 2.033333 2.066667 2.100000
2.133333 2.166667 2.200000 2.233333 2.266667 2.300000 2.333333 2.366667 2.400000 2.433333 2.466667 2.500000 2.533333</float_array><technique_common><accessor source="#mixamorig1_Hips-Matrix-animation-input-array" count="77"><param name="TIME" type="float"/></accessor></technique_common></source><source id="mixamorig1_Hips-Matrix-animation-output-transform"><float_array id="mixamorig1_Hips-Matrix-animation-output-transform-array" count="1232">

0.769599 0.012701 0.638402 1.294959 -0.010245 0.999919 -0.007544 95.411995 -0.638446 -0.000735 0.769666 1.269184 0.000000 0.000000 0.000000 1.000000
0.769871 0.014902 0.638026 1.302699 -0.011755 0.999889 -0.009170 95.413559 -0.638091 -0.000440 0.769961 1.300921 0.000000 0.000000 0.000000 1.000000
0.769594 0.025008 0.638044 1.189510 -0.014179 0.999656 -0.022079 95.333565 -0.638376 0.007946 0.769684 1.543416 0.000000 0.000000 0.000000 1.000000
0.750735 0.026967 0.660053 0.826053 -0.016575 0.999621 -0.021988 95.152534 -0.660396 0.005567 0.750897 1.934428 0.000000 0.000000 0.000000 1.000000
0.731720 0.021934 0.681252 0.345214 -0.016741 0.999759 -0.014207 94.935257 -0.681400 -0.001009 0.731911 2.378443 0.000000 0.000000 0.000000 1.000000
0.711790 0.013931 0.702254 -0.220632 -0.016309 0.999862 -0.003304 94.684578 -0.702203 -0.009102 0.711919 2.880121 0.000000 0.000000 0.000000 1.000000
0.691734 0.007377 0.722115 -0.838000 -0.017003 0.999837 0.006073 94.402428 -0.721952 -0.016479 0.691746 3.442434 0.000000 0.000000 0.000000 1.000000
0.665027 -0.001182 0.746819 -1.513677 -0.015164 0.999771 0.015086 94.089050 -0.746666 -0.021357 0.664857 4.063234 0.000000 0.000000 0.000000 1.000000
0.625621 -0.007442 0.780091 -2.210893 -0.009782 0.999801 0.017382 93.749741 -0.780066 -0.018505 0.625424 4.756960 0.000000 0.000000 0.000000 1.000000
0.580013 -0.011581 0.814525 -2.926504 0.001290 0.999911 0.013297 93.390358 -0.814606 -0.006662 0.579976 5.527139 0.000000 0.000000 0.000000 1.000000
0.526939 -0.019494 0.849680 -3.682240 0.012954 0.999805 0.014905 93.024620 -0.849804 0.003152 0.527089 6.303774 0.000000 0.000000 0.000000 1.000000
0.472898 -0.027209 0.880697 -4.448705 0.026006 0.999519 0.016916 92.646919 -0.880733 0.014904 0.473378 7.099946 0.000000 0.000000 0.000000 1.000000
0.416376 -0.044349 0.908110 -5.267876 0.040063 0.998734 0.030405 92.270859 -0.908309 0.023722 0.417626 7.880637 0.000000 0.000000 0.000000 1.000000
0.354953 -0.057533 0.933112 -6.057238 0.049706 0.997854 0.042617 91.902275 -0.933562 0.031255 0.357051 8.646054 0.000000 0.000000 0.000000 1.000000
0.341752 -0.061777 0.937757 -6.792353 0.055867 0.997408 0.045346 91.528580 -0.938128 0.036893 0.344318 9.414615 0.000000 0.000000 0.000000 1.000000
0.330292 -0.062145 0.941831 -7.477393 0.059565 0.997214 0.044910 91.167213 -0.941998 0.041267 0.333073 10.152785 0.000000 0.000000 0.000000 1.000000
0.320528 -0.065601 0.944965 -8.140925 0.063771 0.996830 0.047571 90.819183 -0.945090 0.045014 0.323696 10.854652 0.000000 0.000000 0.000000 1.000000
0.314240 -0.068406 0.946876 -8.750565 0.066525 0.996535 0.049916 90.494614 -0.947010 0.047305 0.317702 11.505769 0.000000 0.000000 0.000000 1.000000
0.312409 -0.072915 0.947145 -9.309649 0.068311 0.996193 0.054159 90.199043 -0.947488 0.047780 0.316200 12.096107 0.000000 0.000000 0.000000 1.000000
0.313548 -0.075573 0.946560 -9.790007 0.073151 0.995788 0.055272 89.932678 -0.946751 0.051911 0.317755 12.646618 0.000000 0.000000 0.000000 1.000000
0.314023 -0.076000 0.946369 -10.176314 0.075183 0.995651 0.055011 89.706390 -0.946434 0.053876 0.318371 13.111812 0.000000 0.000000 0.000000 1.000000
0.313802 -0.078688 0.946222 -10.340042 0.074016 0.995555 0.058244 89.592972 -0.946599 0.051759 0.318231 13.352448 0.000000 0.000000 0.000000 1.000000
0.314601 -0.079730 0.945870 -10.393112 0.074001 0.995494 0.059300 89.541367 -0.946335 0.051340 0.319084 13.431790 0.000000 0.000000 0.000000 1.000000
0.313464 -0.079394 0.946275 -10.470228 0.073222 0.995553 0.059272 89.526184 -0.946773 0.050709 0.317883 13.453288 0.000000 0.000000 0.000000 1.000000
0.313168 -0.078878 0.946417 -10.523159 0.071536 0.995673 0.059312 89.518494 -0.947000 0.049128 0.317455 13.396302 0.000000 0.000000 0.000000 1.000000
0.313261 -0.078861 0.946387 -10.613794 0.070382 0.995733 0.059676 89.500206 -0.947055 0.047914 0.317475 13.267000 0.000000 0.000000 0.000000 1.000000
0.313394 -0.077076 0.946490 -10.714219 0.068730 0.995928 0.058344 89.485168 -0.947133 0.046767 0.317416 13.054111 0.000000 0.000000 0.000000 1.000000
0.312892 -0.078388 0.946548 -10.757780 0.066837 0.995935 0.060385 89.438148 -0.947434 0.044371 0.316860 12.718260 0.000000 0.000000 0.000000 1.000000
0.311345 -0.073963 0.947414 -10.830329 0.062664 0.996395 0.057194 89.223473 -0.948229 0.041561 0.314857 12.119526 0.000000 0.000000 0.000000 1.000000
0.308855 -0.070066 0.948525 -10.965516 0.059788 0.996741 0.054160 88.941048 -0.949228 0.039983 0.312038 11.288111 0.000000 0.000000 0.000000 1.000000
0.310373 -0.065117 0.948382 -10.997197 0.057149 0.997125 0.049761 88.615097 -0.948896 0.038755 0.313202 9.998425 0.000000 0.000000 0.000000 1.000000
0.323208 -0.062349 0.944272 -10.851929 0.055002 0.997378 0.047029 88.298294 -0.944728 0.036737 0.325790 8.487202 0.000000 0.000000 0.000000 1.000000
0.350359 -0.053829 0.935068 -10.522853 0.048941 0.998035 0.039117 88.058968 -0.935336 0.032058 0.352305 6.944095 0.000000 0.000000 0.000000 1.000000
0.383156 -0.041256 0.922762 -9.920177 0.041406 0.998765 0.027462 88.032707 -0.922755 0.027685 0.384391 5.572757 0.000000 0.000000 0.000000 1.000000
0.394574 -0.034856 0.918203 -8.780307 0.030136 0.999234 0.024982 88.559303 -0.918370 0.017814 0.395322 4.663952 0.000000 0.000000 0.000000 1.000000
0.396483 -0.028029 0.917614 -7.360589 0.001486 0.999552 0.029890 89.549149 -0.918041 -0.010487 0.396347 3.942776 0.000000 0.000000 0.000000 1.000000
0.425197 -0.027750 0.904675 -5.891252 -0.021492 0.998939 0.040742 90.332939 -0.904846 -0.036766 0.424149 2.856768 0.000000 0.000000 0.000000 1.000000
0.473449 -0.027075 0.880405 -4.338132 -0.027956 0.998562 0.045742 90.832954 -0.880378 -0.046270 0.472011 1.671597 0.000000 0.000000 0.000000 1.000000
0.531196 -0.035178 0.846518 -2.976737 -0.038405 0.997111 0.065536 91.094147 -0.846378 -0.067323 0.528311 0.547299 0.000000 0.000000 0.000000 1.000000
0.593052 -0.050027 0.803608 -1.633769 -0.046374 0.994289 0.096121 91.158920 -0.803827 -0.094272 0.587345 -0.793797 0.000000 0.000000 0.000000 1.000000
0.636553 -0.062643 0.768684 -0.317473 -0.065011 0.988790 0.134416 90.889572 -0.768488 -0.135536 0.625345 -2.227773 0.000000 0.000000 0.000000 1.000000
0.657343 -0.058491 0.751319 0.800783 -0.074381 0.987079 0.141922 90.598053 -0.749912 -0.149175 0.644499 -3.613576 0.000000 0.000000 0.000000 1.000000
0.667374 -0.054843 0.742701 1.776007 -0.083952 0.985388 0.148200 90.187500 -0.739976 -0.161256 0.653018 -5.200946 0.000000 0.000000 0.000000 1.000000
0.667727 -0.053840 0.742457 2.680289 -0.098630 0.982189 0.159927 89.638634 -0.737843 -0.180016 0.650524 -6.644454 0.000000 0.000000 0.000000 1.000000
0.678641 -0.050559 0.732727 3.437849 -0.106740 0.980247 0.166500 89.290161 -0.726672 -0.191205 0.659840 -7.843988 0.000000 0.000000 0.000000 1.000000
0.694138 -0.050324 0.718080 4.268764 -0.115207 0.976928 0.179830 88.964508 -0.710563 -0.207554 0.672326 -8.969089 0.000000 0.000000 0.000000 1.000000
0.709641 -0.048341 0.702903 5.025752 -0.123126 0.973783 0.191277 88.653244 -0.693721 -0.222284 0.685084 -9.930687 0.000000 0.000000 0.000000 1.000000
0.721422 -0.046581 0.690927 5.604062 -0.123191 0.973188 0.194238 88.368164 -0.681450 -0.225244 0.696341 -10.656762 0.000000 0.000000 0.000000 1.000000
0.731426 -0.046778 0.680315 6.164015 -0.122764 0.972312 0.198843 88.047432 -0.670780 -0.228957 0.705431 -11.303493 0.000000 0.000000 0.000000 1.000000
0.742990 -0.049079 0.667501 6.656752 -0.121547 0.970831 0.206675 87.701813 -0.658174 -0.234690 0.715352 -11.844104 0.000000 0.000000 0.000000 1.000000
0.754769 -0.047102 0.654298 7.105165 -0.121073 0.970281 0.209514 87.456818 -0.644721 -0.237352 0.726635 -12.325546 0.000000 0.000000 0.000000 1.000000
0.762194 -0.040027 0.646110 7.498452 -0.123345 0.970822 0.205649 87.154709 -0.635490 -0.236439 0.735017 -12.823160 0.000000 0.000000 0.000000 1.000000
0.766218 -0.036500 0.641543 7.818682 -0.126097 0.970433 0.205814 86.809929 -0.630087 -0.238595 0.738961 -13.190418 0.000000 0.000000 0.000000 1.000000
0.766568 -0.031061 0.641412 8.066897 -0.131589 0.970036 0.204241 86.546158 -0.628537 -0.240967 0.739511 -13.505967 0.000000 0.000000 0.000000 1.000000
0.764789 -0.025870 0.643761 8.281961 -0.135869 0.970247 0.200403 86.307640 -0.629792 -0.240733 0.738519 -13.745168 0.000000 0.000000 0.000000 1.000000
0.762903 -0.022022 0.646138 8.466659 -0.139355 0.970325 0.197609 86.126770 -0.631316 -0.240799 0.737195 -13.923295 0.000000 0.000000 0.000000 1.000000
0.761594 -0.019154 0.647771 8.332914 -0.140060 0.971075 0.193384 86.347672 -0.632738 -0.238007 0.736882 -13.533768 0.000000 0.000000 0.000000 1.000000
0.760194 -0.017987 0.649447 8.111133 -0.141326 0.971102 0.192322 86.663300 -0.634138 -0.237986 0.735684 -13.029601 0.000000 0.000000 0.000000 1.000000
0.758382 -0.016367 0.651605 7.822966 -0.142652 0.971282 0.190425 87.064751 -0.636009 -0.237367 0.734268 -12.408119 0.000000 0.000000 0.000000 1.000000
0.756678 -0.012716 0.653664 7.470047 -0.128848 0.977302 0.168165 87.541054 -0.640965 -0.211470 0.737865 -11.511525 0.000000 0.000000 0.000000 1.000000
0.754364 -0.010214 0.656377 7.064686 -0.114997 0.982361 0.147451 88.080658 -0.646306 -0.186713 0.739883 -10.557220 0.000000 0.000000 0.000000 1.000000
0.753010 -0.007643 0.657965 6.614467 -0.100005 0.986987 0.125916 88.682396 -0.650365 -0.160616 0.742447 -9.531146 0.000000 0.000000 0.000000 1.000000
0.752131 -0.005150 0.658994 6.134191 -0.085681 0.990718 0.105533 89.329262 -0.653420 -0.135838 0.744708 -8.466684 0.000000 0.000000 0.000000 1.000000
0.751828 -0.002830 0.659354 5.627960 -0.070183 0.993966 0.084293 89.995155 -0.655614 -0.109649 0.747093 -7.359276 0.000000 0.000000 0.000000 1.000000
0.755437 -0.000545 0.655221 5.103022 -0.057171 0.996131 0.066744 90.662315 -0.652722 -0.087881 0.752483 -6.254256 0.000000 0.000000 0.000000 1.000000
0.759035 0.002667 0.651045 4.578488 -0.044411 0.997874 0.047690 91.329559 -0.649534 -0.065112 0.757540 -5.142871 0.000000 0.000000 0.000000 1.000000
0.762873 0.004215 0.646535 4.050558 -0.031556 0.999030 0.030720 91.988655 -0.645778 -0.043837 0.762266 -4.056013 0.000000 0.000000 0.000000 1.000000
0.766420 0.007430 0.642297 3.544847 -0.019267 0.999749 0.011425 92.614037 -0.642051 -0.021132 0.766370 -2.992203 0.000000 0.000000 0.000000 1.000000
0.768701 0.007710 0.639562 3.039746 -0.009866 0.999951 -0.000197 93.238922 -0.639532 -0.006159 0.768740 -2.016962 0.000000 0.000000 0.000000 1.000000
0.769368 0.009832 0.638730 2.591495 -0.007694 0.999952 -0.006124 93.801811 -0.638759 -0.000203 0.769407 -1.152144 0.000000 0.000000 0.000000 1.000000
0.769822 0.011527 0.638154 2.190713 -0.008765 0.999934 -0.007487 94.309845 -0.638198 0.000170 0.769872 -0.392753 0.000000 0.000000 0.000000 1.000000
0.769751 0.011938 0.638232 1.830290 -0.009284 0.999929 -0.007506 94.756187 -0.638276 -0.000148 0.769807 0.271900 0.000000 0.000000 0.000000 1.000000
0.769677 0.012334 0.638314 1.528786 -0.009784 0.999924 -0.007524 95.127495 -0.638358 -0.000454 0.769739 0.830956 0.000000 0.000000 0.000000 1.000000
0.769599 0.012701 0.638402 1.294959 -0.010244 0.999919 -0.007544 95.412003 -0.638446 -0.000735 0.769667 1.269186 0.000000 0.000000 0.000000 1.000000
0.769599 0.012701 0.638402 1.294962 -0.010245 0.999919 -0.007544 95.411995 -0.638446 -0.000735 0.769667 1.269184 0.000000 0.000000 0.000000 1.000000
0.769598 0.012701 0.638402 1.294950 -0.010245 0.999919 -0.007544 95.411987 -0.638446 -0.000735 0.769666 1.269184 0.000000 0.000000 0.000000 1.000000
0.769599 0.012701 0.638402 1.294959 -0.010245 0.999919 -0.007544 95.411995 -0.638446 -0.000735 0.769666 1.269184 0.000000 0.000000 0.000000 1.000000</float_array><technique_common><accessor source="#mixamorig1_Hips-Matrix-animation-output-transform-array" count="77" stride="16"><param type="float4x4"/></accessor></technique_common></source><source id="mixamorig1_Hips-Interpolations"><Name_array id="mixamorig1_Hips-Interpolations-array" count="77">
 LINEAR LINEAR LINEAR LINEAR LINEAR LINEAR LINEAR LINEAR LINEAR LINEAR LINEAR
LINEAR LINEAR LINEAR LINEAR LINEAR LINEAR LINEAR LINEAR LINEAR LINEAR LINEAR LINEAR
LINEAR LINEAR LINEAR LINEAR LINEAR LINEAR LINEAR LINEAR LINEAR LINEAR LINEAR LINEAR
LINEAR LINEAR LINEAR LINEAR LINEAR LINEAR LINEAR LINEAR LINEAR LINEAR LINEAR LINEAR
LINEAR LINEAR LINEAR LINEAR LINEAR LINEAR LINEAR LINEAR LINEAR LINEAR LINEAR LINEAR
LINEAR LINEAR LINEAR LINEAR LINEAR LINEAR LINEAR LINEAR LINEAR LINEAR LINEAR LINEAR
LINEAR LINEAR LINEAR LINEAR LINEAR LINEAR</Name_array><technique_common><accessor source="#mixamorig1_Hips-Interpolations-array" count="77"><param type="name"/></accessor></technique_common></source><sampler id="mixamorig1_Hips-Matrix-animation-transform"><input semantic="INPUT" source="#mixamorig1_Hips-Matrix-animation-input"/><input semantic="OUTPUT" source="#mixamorig1_Hips-Matrix-animation-output-transform"/><input semantic="INTERPOLATION" source="#mixamorig1_Hips-Interpolations"/></sampler><channel source="#mixamorig1_Hips-Matrix-animation-transform" target="mixamorig1_Hips/matrix"/></animation>
    <animation id="mixamorig1_Spine-anim" name="mixamorig1_Spine"><source id="mixamorig1_Spine-Matrix-animation-input"><float_array id="mixamorig1_Spine-Matrix-animation-input-array" count="77">

0.000000 0.033333 0.066667 0.100000 0.133333 0.166667 0.200000 0.233333 0.266667 0.300000 0.333333 0.366667 0.400000 0.433333 0.466667 0.500000
0.533333 0.566667 0.600000 0.633333 0.666667 0.700000 0.733333 0.766667 0.800000 0.833333 0.866667 0.900000 0.933333 0.966667 1.000000 1.033333
1.066667 1.100000 1.133333 1.166667 1.200000 1.233333 1.266667 1.300000 1.333333 1.366667 1.400000 1.433333 1.466667 1.500000 1.533333 1.566667
1.600000 1.633333 1.666667 1.700000 1.733333 1.766667 1.800000 1.833333 1.866667 1.900000 1.933333 1.966667 2.000000 2.033333 2.066667 2.100000
2.133333 2.166667 2.200000 2.233333 2.266667 2.300000 2.333333 2.366667 2.400000 2.433333 2.466667 2.500000 2.533333</float_array><technique_common><accessor source="#mixamorig1_Spine-Matrix-animation-input-array" count="77"><param name="TIME" type="float"/></accessor></technique_common></source><source id="mixamorig1_Spine-Matrix-animation-output-transform"><float_array id="mixamorig1_Spine-Matrix-animation-output-transform-array" count="1232">

0.999263 -0.024053 -0.029923 0.000000 0.026954 0.994555 0.100663 9.717300 0.027338 -0.101395 0.994471 -1.180200 0.000000 0.000000 0.000000 1.000000
0.999227 -0.025287 -0.030093 0.000000 0.028229 0.994414 0.101704 9.717300 0.027353 -0.102475 0.994359 -1.180200 0.000000 0.000000 0.000000 1.000000
0.999271 -0.024928 -0.028917 0.000000 0.027793 0.994262 0.103296 9.717300 0.026176 -0.104024 0.994230 -1.180200 0.000000 0.000000 0.000000 1.000000
0.999415 -0.022113 -0.026078 -0.000000 0.024722 0.994231 0.104377 9.717300 0.023620 -0.104960 0.994196 -1.180200 0.000000 0.000000 0.000000 1.000000
0.999608 -0.017171 -0.022123 0.000000 0.019384 0.994381 0.104066 9.717300 0.020212 -0.104454 0.994324 -1.180200 0.000000 0.000000 0.000000 1.000000
0.999760 -0.012243 -0.018168 0.000000 0.014049 0.994599 0.102838 9.717300 0.016811 -0.103069 0.994532 -1.180200 0.000000 0.000000 0.000000 1.000000
0.999851 -0.008934 -0.014779 0.000000 0.010391 0.994761 0.101699 9.717300 0.013793 -0.101837 0.994705 -1.180200 0.000000 0.000000 0.000000 1.000000
0.999904 -0.007174 -0.011861 -0.000000 0.008336 0.994850 0.101019 9.717300 0.011075 -0.101108 0.994814 -1.180200 0.000000 0.000000 0.000000 1.000000
0.999937 -0.006388 -0.009178 0.000000 0.007279 0.994906 0.100541 9.717300 0.008489 -0.100601 0.994891 -1.180200 0.000000 0.000000 0.000000 1.000000
0.999961 -0.005878 -0.006544 0.000000 0.006503 0.994964 0.100019 9.717300 0.005923 -0.100058 0.994964 -1.180200 0.000000 0.000000 0.000000 1.000000
0.999977 -0.005567 -0.004001 0.000000 0.005937 0.995022 0.099480 9.717300 0.003427 -0.099501 0.995032 -1.180200 0.000000 0.000000 0.000000 1.000000
0.999982 -0.005734 -0.001622 -0.000000 0.005866 0.995073 0.098971 9.717300 0.001046 -0.098979 0.995089 -1.180200 0.000000 0.000000 0.000000 1.000000
0.999980 -0.006285 0.000578 -0.000000 0.006197 0.995113 0.098544 9.717300 -0.001195 -0.098538 0.995133 -1.180200 0.000000 0.000000 0.000000 1.000000
0.999972 -0.007025 0.002620 0.000000 0.006734 0.995150 0.098135 9.717300 -0.003297 -0.098114 0.995170 -1.180200 0.000000 0.000000 0.000000 1.000000
0.999957 -0.008062 0.004626 0.000000 0.007572 0.995188 0.097687 9.717300 -0.005391 -0.097648 0.995206 -1.180200 0.000000 0.000000 0.000000 1.000000
0.999936 -0.009242 0.006454 0.000000 0.008571 0.995225 0.097230 9.717300 -0.007322 -0.097169 0.995241 -1.180200 0.000000 0.000000 0.000000 1.000000
0.999912 -0.010544 0.008070 -0.000000 0.009714 0.995257 0.096793 9.717300 -0.009052 -0.096706 0.995272 -1.180200 0.000000 0.000000 0.000000 1.000000
0.999884 -0.011914 0.009491 0.000000 0.010944 0.995286 0.096365 9.717300 -0.010594 -0.096250 0.995301 -1.180200 0.000000 0.000000 0.000000 1.000000
0.999853 -0.013347 0.010738 0.000000 0.012256 0.995311 0.095943 9.717300 -0.011968 -0.095798 0.995329 -1.180200 0.000000 0.000000 0.000000 1.000000
0.999821 -0.014792 0.011792 0.000000 0.013600 0.995339 0.095477 9.717300 -0.013150 -0.095300 0.995362 -1.180200 0.000000 0.000000 0.000000 1.000000
0.999792 -0.016176 0.012439 0.000000 0.014923 0.995367 0.094981 9.717300 -0.013918 -0.094775 0.995401 -1.180200 0.000000 0.000000 0.000000 1.000000
0.999777 -0.016960 0.012545 -0.000000 0.015698 0.995390 0.094615 9.717300 -0.014091 -0.094397 0.995435 -1.180200 0.000000 0.000000 0.000000 1.000000
0.999786 -0.016546 0.012387 0.000000 0.015302 0.995398 0.094595 9.717300 -0.013896 -0.094385 0.995439 -1.180200 0.000000 0.000000 0.000000 1.000000
0.999801 -0.015587 0.012438 0.000000 0.014336 0.995372 0.095024 9.717300 -0.013861 -0.094827 0.995397 -1.180200 0.000000 0.000000 0.000000 1.000000
0.999807 -0.014625 0.013152 0.000000 0.013302 0.995327 0.095641 9.717300 -0.014489 -0.095448 0.995329 -1.180200 0.000000 0.000000 0.000000 1.000000
0.999796 -0.014224 0.014365 0.000000 0.012780 0.995295 0.096042 9.717300 -0.015664 -0.095839 0.995274 -1.180200 0.000000 0.000000 0.000000 1.000000
0.999768 -0.015227 0.015257 0.000000 0.013691 0.995269 0.096185 9.717300 -0.016650 -0.095954 0.995246 -1.180200 0.000000 0.000000 0.000000 1.000000
0.999715 -0.018302 0.015348 0.000000 0.016734 0.995172 0.096709 9.717300 -0.017044 -0.096424 0.995194 -1.180200 0.000000 0.000000 0.000000 1.000000
0.999616 -0.022938 0.015570 0.000000 0.021300 0.994934 0.098247 9.717300 -0.017744 -0.097878 0.995040 -1.180200 0.000000 0.000000 0.000000 1.000000
0.999458 -0.027733 0.017712 -0.000000 0.025821 0.994622 0.100299 9.717300 -0.020399 -0.099788 0.994800 -1.180200 0.000000 0.000000 0.000000 1.000000
0.999231 -0.032240 0.022322 0.000000 0.029827 0.994433 0.101066 9.717300 -0.025456 -0.100322 0.994629 -1.180200 0.000000 0.000000 0.000000 1.000000
0.998930 -0.037766 0.026677 0.000000 0.034932 0.994405 0.099696 9.717300 -0.030293 -0.098657 0.994660 -1.180200 0.000000 0.000000 0.000000 1.000000
0.998719 -0.043244 0.026261 0.000000 0.040485 0.994385 0.097777 9.717300 -0.030341 -0.096588 0.994862 -1.180200 0.000000 0.000000 0.000000 1.000000
0.998829 -0.044610 0.018717 0.000000 0.042589 0.994352 0.097216 9.717300 -0.022948 -0.096305 0.995087 -1.180200 0.000000 0.000000 0.000000 1.000000
0.999184 -0.039833 0.006698 -0.000000 0.038984 0.994402 0.098209 9.717300 -0.010573 -0.097868 0.995143 -1.180200 0.000000 0.000000 0.000000 1.000000
0.999441 -0.033152 -0.004398 -0.000000 0.033426 0.994396 0.100295 9.717300 0.001048 -0.100386 0.994948 -1.180200 0.000000 0.000000 0.000000 1.000000
0.999552 -0.027504 -0.011840 0.000000 0.028580 0.994258 0.103121 9.717300 0.008936 -0.103413 0.994598 -1.180200 0.000000 0.000000 0.000000 1.000000
0.999676 -0.019995 -0.015726 -0.000000 0.021550 0.994144 0.105896 9.717300 0.013517 -0.106201 0.994253 -1.180200 0.000000 0.000000 0.000000 1.000000
0.999814 -0.009354 -0.016852 -0.000000 0.011114 0.994137 0.107558 9.717300 0.015747 -0.107725 0.994056 -1.180200 0.000000 0.000000 0.000000 1.000000
0.999860 0.002318 -0.016593 -0.000000 -0.000511 0.994140 0.108101 9.717300 0.016747 -0.108077 0.994001 -1.180200 0.000000 0.000000 0.000000 1.000000
0.999778 0.012571 -0.016916 0.000000 -0.010649 0.993951 0.109309 9.717300 0.018187 -0.109104 0.993864 -1.180200 0.000000 0.000000 0.000000 1.000000
0.999592 0.022066 -0.018157 0.000000 -0.019898 0.993510 0.111991 9.717300 0.020511 -0.111584 0.993543 -1.180200 0.000000 0.000000 0.000000 1.000000
0.999327 0.031518 -0.018745 -0.000000 -0.029163 0.992956 0.114838 9.717300 0.022232 -0.114214 0.993207 -1.180200 0.000000 0.000000 0.000000 1.000000
0.999059 0.039624 -0.017630 0.000000 -0.037308 0.992494 0.116461 9.717300 0.022113 -0.115693 0.993039 -1.180200 0.000000 0.000000 0.000000 1.000000
0.998881 0.044881 -0.014905 0.000000 -0.042833 0.992193 0.117122 9.717300 0.020045 -0.116353 0.993006 -1.180200 0.000000 0.000000 0.000000 1.000000
0.998761 0.048599 -0.010750 -0.000000 -0.046996 0.991903 0.117981 9.717300 0.016397 -0.117330 0.992958 -1.180200 0.000000 0.000000 0.000000 1.000000
0.998498 0.054547 -0.005199 0.000000 -0.053536 0.991385 0.119540 9.717300 0.011675 -0.119082 0.992816 -1.180200 0.000000 0.000000 0.000000 1.000000
0.997925 0.064373 0.001414 0.000000 -0.064071 0.990573 0.121077 9.717300 0.006393 -0.120917 0.992642 -1.180200 0.000000 0.000000 0.000000 1.000000
0.997106 0.075573 0.008276 0.000000 -0.076018 0.989668 0.121563 9.717300 0.000996 -0.121840 0.992549 -1.180200 0.000000 0.000000 0.000000 1.000000
0.996302 0.084739 0.014169 -0.000000 -0.085833 0.988921 0.121110 9.717300 -0.003749 -0.121878 0.992538 -1.180200 0.000000 0.000000 0.000000 1.000000
0.995813 0.089692 0.017676 0.000000 -0.091176 0.988481 0.120802 9.717300 -0.006637 -0.121907 0.992519 -1.180200 0.000000 0.000000 0.000000 1.000000
0.995608 0.091706 0.018846 0.000000 -0.093320 0.988247 0.121072 9.717300 -0.007521 -0.122299 0.992465 -1.180200 0.000000 0.000000 0.000000 1.000000
0.995558 0.092287 0.018663 0.000000 -0.093877 0.988149 0.121444 9.717300 -0.007234 -0.122657 0.992423 -1.180200 0.000000 0.000000 0.000000 1.000000
0.995625 0.091741 0.017738 0.000000 -0.093221 0.988212 0.121435 9.717300 -0.006388 -0.122557 0.992441 -1.180200 0.000000 0.000000 0.000000 1.000000
0.995771 0.090392 0.016444 0.000000 -0.091722 0.988390 0.121128 9.717300 -0.005304 -0.122124 0.992501 -1.180200 0.000000 0.000000 0.000000 1.000000
0.995895 0.089238 0.015132 -0.000000 -0.090416 0.988546 0.120839 9.717300 -0.004176 -0.121711 0.992557 -1.180200 0.000000 0.000000 0.000000 1.000000
0.995927 0.089022 0.014326 -0.000000 -0.090102 0.988607 0.120572 9.717300 -0.003429 -0.121372 0.992601 -1.180200 0.000000 0.000000 0.000000 1.000000
0.995985 0.088434 0.013929 -0.000000 -0.089469 0.988726 0.120064 9.717300 -0.003155 -0.120829 0.992668 -1.180200 0.000000 0.000000 0.000000 1.000000
0.996339 0.084558 0.012615 0.000000 -0.085460 0.989214 0.118964 9.717300 -0.002420 -0.119606 0.992818 -1.180200 0.000000 0.000000 0.000000 1.000000
0.997138 0.075073 0.008884 0.000000 -0.075597 0.990243 0.117063 9.717300 -0.000009 -0.117400 0.993085 -1.180200 0.000000 0.000000 0.000000 1.000000
0.997999 0.063077 0.004294 0.000000 -0.063152 0.991381 0.114782 9.717300 0.002984 -0.114824 0.993381 -1.180200 0.000000 0.000000 0.000000 1.000000
0.998654 0.051864 0.000223 -0.000000 -0.051559 0.992295 0.112664 9.717300 0.005622 -0.112523 0.993633 -1.180200 0.000000 0.000000 0.000000 1.000000
0.999116 0.041921 -0.003273 -0.000000 -0.041299 0.992965 0.110974 9.717300 0.007902 -0.110740 0.993818 -1.180200 0.000000 0.000000 0.000000 1.000000
0.999426 0.033236 -0.006489 0.000000 -0.032326 0.993457 0.109536 9.717300 0.010087 -0.109264 0.993962 -1.180200 0.000000 0.000000 0.000000 1.000000
0.999638 0.025101 -0.009721 -0.000000 -0.023904 0.993844 0.108176 9.717300 0.012377 -0.107904 0.994084 -1.180200 0.000000 0.000000 0.000000 1.000000
0.999771 0.016992 -0.013040 0.000000 -0.015503 0.994155 0.106839 9.717300 0.014779 -0.106613 0.994191 -1.180200 0.000000 0.000000 0.000000 1.000000
0.999826 0.009131 -0.016260 0.000000 -0.007364 0.994383 0.105586 9.717300 0.017133 -0.105448 0.994277 -1.180200 0.000000 0.000000 0.000000 1.000000
0.999810 0.001375 -0.019448 -0.000000 0.000664 0.994530 0.104452 9.717300 0.019486 -0.104445 0.994340 -1.180200 0.000000 0.000000 0.000000 1.000000
0.999743 -0.004947 -0.022103 0.000000 0.007209 0.994607 0.103469 9.717300 0.021472 -0.103601 0.994387 -1.180200 0.000000 0.000000 0.000000 1.000000
0.999636 -0.010920 -0.024667 -0.000000 0.013396 0.994637 0.102556 9.717300 0.023415 -0.102849 0.994421 -1.180200 0.000000 0.000000 0.000000 1.000000
0.999497 -0.016611 -0.027021 0.000000 0.019280 0.994626 0.101721 9.717300 0.025187 -0.102191 0.994446 -1.180200 0.000000 0.000000 0.000000 1.000000
0.999366 -0.020968 -0.028789 0.000000 0.023780 0.994594 0.101077 9.717300 0.026514 -0.101698 0.994462 -1.180200 0.000000 0.000000 0.000000 1.000000
0.999283 -0.023424 -0.029737 -0.000000 0.026310 0.994566 0.100726 9.717300 0.027216 -0.101436 0.994470 -1.180200 0.000000 0.000000 0.000000 1.000000
0.999254 -0.024296 -0.030024 0.000000 0.027206 0.994553 0.100623 9.717300 0.027416 -0.101364 0.994472 -1.180200 0.000000 0.000000 0.000000 1.000000
0.999263 -0.024057 -0.029923 -0.000000 0.026958 0.994555 0.100661 9.717300 0.027338 -0.101394 0.994471 -1.180200 0.000000 0.000000 0.000000 1.000000
0.999266 -0.023970 -0.029889 0.000000 0.026869 0.994556 0.100676 9.717300 0.027313 -0.101405 0.994470 -1.180200 0.000000 0.000000 0.000000 1.000000
0.999263 -0.024053 -0.029923 0.000000 0.026954 0.994555 0.100663 9.717300 0.027338 -0.101395 0.994471 -1.180200 0.000000 0.000000 0.000000 1.000000</float_array><technique_common><accessor source="#mixamorig1_Spine-Matrix-animation-output-transform-array" count="77" stride="16"><param type="float4x4"/></accessor></technique_common></source><source id="mixamorig1_Spine-Interpolations"><Name_array id="mixamorig1_Spine-Interpolations-array" count="77">
 LINEAR LINEAR LINEAR LINEAR LINEAR LINEAR LINEAR LINEAR LINEAR LINEAR LINEAR
LINEAR LINEAR LINEAR LINEAR LINEAR LINEAR LINEAR LINEAR LINEAR LINEAR LINEAR LINEAR
LINEAR LINEAR LINEAR LINEAR LINEAR LINEAR LINEAR LINEAR LINEAR LINEAR LINEAR LINEAR
LINEAR LINEAR LINEAR LINEAR LINEAR LINEAR LINEAR LINEAR LINEAR LINEAR LINEAR LINEAR
LINEAR LINEAR LINEAR LINEAR LINEAR LINEAR LINEAR LINEAR LINEAR LINEAR LINEAR LINEAR
LINEAR LINEAR LINEAR LINEAR LINEAR LINEAR LINEAR LINEAR LINEAR LINEAR LINEAR LINEAR
LINEAR LINEAR LINEAR LINEAR LINEAR LINEAR</Name_array><technique_common><accessor source="#mixamorig1_Spine-Interpolations-array" count="77"><param type="name"/></accessor></technique_common></source><sampler id="mixamorig1_Spine-Matrix-animation-transform"><input semantic="INPUT" source="#mixamorig1_Spine-Matrix-animation-input"/><input semantic="OUTPUT" source="#mixamorig1_Spine-Matrix-animation-output-transform"/><input semantic="INTERPOLATION" source="#mixamorig1_Spine-Interpolations"/></sampler><channel source="#mixamorig1_Spine-Matrix-animation-transform" target="mixamorig1_Spine/matrix"/></animation>
    <animation id="mixamorig1_Spine1-anim" name="mixamorig1_Spine1"><source id="mixamorig1_Spine1-Matrix-animation-input"><float_array id="mixamorig1_Spine1-Matrix-animation-input-array" count="77">

0.000000 0.033333 0.066667 0.100000 0.133333 0.166667 0.200000 0.233333 0.266667 0.300000 0.333333 0.366667 0.400000 0.433333 0.466667 0.500000
0.533333 0.566667 0.600000 0.633333 0.666667 0.700000 0.733333 0.766667 0.800000 0.833333 0.866667 0.900000 0.933333 0.966667 1.000000 1.033333
1.066667 1.100000 1.133333 1.166667 1.200000 1.233333 1.266667 1.300000 1.333333 1.366667 1.400000 1.433333 1.466667 1.500000 1.533333 1.566667
1.600000 1.633333 1.666667 1.700000 1.733333 1.766667 1.800000 1.833333 1.866667 1.900000 1.933333 1.966667 2.000000 2.033333 2.066667 2.100000
2.133333 2.166667 2.200000 2.233333 2.266667 2.300000 2.333333 2.366667 2.400000 2.433333 2.466667 2.500000 2.533333</float_array><technique_common><accessor source="#mixamorig1_Spine1-Matrix-animation-input-array" count="77"><param name="TIME" type="float"/></accessor></technique_common></source><source id="mixamorig1_Spine1-Matrix-animation-output-transform"><float_array id="mixamorig1_Spine1-Matrix-animation-output-transform-array" count="1232">

0.999034 -0.009018 -0.043009 -0.000000 0.007163 0.999046 -0.043084 11.420100 0.043357 0.042734 0.998145 0.000000 0.000000 0.000000 0.000000 1.000000
0.999022 -0.010144 -0.043043 0.000000 0.008376 0.999121 -0.041064 11.420100 0.043421 0.040664 0.998229 0.000000 0.000000 0.000000 0.000000 1.000000
0.999116 -0.009933 -0.040852 0.000000 0.008380 0.999242 -0.038022 11.420100 0.041199 0.037646 0.998441 -0.000000 0.000000 0.000000 0.000000 1.000000
0.999336 -0.007181 -0.035714 -0.000000 0.005890 0.999330 -0.036118 11.420100 0.035949 0.035883 0.998709 0.000000 0.000000 0.000000 0.000000 1.000000
0.999592 -0.001904 -0.028486 -0.000000 0.000849 0.999314 -0.037016 11.420100 0.028537 0.036977 0.998909 0.000000 0.000000 0.000000 0.000000 1.000000
0.999770 0.004089 -0.021051 0.000000 -0.004922 0.999200 -0.039682 11.420100 0.020872 0.039777 0.998991 0.000000 0.000000 0.000000 0.000000 1.000000
0.999856 0.008756 -0.014544 0.000000 -0.009362 0.999067 -0.042156 11.420100 0.014161 0.042286 0.999005 -0.000000 0.000000 0.000000 0.000000 1.000000
0.999896 0.011272 -0.009022 0.000000 -0.011657 0.998972 -0.043813 11.420100 0.008519 0.043913 0.998999 -0.000000 0.000000 0.000000 0.000000 1.000000
0.999917 0.012191 -0.004075 0.000000 -0.012363 0.998902 -0.045182 11.420100 0.003520 0.045229 0.998970 0.000000 0.000000 0.000000 0.000000 1.000000
0.999924 0.012303 0.000608 -0.000000 -0.012261 0.998834 -0.046697 11.420100 -0.001182 0.046686 0.998909 0.000000 0.000000 0.000000 0.000000 1.000000
0.999916 0.011959 0.005082 0.000000 -0.011700 0.998764 -0.048303 11.420100 -0.005654 0.048239 0.998820 0.000000 0.000000 0.000000 0.000000 1.000000
0.999895 0.011138 0.009286 -0.000000 -0.010662 0.998698 -0.049877 11.420100 -0.009830 0.049772 0.998712 0.000000 0.000000 0.000000 0.000000 1.000000
0.999864 0.009860 0.013193 0.000000 -0.009170 0.998638 -0.051356 11.420100 -0.013682 0.051228 0.998593 0.000000 0.000000 0.000000 0.000000 1.000000
0.999824 0.008287 0.016820 0.000000 -0.007389 0.998577 -0.052812 11.420100 -0.017234 0.052679 0.998463 0.000000 0.000000 0.000000 0.000000 1.000000
0.999775 0.006508 0.020171 0.000000 -0.005404 0.998510 -0.054298 11.420100 -0.020495 0.054177 0.998321 0.000000 0.000000 0.000000 0.000000 1.000000
0.999719 0.004668 0.023232 0.000000 -0.003366 0.998438 -0.055775 11.420100 -0.023456 0.055681 0.998173 0.000000 0.000000 0.000000 0.000000 1.000000
0.999659 0.002845 0.025969 0.000000 -0.001355 0.998362 -0.057195 11.420100 -0.026090 0.057140 0.998025 0.000000 0.000000 0.000000 0.000000 1.000000
0.999596 0.001138 0.028399 0.000000 0.000527 0.998284 -0.058556 11.420100 -0.028417 0.058547 0.997880 0.000000 0.000000 0.000000 0.000000 1.000000
0.999532 -0.000368 0.030600 -0.000000 0.002201 0.998203 -0.059875 11.420100 -0.030523 0.059914 0.997737 -0.000000 0.000000 0.000000 0.000000 1.000000
0.999469 -0.001554 0.032553 0.000000 0.003546 0.998118 -0.061215 11.420100 -0.032396 0.061298 0.997594 0.000000 0.000000 0.000000 0.000000 1.000000
0.999422 -0.002153 0.033941 0.000000 0.004273 0.998036 -0.062496 11.420100 -0.033740 0.062605 0.997468 0.000000 0.000000 0.000000 0.000000 1.000000
0.999408 -0.002075 0.034348 -0.000000 0.004249 0.997983 -0.063342 11.420100 -0.034147 0.063450 0.997401 -0.000000 0.000000 0.000000 0.000000 1.000000
0.999422 -0.001603 0.033954 0.000000 0.003751 0.997987 -0.063310 11.420100 -0.033784 0.063401 0.997416 0.000000 0.000000 0.000000 0.000000 1.000000
0.999427 -0.000968 0.033845 -0.000000 0.003078 0.998050 -0.062351 11.420100 -0.033718 0.062420 0.997480 0.000000 0.000000 0.000000 0.000000 1.000000
0.999381 -0.000157 0.035189 -0.000000 0.002308 0.998130 -0.061089 11.420100 -0.035114 0.061133 0.997512 0.000000 0.000000 0.000000 0.000000 1.000000
0.999283 0.000628 0.037854 -0.000000 0.001659 0.998176 -0.060345 11.420100 -0.037823 0.060364 0.997460 0.000000 0.000000 0.000000 0.000000 1.000000
0.999186 0.000782 0.040330 -0.000000 0.001650 0.998183 -0.060227 11.420100 -0.040304 0.060244 0.997370 0.000000 0.000000 0.000000 0.000000 1.000000
0.999124 0.000035 0.041840 0.000000 0.002463 0.998216 -0.059652 11.420100 -0.041767 0.059702 0.997342 0.000000 0.000000 0.000000 0.000000 1.000000
0.999028 -0.001233 0.044062 0.000000 0.003770 0.998336 -0.057542 11.420100 -0.043918 0.057652 0.997370 0.000000 0.000000 0.000000 0.000000 1.000000
0.998736 -0.003361 0.050144 0.000000 0.006118 0.998471 -0.054943 11.420100 -0.049883 0.055180 0.997230 -0.000000 0.000000 0.000000 0.000000 1.000000
0.998122 -0.007867 0.060744 0.000000 0.011210 0.998430 -0.054886 11.420100 -0.060216 0.055464 0.996643 -0.000000 0.000000 0.000000 0.000000 1.000000
0.997392 -0.015551 0.070474 0.000000 0.019681 0.998105 -0.058297 11.420100 -0.069434 0.059532 0.995809 -0.000000 0.000000 0.000000 0.000000 1.000000
0.997238 -0.023928 0.070309 0.000000 0.028304 0.997680 -0.061920 11.420100 -0.068665 0.063739 0.995602 0.000000 0.000000 0.000000 0.000000 1.000000
0.998075 -0.028884 0.054883 -0.000000 0.032305 0.997521 -0.062509 11.420100 -0.052941 0.064162 0.996534 0.000000 0.000000 0.000000 0.000000 1.000000
0.999129 -0.030155 0.028831 -0.000000 0.031841 0.997694 -0.059936 11.420100 -0.026957 0.060802 0.997786 -0.000000 0.000000 0.000000 0.000000 1.000000
0.999487 -0.031825 0.003670 0.000000 0.031979 0.997972 -0.055043 11.420100 -0.001911 0.055132 0.998477 0.000000 0.000000 0.000000 0.000000 1.000000
0.999312 -0.034356 -0.013952 -0.000000 0.033646 0.998266 -0.048309 11.420100 0.015587 0.047807 0.998735 0.000000 0.000000 0.000000 0.000000 1.000000
0.999202 -0.032065 -0.023805 0.000000 0.031065 0.998665 -0.041277 11.420100 0.025096 0.040505 0.998864 0.000000 0.000000 0.000000 0.000000 1.000000
0.999359 -0.023007 -0.027410 -0.000000 0.021990 0.999079 -0.036834 11.420100 0.028232 0.036208 0.998945 0.000000 0.000000 0.000000 0.000000 1.000000
0.999511 -0.012749 -0.028543 0.000000 0.011730 0.999297 -0.035599 11.420100 0.028977 0.035247 0.998958 -0.000000 0.000000 0.000000 0.000000 1.000000
0.999481 -0.005454 -0.031738 0.000000 0.004379 0.999418 -0.033836 11.420100 0.031904 0.033679 0.998923 -0.000000 0.000000 0.000000 0.000000 1.000000
0.999295 0.000382 -0.037530 0.000000 -0.001476 0.999574 -0.029134 11.420100 0.037503 0.029168 0.998871 0.000000 0.000000 0.000000 0.000000 1.000000
0.999088 0.007284 -0.042065 0.000000 -0.008292 0.999681 -0.023839 11.420100 0.041878 0.024166 0.998830 0.000000 0.000000 0.000000 0.000000 1.000000
0.999004 0.014124 -0.042318 0.000000 -0.015013 0.999672 -0.020753 11.420100 0.042011 0.021367 0.998889 0.000000 0.000000 0.000000 0.000000 1.000000
0.999107 0.018674 -0.037910 0.000000 -0.019422 0.999622 -0.019444 11.420100 0.037533 0.020163 0.999092 0.000000 0.000000 0.000000 0.000000 1.000000
0.999327 0.021044 -0.030036 0.000000 -0.021582 0.999610 -0.017721 11.420100 0.029652 0.018358 0.999392 -0.000000 0.000000 0.000000 0.000000 1.000000
0.999518 0.023138 -0.020682 0.000000 -0.023436 0.999623 -0.014292 11.420100 0.020343 0.014770 0.999684 -0.000000 0.000000 0.000000 0.000000 1.000000
0.999585 0.026542 -0.011160 0.000000 -0.026656 0.999592 -0.010213 11.420100 0.010885 0.010506 0.999886 0.000000 0.000000 0.000000 0.000000 1.000000
0.999512 0.031193 -0.001667 0.000000 -0.031205 0.999484 -0.007654 11.420100 0.001428 0.007703 0.999969 0.000000 0.000000 0.000000 0.000000 1.000000
0.999339 0.035645 0.007198 -0.000000 -0.035595 0.999342 -0.006931 11.420100 -0.007440 0.006670 0.999950 0.000000 0.000000 0.000000 0.000000 1.000000
0.999155 0.038655 0.013974 0.000000 -0.038568 0.999235 -0.006440 11.420100 -0.014212 0.005896 0.999882 -0.000000 0.000000 0.000000 0.000000 1.000000
0.999037 0.040156 0.017688 0.000000 -0.040065 0.999182 -0.005440 11.420100 -0.017892 0.004726 0.999829 0.000000 0.000000 0.000000 0.000000 1.000000
0.999007 0.040485 0.018581 0.000000 -0.040403 0.999172 -0.004789 11.420100 -0.018760 0.004034 0.999816 0.000000 0.000000 0.000000 0.000000 1.000000
0.999039 0.040056 0.017769 0.000000 -0.039968 0.999187 -0.005242 11.420100 -0.017965 0.004527 0.999828 -0.000000 0.000000 0.000000 0.000000 1.000000
0.999088 0.039480 0.016252 0.000000 -0.039381 0.999204 -0.006371 11.420100 -0.016490 0.005725 0.999848 0.000000 0.000000 0.000000 0.000000 1.000000
0.999115 0.039462 0.014531 0.000000 -0.039359 0.999198 -0.007310 11.420100 -0.014808 0.006731 0.999868 -0.000000 0.000000 0.000000 0.000000 1.000000
0.999097 0.040324 0.013402 -0.000000 -0.040220 0.999160 -0.007902 11.420100 -0.013709 0.007356 0.999879 -0.000000 0.000000 0.000000 0.000000 1.000000
0.999067 0.041180 0.013049 0.000000 -0.041067 0.999118 -0.008815 11.420100 -0.013400 0.008271 0.999876 0.000000 0.000000 0.000000 0.000000 1.000000
0.999126 0.040145 0.011632 -0.000000 -0.040018 0.999139 -0.010960 11.420100 -0.012062 0.010485 0.999872 0.000000 0.000000 0.000000 0.000000 1.000000
0.999309 0.036373 0.007596 0.000000 -0.036258 0.999234 -0.014698 11.420100 -0.008124 0.014413 0.999863 0.000000 0.000000 0.000000 0.000000 1.000000
0.999505 0.031390 0.002213 0.000000 -0.031343 0.999326 -0.019093 11.420100 -0.002811 0.019014 0.999815 0.000000 0.000000 0.000000 0.000000 1.000000
0.999640 0.026728 -0.002533 0.000000 -0.026779 0.999378 -0.022966 11.420100 0.001917 0.023026 0.999733 0.000000 0.000000 0.000000 0.000000 1.000000
0.999721 0.022729 -0.006406 0.000000 -0.022888 0.999402 -0.025905 11.420100 0.005814 0.026045 0.999644 -0.000000 0.000000 0.000000 0.000000 1.000000
0.999768 0.018915 -0.010299 0.000000 -0.019200 0.999414 -0.028331 11.420100 0.009757 0.028522 0.999546 0.000000 0.000000 0.000000 0.000000 1.000000
0.999780 0.014974 -0.014655 0.000000 -0.015417 0.999412 -0.030640 11.420100 0.014188 0.030859 0.999423 -0.000000 0.000000 0.000000 0.000000 1.000000
0.999755 0.010943 -0.019266 0.000000 -0.011573 0.999391 -0.032904 11.420100 0.018894 0.033119 0.999273 -0.000000 0.000000 0.000000 0.000000 1.000000
0.999692 0.006999 -0.023814 0.000000 -0.007831 0.999356 -0.035006 11.420100 0.023553 0.035182 0.999103 -0.000000 0.000000 0.000000 0.000000 1.000000
0.999598 0.003326 -0.028146 0.000000 -0.004364 0.999310 -0.036887 11.420100 0.028004 0.036995 0.998923 0.000000 0.000000 0.000000 0.000000 1.000000
