<?xml version="1.0" encoding="utf-8"?>
<COLLADA xmlns="http://www.collada.org/2005/11/COLLADASchema" version="1.4.1">
  <asset><contributor><author>Mixamo</author><authoring_tool>COLLADA Mixamo exporter</authoring_tool><comments></comments></contributor><created>2019-12-01T02:58:29Z</created><modified>2019-12-01T02:58:29Z</modified><revision></revision><title></title><unit meter="0.010000"/><up_axis>Y_UP</up_axis></asset>
  <library_animations>
    <animation id="mixamorig1_Hips-anim" name="mixamorig1_Hips"><source id="mixamorig1_Hips-Matrix-animation-input"><float_array id="mixamorig1_Hips-Matrix-animation-input-array" count="31">

0.000000 0.033333 0.066667 0.100000 0.133333 0.166667 0.200000 0.233333 0.266667 0.300000 0.333333 0.366667 0.400000 0.433333 0.466667 0.500000
0.533333 0.566667 0.600000 0.633333 0.666667 0.700000 0.733333 0.766667 0.800000 0.833333 0.866667 0.900000 0.933333 0.966667 1.000000</float_array><technique_common><accessor source="#mixamorig1_Hips-Matrix-animation-input-array" count="31"><param name="TIME" type="float"/></accessor></technique_common></source><source id="mixamorig1_Hips-Matrix-animation-output-transform"><float_array id="mixamorig1_Hips-Matrix-animation-output-transform-array" count="496">

0.691040 -0.001442 -0.722815 -0.511238 0.070127 0.995414 0.065058 86.061043 0.719406 -0.095646 0.687973 0.206178 0.000000 0.000000 0.000000 1.000000
0.678837 0.003891 -0.734279 -0.833891 0.076648 0.994148 0.076128 86.718086 0.730278 -0.107959 0.674566 0.065786 0.000000 0.000000 0.000000 1.000000
0.657354 0.016503 -0.753401 -1.167344 0.082570 0.992163 0.093777 87.475014 0.749044 -0.123854 0.650840 -0.188949 0.000000 0.000000 0.000000 1.000000
0.622512 0.050945 -0.780951 -2.258282 0.073721 0.989625 0.123322 88.449112 0.779130 -0.134342 0.612297 -1.557567 0.000000 0.000000 0.000000 1.000000
0.594321 0.097474 -0.798299 -4.783090 0.031560 0.989037 0.144259 90.074829 0.803608 -0.110930 0.584729 -3.880068 0.000000 0.000000 0.000000 1.000000
0.535125 0.154128 -0.830594 -6.384202 -0.057485 0.987580 0.146223 91.262894 0.842815 -0.030501 0.537339 -6.039704 0.000000 0.000000 0.000000 1.000000
0.434677 0.199125 -0.878297 -6.760964 -0.139517 0.978365 0.152764 91.135002 0.889714 0.056134 0.453054 -7.940460 0.000000 0.000000 0.000000 1.000000
0.357864 0.202366 -0.911581 -6.134856 -0.162934 0.974790 0.152435 90.387100 0.919449 0.093976 0.381815 -9.101635 0.000000 0.000000 0.000000 1.000000
0.332570 0.192922 -0.923135 -5.625710 -0.161992 0.975990 0.145609 90.050400 0.929062 0.101115 0.355837 -9.416857 0.000000 0.000000 0.000000 1.000000
0.334726 0.169119 -0.927015 -5.027065 -0.151686 0.980604 0.124125 89.917168 0.930027 0.099067 0.353886 -9.363148 0.000000 0.000000 0.000000 1.000000
0.366711 0.136254 -0.920303 -4.336115 -0.134263 0.986612 0.092572 89.978813 0.920596 0.089616 0.380095 -8.923804 0.000000 0.000000 0.000000 1.000000
0.399853 0.109611 -0.910001 -3.675509 -0.116602 0.990840 0.068114 90.096077 0.909132 0.078873 0.408972 -8.363274 0.000000 0.000000 0.000000 1.000000
0.434752 0.083501 -0.896671 -3.003805 -0.093626 0.994487 0.047215 90.224480 0.895670 0.063425 0.440173 -7.687319 0.000000 0.000000 0.000000 1.000000
0.468973 0.056289 -0.881417 -2.298969 -0.065691 0.997426 0.028746 90.352364 0.880766 0.044420 0.471463 -6.899967 0.000000 0.000000 0.000000 1.000000
0.500667 0.030692 -0.865096 -1.593749 -0.036111 0.999242 0.014552 90.433052 0.864887 0.023954 0.501395 -6.030458 0.000000 0.000000 0.000000 1.000000
0.528601 0.009249 -0.848820 -0.910983 -0.008943 0.999946 0.005326 90.426964 0.848824 0.004776 0.528655 -5.121105 0.000000 0.000000 0.000000 1.000000
0.551974 -0.008123 -0.833822 -0.286701 0.016935 0.999856 0.001470 90.399445 0.833690 -0.014933 0.552031 -4.304013 0.000000 0.000000 0.000000 1.000000
0.570719 -0.025414 -0.820752 0.289051 0.042824 0.999082 -0.001158 90.375137 0.820028 -0.034487 0.571283 -3.609439 0.000000 0.000000 0.000000 1.000000
0.587703 -0.040044 -0.808085 0.771193 0.067235 0.997737 -0.000543 90.354721 0.806278 -0.054013 0.589065 -2.923600 0.000000 0.000000 0.000000 1.000000
0.602774 -0.047986 -0.796468 1.123045 0.085213 0.996353 0.004461 90.248497 0.793349 -0.070558 0.604665 -2.200778 0.000000 0.000000 0.000000 1.000000
0.613403 -0.049966 -0.788188 1.371303 0.097964 0.995103 0.013156 90.042221 0.783671 -0.085284 0.615294 -1.488446 0.000000 0.000000 0.000000 1.000000
0.621717 -0.049028 -0.781706 1.476709 0.105875 0.994139 0.021854 89.746605 0.776053 -0.096350 0.623264 -0.938308 0.000000 0.000000 0.000000 1.000000
0.630781 -0.045977 -0.774597 1.447285 0.108499 0.993662 0.029375 89.413261 0.768338 -0.102572 0.631772 -0.519720 0.000000 0.000000 0.000000 1.000000
0.640830 -0.039889 -0.766646 1.308571 0.107291 0.993502 0.037990 89.057312 0.760149 -0.106599 0.640945 -0.213372 0.000000 0.000000 0.000000 1.000000
0.650429 -0.032657 -0.758865 1.102793 0.103458 0.993573 0.045917 88.663010 0.752489 -0.108377 0.649627 -0.005760 0.000000 0.000000 0.000000 1.000000
0.658911 -0.025125 -0.751801 0.855346 0.097255 0.993899 0.052023 88.233757 0.745907 -0.107395 0.657334 0.112841 0.000000 0.000000 0.000000 1.000000
0.666889 -0.017648 -0.744948 0.575984 0.090475 0.994241 0.057440 87.777840 0.739644 -0.105705 0.664645 0.162545 0.000000 0.000000 0.000000 1.000000
0.674065 -0.010385 -0.738599 0.285572 0.083769 0.994525 0.062467 87.326012 0.733906 -0.103979 0.671245 0.192597 0.000000 0.000000 0.000000 1.000000
0.680308 -0.005668 -0.732904 -0.009834 0.077994 0.994852 0.064704 86.873688 0.728764 -0.101181 0.677248 0.202431 0.000000 0.000000 0.000000 1.000000
0.685750 -0.003240 -0.727830 -0.283743 0.073655 0.995165 0.064966 86.438866 0.724101 -0.098159 0.682673 0.186102 0.000000 0.000000 0.000000 1.000000
0.691040 -0.001442 -0.722815 -0.511240 0.070127 0.995414 0.065058 86.061043 0.719406 -0.095646 0.687973 0.206175 0.000000 0.000000 0.000000 1.000000</float_array><technique_common><accessor source="#mixamorig1_Hips-Matrix-animation-output-transform-array" count="31" stride="16"><param type="float4x4"/></accessor></technique_common></source><source id="mixamorig1_Hips-Interpolations"><Name_array id="mixamorig1_Hips-Interpolations-array" count="31">
 LINEAR LINEAR LINEAR LINEAR LINEAR LINEAR LINEAR LINEAR LINEAR LINEAR LINEAR
LINEAR LINEAR LINEAR LINEAR LINEAR LINEAR LINEAR LINEAR LINEAR LINEAR LINEAR LINEAR
LINEAR LINEAR LINEAR LINEAR LINEAR LINEAR LINEAR LINEAR</Name_array><technique_common><accessor source="#mixamorig1_Hips-Interpolations-array" count="31"><param type="name"/></accessor></technique_common></source><sampler id="mixamorig1_Hips-Matrix-animation-transform"><input semantic="INPUT" source="#mixamorig1_Hips-Matrix-animation-input"/><input semantic="OUTPUT" source="#mixamorig1_Hips-Matrix-animation-output-transform"/><input semantic="INTERPOLATION" source="#mixamorig1_Hips-Interpolations"/></sampler><channel source="#mixamorig1_Hips-Matrix-animation-transform" target="mixamorig1_Hips/matrix"/></animation>
    <animation id="mixamorig1_Spine-anim" name="mixamorig1_Spine"><source id="mixamorig1_Spine-Matrix-animation-input"><float_array id="mixamorig1_Spine-Matrix-animation-input-array" count="31">

0.000000 0.033333 0.066667 0.100000 0.133333 0.166667 0.200000 0.233333 0.266667 0.300000 0.333333 0.366667 0.400000 0.433333 0.466667 0.500000
0.533333 0.566667 0.600000 0.633333 0.666667 0.700000 0.733333 0.766667 0.800000 0.833333 0.866667 0.900000 0.933333 0.966667 1.000000</float_array><technique_common><accessor source="#mixamorig1_Spine-Matrix-animation-input-array" count="31"><param name="TIME" type="float"/></accessor></technique_common></source><source id="mixamorig1_Spine-Matrix-animation-output-transform"><float_array id="mixamorig1_Spine-Matrix-animation-output-transform-array" count="496">

0.991548 0.019062 0.128330 0.000000 -0.013557 0.998955 -0.043637 9.717300 -0.129028 0.041529 0.990771 -1.180200 0.000000 0.000000 0.000000 1.000000
0.993135 0.024503 0.114377 -0.000000 -0.020393 0.999108 -0.036965 9.717300 -0.115180 0.034378 0.992750 -1.180200 0.000000 0.000000 0.000000 1.000000
0.993949 0.040277 0.102187 0.000000 -0.037634 0.998909 -0.027663 9.717300 -0.103190 0.023650 0.994380 -1.180200 0.000000 0.000000 0.000000 1.000000
0.993687 0.068382 0.088943 0.000000 -0.067610 0.997644 -0.011668 9.717300 -0.089531 0.005581 0.995968 -1.180200 0.000000 0.000000 0.000000 1.000000
0.994208 0.095184 0.049904 0.000000 -0.095970 0.995291 0.013596 9.717300 -0.048375 -0.018306 0.998661 -1.180200 0.000000 0.000000 0.000000 1.000000
0.991834 0.126675 0.014813 0.000000 -0.127221 0.990859 0.044875 9.717300 -0.008993 -0.046393 0.998883 -1.180200 0.000000 0.000000 0.000000 1.000000
0.985117 0.171818 0.004806 0.000000 -0.171686 0.982242 0.075666 9.717300 0.008280 -0.075365 0.997122 -1.180200 0.000000 0.000000 0.000000 1.000000
0.978712 0.205223 0.002495 -0.000000 -0.204626 0.974784 0.089017 9.717300 0.015837 -0.087632 0.996027 -1.180200 0.000000 0.000000 0.000000 1.000000
0.976635 0.214887 0.002908 0.000000 -0.214233 0.972415 0.092269 9.717300 0.016999 -0.090736 0.995730 -1.180200 0.000000 0.000000 0.000000 1.000000
0.978488 0.206107 0.009018 -0.000000 -0.206072 0.974382 0.090079 9.717300 0.009779 -0.090000 0.995894 -1.180200 0.000000 0.000000 0.000000 1.000000
0.981095 0.192636 0.018549 0.000000 -0.193498 0.978101 0.076666 9.717300 -0.003375 -0.078806 0.996884 -1.180200 0.000000 0.000000 0.000000 1.000000
0.982780 0.183499 0.021699 0.000000 -0.184424 0.981374 0.053792 9.717300 -0.011424 -0.056867 0.998316 -1.180200 0.000000 0.000000 0.000000 1.000000
0.983942 0.177055 0.022583 0.000000 -0.177640 0.983717 0.027279 9.717300 -0.017386 -0.030853 0.999373 -1.180200 0.000000 0.000000 0.000000 1.000000
0.985489 0.167328 0.028509 0.000000 -0.167538 0.985852 0.005129 9.717300 -0.027247 -0.009831 0.999580 -1.180200 0.000000 0.000000 0.000000 1.000000
0.987840 0.151653 0.034270 0.000000 -0.151413 0.988425 -0.009499 9.717300 -0.035314 0.004194 0.999367 -1.180200 0.000000 0.000000 0.000000 1.000000
0.990164 0.135476 0.034953 0.000000 -0.134758 0.990631 -0.022145 9.717300 -0.037626 0.017217 0.999144 -1.180200 0.000000 0.000000 0.000000 1.000000
0.992322 0.118694 0.034762 0.000000 -0.117597 0.992543 -0.032087 9.717300 -0.038311 0.027753 0.998880 -1.180200 0.000000 0.000000 0.000000 1.000000
0.994151 0.102416 0.034275 0.000000 -0.101031 0.994080 -0.039960 9.717300 -0.038165 0.036264 0.998613 -1.180200 0.000000 0.000000 0.000000 1.000000
0.995638 0.087219 0.033145 0.000000 -0.085675 0.995285 -0.045465 9.717300 -0.036954 0.042427 0.998416 -1.180200 0.000000 0.000000 0.000000 1.000000
0.996652 0.074514 0.033652 0.000000 -0.072831 0.996153 -0.048729 9.717300 -0.037153 0.046115 0.998245 -1.180200 0.000000 0.000000 0.000000 1.000000
0.997044 0.065941 0.039441 0.000000 -0.063786 0.996523 -0.053610 9.717300 -0.042839 0.050936 0.997783 -1.180200 0.000000 0.000000 0.000000 1.000000
0.997071 0.058116 0.049728 0.000000 -0.055246 0.996829 -0.057261 9.717300 -0.052898 0.054346 0.997120 -1.180200 0.000000 0.000000 0.000000 1.000000
0.997031 0.050229 0.058362 0.000000 -0.046940 0.997303 -0.056424 9.717300 -0.061039 0.053517 0.996700 -1.180200 0.000000 0.000000 0.000000 1.000000
0.996829 0.044324 0.066079 -0.000000 -0.040734 0.997670 -0.054723 9.717300 -0.068350 0.051857 0.996313 -1.180200 0.000000 0.000000 0.000000 1.000000
0.996443 0.040590 0.073856 0.000000 -0.036589 0.997830 -0.054744 9.717300 -0.075918 0.051847 0.995765 -1.180200 0.000000 0.000000 0.000000 1.000000
0.995924 0.037500 0.082029 0.000000 -0.033114 0.997981 -0.054196 9.717300 -0.083896 0.051259 0.995155 -1.180200 0.000000 0.000000 0.000000 1.000000
0.995219 0.034218 0.091477 0.000000 -0.029444 0.998159 -0.053032 9.717300 -0.093124 0.050084 0.994394 -1.180200 0.000000 0.000000 0.000000 1.000000
0.994522 0.031268 0.099738 -0.000000 -0.026203 0.998319 -0.051700 9.717300 -0.101187 0.048803 0.993670 -1.180200 0.000000 0.000000 0.000000 1.000000
0.993723 0.027026 0.108552 0.000000 -0.021650 0.998494 -0.050406 9.717300 -0.109751 0.047739 0.992812 -1.180200 0.000000 0.000000 0.000000 1.000000
0.992651 0.023204 0.118769 -0.000000 -0.017681 0.998722 -0.047348 9.717300 -0.119716 0.044900 0.991792 -1.180200 0.000000 0.000000 0.000000 1.000000
0.991548 0.019062 0.128331 0.000000 -0.013557 0.998955 -0.043637 9.717300 -0.129028 0.041529 0.990771 -1.180200 0.000000 0.000000 0.000000 1.000000</float_array><technique_common><accessor source="#mixamorig1_Spine-Matrix-animation-output-transform-array" count="31" stride="16"><param type="float4x4"/></accessor></technique_common></source><source id="mixamorig1_Spine-Interpolations"><Name_array id="mixamorig1_Spine-Interpolations-array" count="31">
 LINEAR LINEAR LINEAR LINEAR LINEAR LINEAR LINEAR LINEAR LINEAR LINEAR LINEAR
LINEAR LINEAR LINEAR LINEAR LINEAR LINEAR LINEAR LINEAR LINEAR LINEAR LINEAR LINEAR
LINEAR LINEAR LINEAR LINEAR LINEAR LINEAR LINEAR LINEAR</Name_array><technique_common><accessor source="#mixamorig1_Spine-Interpolations-array" count="31"><param type="name"/></accessor></technique_common></source><sampler id="mixamorig1_Spine-Matrix-animation-transform"><input semantic="INPUT" source="#mixamorig1_Spine-Matrix-animation-input"/><input semantic="OUTPUT" source="#mixamorig1_Spine-Matrix-animation-output-transform"/><input semantic="INTERPOLATION" source="#mixamorig1_Spine-Interpolations"/></sampler><channel source="#mixamorig1_Spine-Matrix-animation-transform" target="mixamorig1_Spine/matrix"/></animation>
    <animation id="mixamorig1_Spine1-anim" name="mixamorig1_Spine1"><source id="mixamorig1_Spine1-Matrix-animation-input"><float_array id="mixamorig1_Spine1-Matrix-animation-input-array" count="31">

0.000000 0.033333 0.066667 0.100000 0.133333 0.166667 0.200000 0.233333 0.266667 0.300000 0.333333 0.366667 0.400000 0.433333 0.466667 0.500000
0.533333 0.566667 0.600000 0.633333 0.666667 0.700000 0.733333 0.766667 0.800000 0.833333 0.866667 0.900000 0.933333 0.966667 1.000000</float_array><technique_common><accessor source="#mixamorig1_Spine1-Matrix-animation-input-array" count="31"><param name="TIME" type="float"/></accessor></technique_common></source><source id="mixamorig1_Spine1-Matrix-animation-output-transform"><float_array id="mixamorig1_Spine1-Matrix-animation-output-transform-array" count="496">

0.999723 0.013778 0.019077 -0.000000 -0.013043 0.999187 -0.038160 11.420100 -0.019587 0.037901 0.999090 -0.000000 0.000000 0.000000 0.000000 1.000000
0.999427 0.025201 0.022580 0.000000 -0.023652 0.997512 -0.066413 11.420100 -0.024197 0.065841 0.997537 -0.000000 0.000000 0.000000 0.000000 1.000000
0.998724 0.041791 0.028370 -0.000000 -0.038834 0.994449 -0.097790 11.420100 -0.032299 0.096563 0.994803 0.000000 0.000000 0.000000 0.000000 1.000000
0.997399 0.063839 0.033474 0.000000 -0.059080 0.990042 -0.127771 11.420100 -0.041297 0.125461 0.991239 0.000000 0.000000 0.000000 0.000000 1.000000
0.996064 0.085031 0.025030 0.000000 -0.080225 0.984907 -0.153371 11.420100 -0.037694 0.150760 0.987852 -0.000000 0.000000 0.000000 0.000000 1.000000
0.994137 0.106900 0.016270 0.000000 -0.102511 0.979612 -0.172778 11.420100 -0.034408 0.170097 0.984826 0.000000 0.000000 0.000000 0.000000 1.000000
0.991055 0.132579 0.015235 0.000000 -0.127505 0.974404 -0.185147 11.420100 -0.039392 0.181548 0.982593 -0.000000 0.000000 0.000000 0.000000 1.000000
0.988562 0.150061 0.015034 -0.000000 -0.144312 0.970191 -0.194689 11.420100 -0.043801 0.190293 0.980750 0.000000 0.000000 0.000000 0.000000 1.000000
0.987840 0.154754 0.014964 0.000000 -0.148847 0.969136 -0.196522 11.420100 -0.044915 0.191905 0.980385 0.000000 0.000000 0.000000 0.000000 1.000000
0.988140 0.152460 0.018327 -0.000000 -0.145920 0.969451 -0.197160 11.420100 -0.047826 0.192148 0.980200 0.000000 0.000000 0.000000 0.000000 1.000000
0.988715 0.147866 0.024045 0.000000 -0.140027 0.969226 -0.202470 11.420100 -0.053243 0.196818 0.978993 -0.000000 0.000000 0.000000 0.000000 1.000000
0.989171 0.144296 0.026823 -0.000000 -0.135428 0.967812 -0.212131 11.420100 -0.056569 0.206201 0.976873 0.000000 0.000000 0.000000 0.000000 1.000000
0.989505 0.141671 0.028458 0.000000 -0.131846 0.965762 -0.223427 11.420100 -0.059137 0.217330 0.974305 -0.000000 0.000000 0.000000 0.000000 1.000000
0.989897 0.138008 0.032516 0.000000 -0.126792 0.964261 -0.232647 11.420100 -0.063461 0.226174 0.972017 0.000000 0.000000 0.000000 0.000000 1.000000
0.990585 0.131918 0.036590 0.000000 -0.119524 0.963715 -0.238679 11.420100 -0.066748 0.232059 0.970409 0.000000 0.000000 0.000000 0.000000 1.000000
0.991391 0.125246 0.038175 -0.000000 -0.112293 0.963243 -0.244033 11.420100 -0.067336 0.237646 0.969015 0.000000 0.000000 0.000000 0.000000 1.000000
0.992221 0.118135 0.039262 0.000000 -0.104833 0.963004 -0.248260 11.420100 -0.067138 0.242213 0.967897 0.000000 0.000000 0.000000 0.000000 1.000000
0.993020 0.110889 0.040190 0.000000 -0.097340 0.962902 -0.251683 11.420100 -0.066608 0.246015 0.966975 0.000000 0.000000 0.000000 0.000000 1.000000
0.993806 0.103570 0.040272 0.000000 -0.090158 0.963350 -0.252643 11.420100 -0.064962 0.247447 0.966721 0.000000 0.000000 0.000000 0.000000 1.000000
0.994543 0.096656 0.039260 0.000000 -0.084004 0.965106 -0.248021 11.420100 -0.061863 0.243370 0.967959 0.000000 0.000000 0.000000 0.000000 1.000000
0.995140 0.090338 0.039195 -0.000000 -0.078396 0.967643 -0.239834 11.420100 -0.059593 0.235595 0.970022 0.000000 0.000000 0.000000 0.000000 1.000000
0.995734 0.083074 0.040161 -0.000000 -0.071840 0.971105 -0.227583 11.420100 -0.057907 0.223727 0.972930 0.000000 0.000000 0.000000 0.000000 1.000000
0.996418 0.074924 0.039202 0.000000 -0.065068 0.975441 -0.210432 11.420100 -0.054006 0.207127 0.976822 0.000000 0.000000 0.000000 0.000000 1.000000
0.997077 0.066919 0.036873 0.000000 -0.058723 0.979927 -0.190513 11.420100 -0.048882 0.187791 0.980992 0.000000 0.000000 0.000000 0.000000 1.000000
0.997667 0.059222 0.033967 0.000000 -0.052643 0.984107 -0.169595 11.420100 -0.043471 0.167411 0.984928 0.000000 0.000000 0.000000 0.000000 1.000000
0.998195 0.051539 0.030840 -0.000000 -0.046461 0.987997 -0.147321 11.420100 -0.038063 0.145622 0.988608 -0.000000 0.000000 0.000000 0.000000 1.000000
0.998646 0.043758 0.028135 -0.000000 -0.039942 0.991444 -0.124271 11.420100 -0.033332 0.122979 0.991849 0.000000 0.000000 0.000000 0.000000 1.000000
0.999036 0.036149 0.024896 0.000000 -0.033452 0.994291 -0.101325 11.420100 -0.028417 0.100395 0.994542 -0.000000 0.000000 0.000000 0.000000 1.000000
0.999357 0.028187 0.022140 0.000000 -0.026351 0.996507 -0.079244 11.420100 -0.024297 0.078609 0.996609 0.000000 0.000000 0.000000 0.000000 1.000000
0.999576 0.020731 0.020467 0.000000 -0.019518 0.998137 -0.057810 11.420100 -0.021627 0.057386 0.998118 -0.000000 0.000000 0.000000 0.000000 1.000000
0.999723 0.013778 0.019077 0.000000 -0.013043 0.999187 -0.038160 11.420100 -0.019587 0.037901 0.999090 0.000000 0.000000 0.000000 0.000000 1.000000</float_array><technique_common><accessor source="#mixamorig1_Spine1-Matrix-animation-output-transform-array" count="31" stride="16"><param type="float4x4"/></accessor></technique_common></source><source id="mixamorig1_Spine1-Interpolations"><Name_array id="mixamorig1_Spine1-Interpolations-array" count="31">
 LINEAR LINEAR LINEAR LINEAR LINEAR LINEAR LINEAR LINEAR LINEAR LINEAR LINEAR
LINEAR LINEAR LINEAR LINEAR LINEAR LINEAR LINEAR LINEAR LINEAR LINEAR LINEAR LINEAR
LINEAR LINEAR LINEAR LINEAR LINEAR LINEAR LINEAR LINEAR</Name_array><technique_common><accessor source="#mixamorig1_Spine1-Interpolations-array" count="31"><param type="name"/></accessor></technique_common></source><sampler id="mixamorig1_Spine1-Matrix-animation-transform"><input semantic="INPUT" source="#mixamorig1_Spine1-Matrix-animation-input"/><input semantic="OUTPUT" source="#mixamorig1_Spine1-Matrix-animation-output-transform"/><input semantic="INTERPOLATION" source="#mixamorig1_Spine1-Interpolations"/></sampler><channel source="#mixamorig1_Spine1-Matrix-animation-transform" target="mixamorig1_Spine1/matrix"/></animation>
    <animation id="mixamorig1_Spine2-anim" name="mixamorig1_Spine2"><source id="mixamorig1_Spine2-Matrix-animation-input"><float_array id="mixamorig1_Spine2-Matrix-animation-input-array" count="31">

0.000000 0.033333 0.066667 0.100000 0.133333 0.166667 0.200000 0.233333 0.266667 0.300000 0.333333 0.366667 0.400000 0.433333 0.466667 0.500000
0.533333 0.566667 0.600000 0.633333 0.666667 0.700000 0.733333 0.766667 0.800000 0.833333 0.866667 0.900000 0.933333 0.966667 1.000000</float_array><technique_common><accessor source="#mixamorig1_Spine2-Matrix-animation-input-array" count="31"><param name="TIME" type="float"/></accessor></technique_common></source><source id="mixamorig1_Spine2-Matrix-animation-output-transform"><float_array id="mixamorig1_Spine2-Matrix-animation-output-transform-array" count="496">

0.999731 0.013421 0.018908 -0.000000 -0.012687 0.999181 -0.038423 13.051600 -0.019408 0.038173 0.999083 0.000000 0.000000 0.000000 0.000000 1.000000
0.999438 0.024902 0.022434 0.000000 -0.023359 0.997506 -0.066599 13.051600 -0.024037 0.066038 0.997528 0.000000 0.000000 0.000000 0.000000 1.000000
0.998737 0.041574 0.028219 0.000000 -0.038629 0.994446 -0.097899 13.051600 -0.032132 0.096685 0.994796 0.000000 0.000000 0.000000 0.000000 1.000000
0.997414 0.063692 0.033303 0.000000 -0.058955 0.990047 -0.127792 13.051600 -0.041111 0.125498 0.991242 0.000000 0.000000 0.000000 0.000000 1.000000
0.996085 0.084818 0.024917 -0.000000 -0.080033 0.984930 -0.153319 13.051600 -0.037546 0.150725 0.987862 -0.000000 0.000000 0.000000 0.000000 1.000000
0.994166 0.106627 0.016239 0.000000 -0.102250 0.979654 -0.172692 13.051600 -0.034323 0.170024 0.984842 -0.000000 0.000000 0.000000 0.000000 1.000000
0.991091 0.132312 0.015265 0.000000 -0.127244 0.974469 -0.184984 13.051600 -0.039350 0.181394 0.982623 0.000000 0.000000 0.000000 0.000000 1.000000
0.988599 0.149813 0.015102 0.000000 -0.144065 0.970272 -0.194467 13.051600 -0.043786 0.190074 0.980793 -0.000000 0.000000 0.000000 0.000000 1.000000
0.987876 0.154511 0.015058 0.000000 -0.148601 0.969221 -0.196285 13.051600 -0.044923 0.191667 0.980431 -0.000000 0.000000 0.000000 0.000000 1.000000
0.988173 0.152235 0.018421 0.000000 -0.145693 0.969536 -0.196908 13.051600 -0.047836 0.191895 0.980249 -0.000000 0.000000 0.000000 0.000000 1.000000
0.988739 0.147696 0.024097 0.000000 -0.139865 0.969305 -0.202202 13.051600 -0.053221 0.196555 0.979047 0.000000 0.000000 0.000000 0.000000 1.000000
0.989186 0.144193 0.026825 0.000000 -0.135341 0.967880 -0.211876 13.051600 -0.056514 0.205954 0.976928 0.000000 0.000000 0.000000 0.000000 1.000000
0.989511 0.141639 0.028397 0.000000 -0.131842 0.965818 -0.223187 13.051600 -0.059038 0.217102 0.974362 0.000000 0.000000 0.000000 0.000000 1.000000
0.989894 0.138063 0.032381 0.000000 -0.126891 0.964303 -0.232417 13.051600 -0.063314 0.225959 0.972077 0.000000 0.000000 0.000000 0.000000 1.000000
0.990575 0.132041 0.036406 -0.000000 -0.119700 0.963743 -0.238479 13.051600 -0.066575 0.231873 0.970465 -0.000000 0.000000 0.000000 0.000000 1.000000
0.991380 0.125400 0.037964 -0.000000 -0.112504 0.963258 -0.243879 13.051600 -0.067152 0.237505 0.969062 0.000000 0.000000 0.000000 0.000000 1.000000
0.992210 0.118303 0.039030 -0.000000 -0.105059 0.963006 -0.248158 13.051600 -0.066944 0.242124 0.967933 0.000000 0.000000 0.000000 0.000000 1.000000
0.993013 0.111045 0.039918 0.000000 -0.097561 0.962889 -0.251647 13.051600 -0.066381 0.245995 0.966995 0.000000 0.000000 0.000000 0.000000 1.000000
0.993805 0.103698 0.039973 0.000000 -0.090356 0.963327 -0.252661 13.051600 -0.064707 0.247484 0.966729 0.000000 0.000000 0.000000 0.000000 1.000000
0.994543 0.096770 0.038998 -0.000000 -0.084177 0.965085 -0.248043 13.051600 -0.061639 0.243407 0.967964 -0.000000 0.000000 0.000000 0.000000 1.000000
0.995139 0.090453 0.038937 0.000000 -0.078567 0.967623 -0.239861 13.051600 -0.059373 0.235636 0.970026 0.000000 0.000000 0.000000 0.000000 1.000000
0.995736 0.083184 0.039869 -0.000000 -0.072009 0.971080 -0.227636 13.051600 -0.057652 0.223795 0.972930 0.000000 0.000000 0.000000 0.000000 1.000000
0.996424 0.074999 0.038917 0.000000 -0.065196 0.975418 -0.210499 13.051600 -0.053747 0.207209 0.976819 0.000000 0.000000 0.000000 0.000000 1.000000
0.997085 0.066946 0.036605 0.000000 -0.058796 0.979908 -0.190588 13.051600 -0.048629 0.187880 0.980987 0.000000 0.000000 0.000000 0.000000 1.000000
0.997677 0.059197 0.033708 0.000000 -0.052658 0.984091 -0.169683 13.051600 -0.043217 0.167513 0.984922 -0.000000 0.000000 0.000000 0.000000 1.000000
0.998206 0.051472 0.030599 0.000000 -0.046426 0.987983 -0.147424 13.051600 -0.037820 0.145739 0.988600 -0.000000 0.000000 0.000000 0.000000 1.000000
0.998658 0.043617 0.027906 0.000000 -0.039826 0.991433 -0.124395 13.051600 -0.033093 0.123117 0.991840 0.000000 0.000000 0.000000 0.000000 1.000000
0.999049 0.035944 0.024690 0.000000 -0.033265 0.994282 -0.101476 13.051600 -0.028196 0.100558 0.994532 0.000000 0.000000 0.000000 0.000000 1.000000
0.999369 0.027922 0.021952 -0.000000 -0.026097 0.996499 -0.079430 13.051600 -0.024093 0.078807 0.996599 0.000000 0.000000 0.000000 0.000000 1.000000
0.999586 0.020418 0.020287 -0.000000 -0.019211 0.998130 -0.058036 13.051600 -0.021434 0.057622 0.998108 0.000000 0.000000 0.000000 0.000000 1.000000
0.999731 0.013421 0.018908 0.000000 -0.012687 0.999181 -0.038423 13.051600 -0.019408 0.038173 0.999083 0.000000 0.000000 0.000000 0.000000 1.000000</float_array><technique_common><accessor source="#mixamorig1_Spine2-Matrix-animation-output-transform-array" count="31" stride="16"><param type="float4x4"/></accessor></technique_common></source><source id="mixamorig1_Spine2-Interpolations"><Name_array id="mixamorig1_Spine2-Interpolations-array" count="31">
 LINEAR LINEAR LINEAR LINEAR LINEAR LINEAR LINEAR LINEAR LINEAR LINEAR LINEAR
LINEAR LINEAR LINEAR LINEAR LINEAR LINEAR LINEAR LINEAR LINEAR LINEAR LINEAR LINEAR
LINEAR LINEAR LINEAR LINEAR LINEAR LINEAR LINEAR LINEAR</Name_array><technique_common><accessor source="#mixamorig1_Spine2-Interpolations-array" count="31"><param type="name"/></accessor></technique_common></source><sampler id="mixamorig1_Spine2-Matrix-animation-transform"><input semantic="INPUT" source="#mixamorig1_Spine2-Matrix-animation-input"/><input semantic="OUTPUT" source="#mixamorig1_Spine2-Matrix-animation-output-transform"/><input semantic="INTERPOLATION" source="#mixamorig1_Spine2-Interpolations"/></sampler><channel source="#mixamorig1_Spine2-Matrix-animation-transform" target="mixamorig1_Spine2/matrix"/></animation>
    <animation id="mixamorig1_Neck-anim" name="mixamorig1_Neck"><source id="mixamorig1_Neck-Matrix-animation-input"><float_array id="mixamorig1_Neck-Matrix-animation-input-array" count="31">

0.000000 0.033333 0.066667 0.100000 0.133333 0.166667 0.200000 0.233333 0.266667 0.300000 0.333333 0.366667 0.400000 0.433333 0.466667 0.500000
0.533333 0.566667 0.600000 0.633333 0.666667 0.700000 0.733333 0.766667 0.800000 0.833333 0.866667 0.900000 0.933333 0.966667 1.000000</float_array><technique_common><accessor source="#mixamorig1_Neck-Matrix-animation-input-array" count="31"><param name="TIME" type="float"/></accessor></technique_common></source><source id="mixamorig1_Neck-Matrix-animation-output-transform"><float_array id="mixamorig1_Neck-Matrix-animation-output-transform-array" count="496">

0.970444 -0.077035 0.228700 -0.000000 0.106363 0.987204 -0.118804 14.683000 -0.216622 0.139618 0.966220 0.000000 0.000000 0.000000 0.000000 1.000000
0.977594 -0.066900 0.199583 0.000000 0.094056 0.987064 -0.129837 14.683000 -0.188315 0.145700 0.971241 0.000000 0.000000 0.000000 0.000000 1.000000
0.985336 -0.053132 0.162140 0.000000 0.077637 0.985822 -0.148756 14.683000 -0.151938 0.159163 0.975491 -0.000000 0.000000 0.000000 0.000000 1.000000
0.992201 -0.033672 0.120012 0.000000 0.055283 0.981820 -0.181585 14.683000 -0.111715 0.186803 0.976025 0.000000 0.000000 0.000000 0.000000 1.000000
0.996198 -0.001089 0.087109 0.000000 0.019390 0.977611 -0.209525 14.683000 -0.084931 0.210417 0.973915 0.000000 0.000000 0.000000 0.000000 1.000000
0.998300 0.021454 0.054184 0.000000 -0.009317 0.976565 -0.215023 14.683000 -0.057527 0.214153 0.975105 0.000000 0.000000 0.000000 0.000000 1.000000
0.999915 -0.004092 0.012403 0.000000 0.006621 0.977389 -0.211344 14.683000 -0.011257 0.211408 0.977333 0.000000 0.000000 0.000000 0.000000 1.000000
0.999223 -0.034479 -0.019102 -0.000000 0.030063 0.980065 -0.196389 14.683000 0.025492 0.195662 0.980340 0.000000 0.000000 0.000000 0.000000 1.000000
0.998480 -0.043966 -0.033224 -0.000000 0.037691 0.984670 -0.170306 14.683000 0.040202 0.168795 0.984831 0.000000 0.000000 0.000000 0.000000 1.000000
0.999051 -0.022142 -0.037502 0.000000 0.016463 0.989222 -0.145498 14.683000 0.040320 0.144742 0.988648 0.000000 0.000000 0.000000 0.000000 1.000000
0.999310 0.012140 -0.035105 -0.000000 -0.016747 0.990833 -0.134050 14.683000 0.033156 0.134546 0.990353 0.000000 0.000000 0.000000 0.000000 1.000000
0.998717 0.038693 -0.032670 0.000000 -0.042644 0.990537 -0.130456 14.683000 0.027313 0.131682 0.990916 0.000000 0.000000 0.000000 0.000000 1.000000
0.997966 0.056091 -0.030277 -0.000000 -0.059596 0.989584 -0.131041 14.683000 0.022611 0.132579 0.990915 0.000000 0.000000 0.000000 0.000000 1.000000
0.997579 0.062085 -0.031315 0.000000 -0.065771 0.988640 -0.135147 14.683000 0.022569 0.136880 0.990331 0.000000 0.000000 0.000000 0.000000 1.000000
0.997512 0.062771 -0.032098 0.000000 -0.066890 0.986484 -0.149585 14.683000 0.022274 0.151360 0.988228 0.000000 0.000000 0.000000 0.000000 1.000000
0.997779 0.059971 -0.028979 0.000000 -0.063911 0.984547 -0.163042 14.683000 0.018753 0.164532 0.986193 -0.000000 0.000000 0.000000 0.000000 1.000000
0.998254 0.053423 -0.025188 0.000000 -0.057061 0.982420 -0.177747 14.683000 0.015249 0.178874 0.983754 0.000000 0.000000 0.000000 0.000000 1.000000
0.998768 0.045062 -0.020795 -0.000000 -0.048204 0.980509 -0.190469 14.683000 0.011807 0.191237 0.981473 0.000000 0.000000 0.000000 0.000000 1.000000
0.999196 0.037571 -0.013987 0.000000 -0.039600 0.979356 -0.198226 14.683000 0.006250 0.198620 0.980057 0.000000 0.000000 0.000000 0.000000 1.000000
0.999512 0.031102 -0.002904 -0.000000 -0.031048 0.978960 -0.201678 14.683000 -0.003430 0.201669 0.979448 -0.000000 0.000000 0.000000 0.000000 1.000000
0.999708 0.021848 0.010370 0.000000 -0.019286 0.978935 -0.203257 14.683000 -0.014593 0.202998 0.979070 -0.000000 0.000000 0.000000 0.000000 1.000000
0.999564 0.013431 0.026306 0.000000 -0.007848 0.979388 -0.201837 14.683000 -0.028475 0.201543 0.979066 0.000000 0.000000 0.000000 0.000000 1.000000
0.998943 0.005890 0.045588 -0.000000 0.003308 0.979971 -0.199110 14.683000 -0.045848 0.199051 0.978916 0.000000 0.000000 0.000000 0.000000 1.000000
0.997716 -0.003009 0.067488 0.000000 0.016073 0.980894 -0.193878 14.683000 -0.065615 0.194519 0.978702 0.000000 0.000000 0.000000 0.000000 1.000000
0.995754 -0.013877 0.091005 0.000000 0.030640 0.982168 -0.185489 14.683000 -0.086808 0.187490 0.978423 0.000000 0.000000 0.000000 0.000000 1.000000
0.992996 -0.025933 0.115269 0.000000 0.046098 0.983330 -0.175891 14.683000 -0.108786 0.179973 0.977638 0.000000 0.000000 0.000000 0.000000 1.000000
0.989412 -0.037462 0.140219 -0.000000 0.060639 0.984449 -0.164871 14.683000 -0.131862 0.171628 0.976297 -0.000000 0.000000 0.000000 0.000000 1.000000
0.985043 -0.048811 0.165249 0.000000 0.074547 0.985361 -0.153318 14.683000 -0.155347 0.163343 0.974262 0.000000 0.000000 0.000000 0.000000 1.000000
0.980230 -0.057902 0.189198 0.000000 0.085683 0.986134 -0.142122 14.683000 -0.178345 0.155523 0.971599 0.000000 0.000000 0.000000 0.000000 1.000000
0.975249 -0.068501 0.210232 0.000000 0.097410 0.986666 -0.130388 14.683000 -0.198497 0.147639 0.968918 0.000000 0.000000 0.000000 0.000000 1.000000
0.970444 -0.077035 0.228700 0.000000 0.106363 0.987204 -0.118804 14.683000 -0.216622 0.139618 0.966220 0.000000 0.000000 0.000000 0.000000 1.000000</float_array><technique_common><accessor source="#mixamorig1_Neck-Matrix-animation-output-transform-array" count="31" stride="16"><param type="float4x4"/></accessor></technique_common></source><source id="mixamorig1_Neck-Interpolations"><Name_array id="mixamorig1_Neck-Interpolations-array" count="31">
 LINEAR LINEAR LINEAR LINEAR LINEAR LINEAR LINEAR LINEAR LINEAR LINEAR LINEAR
LINEAR LINEAR LINEAR LINEAR LINEAR LINEAR LINEAR LINEAR LINEAR LINEAR LINEAR LINEAR
LINEAR LINEAR LINEAR LINEAR LINEAR LINEAR LINEAR LINEAR</Name_array><technique_common><accessor source="#mixamorig1_Neck-Interpolations-array" count="31"><param type="name"/></accessor></technique_common></source><sampler id="mixamorig1_Neck-Matrix-animation-transform"><input semantic="INPUT" source="#mixamorig1_Neck-Matrix-animation-input"/><input semantic="OUTPUT" source="#mixamorig1_Neck-Matrix-animation-output-transform"/><input semantic="INTERPOLATION" source="#mixamorig1_Neck-Interpolations"/></sampler><channel source="#mixamorig1_Neck-Matrix-animation-transform" target="mixamorig1_Neck/matrix"/></animation>
    <animation id="mixamorig1_Head-anim" name="mixamorig1_Head"><source id="mixamorig1_Head-Matrix-animation-input"><float_array id="mixamorig1_Head-Matrix-animation-input-array" count="31">

0.000000 0.033333 0.066667 0.100000 0.133333 0.166667 0.200000 0.233333 0.266667 0.300000 0.333333 0.366667 0.400000 0.433333 0.466667 0.500000
0.533333 0.566667 0.600000 0.633333 0.666667 0.700000 0.733333 0.766667 0.800000 0.833333 0.866667 0.900000 0.933333 0.966667 1.000000</float_array><technique_common><accessor source="#mixamorig1_Head-Matrix-animation-input-array" count="31"><param name="TIME" type="float"/></accessor></technique_common></source><source id="mixamorig1_Head-Matrix-animation-output-transform"><float_array id="mixamorig1_Head-Matrix-animation-output-transform-array" count="496">

0.996738 0.058022 0.056099 0.000000 -0.043713 0.972423 -0.229091 6.720200 -0.067845 0.225891 0.971787 1.972200 0.000000 0.000000 0.000000 1.000000
0.997475 0.047995 0.052341 0.000000 -0.036292 0.978043 -0.205217 6.720200 -0.061042 0.202799 0.977316 1.972200 0.000000 0.000000 0.000000 1.000000
0.998317 0.038048 0.043757 -0.000000 -0.029370 0.982451 -0.184195 6.720200 -0.049997 0.182600 0.981915 1.972200 0.000000 0.000000 0.000000 1.000000
0.998964 0.032688 0.031667 -0.000000 -0.026637 0.984111 -0.175548 6.720200 -0.036902 0.174522 0.983962 1.972200 0.000000 0.000000 0.000000 1.000000
0.998693 0.043537 0.026773 0.000000 -0.038559 0.985633 -0.164442 6.720200 -0.033548 0.163195 0.986023 1.972200 0.000000 0.000000 0.000000 1.000000
0.998653 0.047791 0.020186 0.000000 -0.044576 0.989510 -0.137415 6.720200 -0.026542 0.136331 0.990308 1.972200 0.000000 0.000000 0.000000 1.000000
0.999974 0.007139 0.000831 0.000000 -0.007005 0.993939 -0.109708 6.720200 -0.001609 0.109700 0.993963 1.972200 0.000000 0.000000 0.000000 1.000000
0.999276 -0.033173 -0.018653 0.000000 0.031589 0.996327 -0.079586 6.720200 0.021225 0.078939 0.996653 1.972200 0.000000 0.000000 0.000000 1.000000
0.998498 -0.045116 -0.031090 0.000000 0.043569 0.997860 -0.048761 6.720200 0.033224 0.047333 0.998327 1.972200 0.000000 0.000000 0.000000 1.000000
0.999113 -0.022035 -0.035898 0.000000 0.021237 0.999522 -0.022451 6.720200 0.036375 0.021668 0.999103 1.972200 0.000000 0.000000 0.000000 1.000000
0.999331 0.014878 -0.033423 0.000000 -0.015239 0.999828 -0.010581 6.720200 0.033260 0.011083 0.999385 1.972200 0.000000 0.000000 0.000000 1.000000
0.998537 0.044499 -0.030723 0.000000 -0.044735 0.998974 -0.007056 6.720200 0.030377 0.008420 0.999503 1.972200 0.000000 0.000000 0.000000 1.000000
0.997491 0.064993 -0.028078 0.000000 -0.065241 0.997837 -0.008028 6.720200 0.027495 0.009840 0.999574 1.972200 0.000000 0.000000 0.000000 1.000000
0.996938 0.072603 -0.029031 0.000000 -0.073009 0.997244 -0.013195 6.720200 0.027993 0.015274 0.999491 1.972200 0.000000 0.000000 0.000000 1.000000
0.996848 0.073507 -0.029850 0.000000 -0.074415 0.996760 -0.030525 6.720200 0.027509 0.032650 0.999088 1.972200 0.000000 0.000000 0.000000 1.000000
0.997149 0.070487 -0.026919 0.000000 -0.071689 0.996335 -0.046671 6.720200 0.023531 0.048467 0.998548 1.972200 0.000000 0.000000 0.000000 1.000000
0.997749 0.062831 -0.023413 0.000000 -0.064221 0.995862 -0.064298 6.720200 0.019277 0.065657 0.997656 1.972200 0.000000 0.000000 0.000000 1.000000
0.998410 0.052952 -0.019323 0.000000 -0.054330 0.995344 -0.079610 6.720200 0.015018 0.080533 0.996639 1.972200 0.000000 0.000000 0.000000 1.000000
0.998889 0.044968 -0.014080 -0.000000 -0.046060 0.994844 -0.090352 6.720200 0.009945 0.090900 0.995810 1.972200 0.000000 0.000000 0.000000 1.000000
0.999123 0.041028 -0.008316 -0.000000 -0.041656 0.994082 -0.100330 6.720200 0.004151 0.100588 0.994919 1.972200 0.000000 0.000000 0.000000 1.000000
0.999324 0.036578 -0.003674 -0.000000 -0.036759 0.992973 -0.112484 6.720200 -0.000466 0.112543 0.993647 1.972200 0.000000 0.000000 0.000000 1.000000
0.999372 0.035424 0.000739 0.000000 -0.035055 0.991560 -0.124818 6.720200 -0.005154 0.124714 0.992179 1.972200 0.000000 0.000000 0.000000 1.000000
0.999282 0.037425 0.005985 -0.000000 -0.036237 0.989696 -0.138524 6.720200 -0.011107 0.138208 0.990341 1.972200 0.000000 0.000000 0.000000 1.000000
0.999139 0.039708 0.012010 0.000000 -0.037429 0.987697 -0.151838 6.720200 -0.017892 0.151257 0.988332 1.972200 0.000000 0.000000 0.000000 1.000000
0.998974 0.041331 0.018487 -0.000000 -0.037750 0.985744 -0.163961 6.720200 -0.025000 0.163095 0.986294 1.972200 0.000000 0.000000 0.000000 1.000000
0.998775 0.042644 0.025086 0.000000 -0.037563 0.983590 -0.176467 6.720200 -0.032200 0.175308 0.983987 1.972200 0.000000 0.000000 0.000000 1.000000
0.998469 0.045059 0.032092 0.000000 -0.038236 0.981369 -0.188289 6.720200 -0.039978 0.186774 0.981589 1.972200 0.000000 0.000000 0.000000 1.000000
0.998071 0.047931 0.039462 0.000000 -0.039115 0.979044 -0.199855 6.720200 -0.048214 0.197926 0.979030 1.972200 0.000000 0.000000 0.000000 1.000000
0.997538 0.052805 0.046149 -0.000000 -0.041916 0.976515 -0.211333 6.720200 -0.056225 0.208878 0.976324 1.972200 0.000000 0.000000 0.000000 1.000000
0.997147 0.055025 0.051674 -0.000000 -0.042302 0.974309 -0.221207 6.720200 -0.062518 0.218390 0.973857 1.972200 0.000000 0.000000 0.000000 1.000000
0.996738 0.058022 0.056099 0.000000 -0.043712 0.972423 -0.229091 6.720200 -0.067845 0.225891 0.971787 1.972200 0.000000 0.000000 0.000000 1.000000</float_array><technique_common><accessor source="#mixamorig1_Head-Matrix-animation-output-transform-array" count="31" stride="16"><param type="float4x4"/></accessor></technique_common></source><source id="mixamorig1_Head-Interpolations"><Name_array id="mixamorig1_Head-Interpolations-array" count="31">
 LINEAR LINEAR LINEAR LINEAR LINEAR LINEAR LINEAR LINEAR LINEAR LINEAR LINEAR
LINEAR LINEAR LINEAR LINEAR LINEAR LINEAR LINEAR LINEAR LINEAR LINEAR LINEAR LINEAR
LINEAR LINEAR LINEAR LINEAR LINEAR LINEAR LINEAR LINEAR</Name_array><technique_common><accessor source="#mixamorig1_Head-Interpolations-array" count="31"><param type="name"/></accessor></technique_common></source><sampler id="mixamorig1_Head-Matrix-animation-transform"><input semantic="INPUT" source="#mixamorig1_Head-Matrix-animation-input"/><input semantic="OUTPUT" source="#mixamorig1_Head-Matrix-animation-output-transform"/><input semantic="INTERPOLATION" source="#mixamorig1_Head-Interpolations"/></sampler><channel source="#mixamorig1_Head-Matrix-animation-transform" target="mixamorig1_Head/matrix"/></animation>
    <animation id="mixamorig1_LeftShoulder-anim" name="mixamorig1_LeftShoulder"><source id="mixamorig1_LeftShoulder-Matrix-animation-input"><float_array id="mixamorig1_LeftShoulder-Matrix-animation-input-array" count="31">

0.000000 0.033333 0.066667 0.100000 0.133333 0.166667 0.200000 0.233333 0.266667 0.300000 0.333333 0.366667 0.400000 0.433333 0.466667 0.500000
