<?xml version="1.0" encoding="utf-8"?>
<COLLADA xmlns="http://www.collada.org/2005/11/COLLADASchema" version="1.4.1">
  <asset><contributor><author>Mixamo</author><authoring_tool>COLLADA Mixamo exporter</authoring_tool><comments></comments></contributor><created>2019-11-25T06:02:12Z</created><modified>2019-11-25T06:02:12Z</modified><revision></revision><title></title><unit meter="0.010000"/><up_axis>Y_UP</up_axis></asset>
  <library_animations>
    <animation id="mixamorig1_Hips-anim" name="mixamorig1_Hips"><source id="mixamorig1_Hips-Matrix-animation-input"><float_array id="mixamorig1_Hips-Matrix-animation-input-array" count="60">

0.000000 0.033333 0.066667 0.100000 0.133333 0.166667 0.200000 0.233333 0.266667 0.300000 0.333333 0.366667 0.400000 0.433333 0.466667 0.500000
0.533333 0.566667 0.600000 0.633333 0.666667 0.700000 0.733333 0.766667 0.800000 0.833333 0.866667 0.900000 0.933333 0.966667 1.000000 1.033333
1.066667 1.100000 1.133333 1.166667 1.200000 1.233333 1.266667 1.300000 1.333333 1.366667 1.400000 1.433333 1.466667 1.500000 1.533333 1.566667
1.600000 1.633333 1.666667 1.700000 1.733333 1.766667 1.800000 1.833333 1.866667 1.900000 1.933333 1.966667</float_array><technique_common><accessor source="#mixamorig1_Hips-Matrix-animation-input-array" count="60"><param name="TIME" type="float"/></accessor></technique_common></source><source id="mixamorig1_Hips-Matrix-animation-output-transform"><float_array id="mixamorig1_Hips-Matrix-animation-output-transform-array" count="960">

0.730717 0.051477 -0.680737 -0.291858 0.002012 0.996986 0.077551 93.455734 0.682678 -0.058038 0.728411 -0.527717 0.000000 0.000000 0.000000 1.000000
0.730415 0.051721 -0.681042 -0.279911 0.002015 0.996961 0.077875 93.464508 0.683000 -0.058254 0.728091 -0.538314 0.000000 0.000000 0.000000 1.000000
0.730201 0.051931 -0.681256 -0.266604 0.002018 0.996939 0.078159 93.473694 0.683229 -0.058446 0.727861 -0.544573 0.000000 0.000000 0.000000 1.000000
0.730201 0.052279 -0.681229 -0.253627 0.001858 0.996913 0.078497 93.484039 0.683230 -0.058584 0.727849 -0.543427 0.000000 0.000000 0.000000 1.000000
0.730482 0.052657 -0.680898 -0.243465 0.001644 0.996885 0.078856 93.495766 0.682929 -0.058722 0.728120 -0.532235 0.000000 0.000000 0.000000 1.000000
0.730984 0.053055 -0.680329 -0.237704 0.001477 0.996848 0.079325 93.508430 0.682393 -0.058990 0.728602 -0.510390 0.000000 0.000000 0.000000 1.000000
0.731553 0.053465 -0.679685 -0.236055 0.001429 0.996798 0.079948 93.522507 0.681784 -0.059457 0.729134 -0.479399 0.000000 0.000000 0.000000 1.000000
0.732024 0.053884 -0.679144 -0.236931 0.001457 0.996741 0.080653 93.540054 0.681277 -0.060029 0.729560 -0.441244 0.000000 0.000000 0.000000 1.000000
0.732302 0.054198 -0.678820 -0.238680 0.001523 0.996695 0.081221 93.563049 0.680978 -0.060513 0.729799 -0.396989 0.000000 0.000000 0.000000 1.000000
0.732367 0.054387 -0.678734 -0.239241 0.001574 0.996667 0.081561 93.590347 0.680908 -0.060801 0.729841 -0.347296 0.000000 0.000000 0.000000 1.000000
0.732247 0.054528 -0.678853 -0.235668 0.001605 0.996649 0.081786 93.617302 0.681037 -0.060977 0.729706 -0.293909 0.000000 0.000000 0.000000 1.000000
0.732028 0.054750 -0.679071 -0.225575 0.001642 0.996621 0.082122 93.638504 0.681273 -0.061231 0.729465 -0.239916 0.000000 0.000000 0.000000 1.000000
0.731899 0.055086 -0.679183 -0.210253 0.001730 0.996574 0.082692 93.651779 0.681411 -0.061696 0.729296 -0.188044 0.000000 0.000000 0.000000 1.000000
0.732083 0.055481 -0.678952 -0.195256 0.001867 0.996511 0.083444 93.660698 0.681213 -0.062355 0.729425 -0.138749 0.000000 0.000000 0.000000 1.000000
0.732617 0.055945 -0.678338 -0.186453 0.001933 0.996441 0.084268 93.672623 0.680638 -0.063047 0.729902 -0.091097 0.000000 0.000000 0.000000 1.000000
0.733218 0.056396 -0.677651 -0.184856 0.001876 0.996383 0.084952 93.693291 0.679991 -0.063560 0.730460 -0.045135 0.000000 0.000000 0.000000 1.000000
0.733488 0.056780 -0.677326 -0.186444 0.001687 0.996350 0.085350 93.722725 0.679700 -0.063746 0.730715 -0.002411 0.000000 0.000000 0.000000 1.000000
0.733267 0.057046 -0.677543 -0.186693 0.001444 0.996341 0.085450 93.755539 0.679939 -0.063636 0.730502 0.036063 0.000000 0.000000 0.000000 1.000000
0.732766 0.057235 -0.678070 -0.184460 0.001220 0.996344 0.085419 93.785294 0.680480 -0.063419 0.730017 0.071584 0.000000 0.000000 0.000000 1.000000
0.732349 0.057412 -0.678504 -0.181531 0.001058 0.996342 0.085448 93.808029 0.680928 -0.063296 0.729610 0.107373 0.000000 0.000000 0.000000 1.000000
0.732235 0.057528 -0.678618 -0.180181 0.001007 0.996334 0.085548 93.823982 0.681051 -0.063325 0.729493 0.146580 0.000000 0.000000 0.000000 1.000000
0.732394 0.057637 -0.678438 -0.181494 0.001012 0.996317 0.085736 93.836365 0.680881 -0.063479 0.729638 0.190574 0.000000 0.000000 0.000000 1.000000
0.732673 0.057722 -0.678129 -0.185138 0.001052 0.996300 0.085941 93.848434 0.680580 -0.063680 0.729901 0.238186 0.000000 0.000000 0.000000 1.000000
0.732930 0.057718 -0.677852 -0.190084 0.001151 0.996288 0.086077 93.861298 0.680304 -0.063869 0.730142 0.286199 0.000000 0.000000 0.000000 1.000000
0.733057 0.057658 -0.677719 -0.195170 0.001267 0.996283 0.086131 93.873558 0.680166 -0.063997 0.730259 0.330195 0.000000 0.000000 0.000000 1.000000
0.733008 0.057543 -0.677781 -0.199559 0.001374 0.996288 0.086070 93.883202 0.680218 -0.064021 0.730208 0.365638 0.000000 0.000000 0.000000 1.000000
0.732795 0.057432 -0.678021 -0.203402 0.001410 0.996301 0.085916 93.889809 0.680448 -0.063915 0.730004 0.389552 0.000000 0.000000 0.000000 1.000000
0.732534 0.057286 -0.678316 -0.207714 0.001395 0.996324 0.085650 93.894516 0.680729 -0.063687 0.729762 0.401809 0.000000 0.000000 0.000000 1.000000
0.732331 0.057140 -0.678547 -0.213032 0.001324 0.996352 0.085330 93.897644 0.680947 -0.063388 0.729584 0.404255 0.000000 0.000000 0.000000 1.000000
0.732200 0.057052 -0.678696 -0.218560 0.001197 0.996376 0.085049 93.896545 0.681089 -0.063085 0.729478 0.398450 0.000000 0.000000 0.000000 1.000000
0.732118 0.056961 -0.678792 -0.222700 0.001117 0.996396 0.084817 93.887070 0.681177 -0.062854 0.729415 0.384639 0.000000 0.000000 0.000000 1.000000
0.732118 0.056907 -0.678797 -0.224838 0.001087 0.996405 0.084706 93.867592 0.681177 -0.062753 0.729424 0.362971 0.000000 0.000000 0.000000 1.000000
0.732278 0.056928 -0.678622 -0.226198 0.001064 0.996403 0.084735 93.842056 0.681005 -0.062772 0.729583 0.334683 0.000000 0.000000 0.000000 1.000000
0.732585 0.056997 -0.678285 -0.229080 0.001008 0.996396 0.084816 93.818672 0.680675 -0.062819 0.729887 0.301995 0.000000 0.000000 0.000000 1.000000
0.732888 0.057082 -0.677950 -0.234944 0.000892 0.996393 0.084858 93.804695 0.680349 -0.062796 0.730193 0.267124 0.000000 0.000000 0.000000 1.000000
0.732980 0.056941 -0.677863 -0.242640 0.000839 0.996414 0.084606 93.801010 0.680250 -0.062583 0.730304 0.230832 0.000000 0.000000 0.000000 1.000000
0.732763 0.056630 -0.678123 -0.248982 0.000844 0.996455 0.084126 93.800720 0.680483 -0.062217 0.730118 0.192194 0.000000 0.000000 0.000000 1.000000
0.732369 0.056309 -0.678576 -0.251631 0.000875 0.996496 0.083635 93.793579 0.680907 -0.061845 0.729754 0.150385 0.000000 0.000000 0.000000 1.000000
0.732083 0.056080 -0.678904 -0.251837 0.000926 0.996523 0.083315 93.773445 0.681215 -0.061622 0.729485 0.106931 0.000000 0.000000 0.000000 1.000000
0.732099 0.055938 -0.678897 -0.253165 0.000992 0.996534 0.083179 93.742889 0.681197 -0.061569 0.729507 0.065530 0.000000 0.000000 0.000000 1.000000
0.732348 0.055815 -0.678639 -0.258089 0.001068 0.996539 0.083114 93.710815 0.680929 -0.061593 0.729754 0.029024 0.000000 0.000000 0.000000 1.000000
0.732554 0.055642 -0.678431 -0.266510 0.001175 0.996549 0.083001 93.685776 0.680708 -0.061600 0.729960 -0.002974 0.000000 0.000000 0.000000 1.000000
0.732484 0.055364 -0.678529 -0.276622 0.001313 0.996571 0.082732 93.670227 0.680783 -0.061491 0.729900 -0.033757 0.000000 0.000000 0.000000 1.000000
0.732115 0.055040 -0.678953 -0.286545 0.001456 0.996601 0.082361 93.660072 0.681179 -0.061287 0.729547 -0.067610 0.000000 0.000000 0.000000 1.000000
0.731612 0.054728 -0.679521 -0.294792 0.001588 0.996633 0.081978 93.648674 0.681719 -0.061055 0.729062 -0.107688 0.000000 0.000000 0.000000 1.000000
0.731190 0.054482 -0.679995 -0.300699 0.001664 0.996660 0.081643 93.631851 0.682172 -0.060828 0.728657 -0.154602 0.000000 0.000000 0.000000 1.000000
0.730974 0.054276 -0.680243 -0.304823 0.001686 0.996685 0.081336 93.609863 0.682403 -0.060601 0.728460 -0.206358 0.000000 0.000000 0.000000 1.000000
0.730976 0.054054 -0.680258 -0.308449 0.001688 0.996712 0.081013 93.586380 0.682401 -0.060367 0.728482 -0.259424 0.000000 0.000000 0.000000 1.000000
0.731130 0.053805 -0.680113 -0.312299 0.001692 0.996739 0.080674 93.565666 0.682236 -0.060134 0.728655 -0.310318 0.000000 0.000000 0.000000 1.000000
0.731338 0.053529 -0.679911 -0.315369 0.001723 0.996767 0.080328 93.549469 0.682013 -0.059919 0.728882 -0.356334 0.000000 0.000000 0.000000 1.000000
0.731479 0.053190 -0.679786 -0.315612 0.001822 0.996797 0.079954 93.536224 0.681862 -0.059723 0.729039 -0.395279 0.000000 0.000000 0.000000 1.000000
0.731451 0.052819 -0.679845 -0.312113 0.001968 0.996828 0.079564 93.523102 0.681891 -0.059536 0.729027 -0.425643 0.000000 0.000000 0.000000 1.000000
0.731239 0.052587 -0.680091 -0.306005 0.002032 0.996852 0.079265 93.508713 0.682119 -0.059343 0.728830 -0.447326 0.000000 0.000000 0.000000 1.000000
0.730921 0.052457 -0.680443 -0.299751 0.002036 0.996869 0.079039 93.494202 0.682459 -0.059157 0.728526 -0.462413 0.000000 0.000000 0.000000 1.000000
0.730630 0.052344 -0.680764 -0.295329 0.002040 0.996885 0.078840 93.481476 0.682771 -0.058991 0.728247 -0.474084 0.000000 0.000000 0.000000 1.000000
0.730469 0.052219 -0.680946 -0.293459 0.002043 0.996901 0.078639 93.471733 0.682942 -0.058835 0.728099 -0.485086 0.000000 0.000000 0.000000 1.000000
0.730481 0.052043 -0.680947 -0.293534 0.002047 0.996921 0.078388 93.464981 0.682930 -0.058655 0.728125 -0.496695 0.000000 0.000000 0.000000 1.000000
0.730604 0.051806 -0.680834 -0.294037 0.002051 0.996947 0.078060 93.460564 0.682799 -0.058427 0.728267 -0.509072 0.000000 0.000000 0.000000 1.000000
0.730697 0.051545 -0.680753 -0.292999 0.002055 0.996975 0.077695 93.457291 0.682699 -0.058170 0.728381 -0.521706 0.000000 0.000000 0.000000 1.000000
0.730697 0.051420 -0.680763 -0.291929 0.002057 0.996989 0.077513 93.455765 0.682699 -0.058039 0.728391 -0.527878 0.000000 0.000000 0.000000 1.000000</float_array><technique_common><accessor source="#mixamorig1_Hips-Matrix-animation-output-transform-array" count="60" stride="16"><param type="float4x4"/></accessor></technique_common></source><source id="mixamorig1_Hips-Interpolations"><Name_array id="mixamorig1_Hips-Interpolations-array" count="60">
 LINEAR LINEAR LINEAR LINEAR LINEAR LINEAR LINEAR LINEAR LINEAR LINEAR LINEAR
LINEAR LINEAR LINEAR LINEAR LINEAR LINEAR LINEAR LINEAR LINEAR LINEAR LINEAR LINEAR
LINEAR LINEAR LINEAR LINEAR LINEAR LINEAR LINEAR LINEAR LINEAR LINEAR LINEAR LINEAR
LINEAR LINEAR LINEAR LINEAR LINEAR LINEAR LINEAR LINEAR LINEAR LINEAR LINEAR LINEAR
LINEAR LINEAR LINEAR LINEAR LINEAR LINEAR LINEAR LINEAR LINEAR LINEAR LINEAR LINEAR
LINEAR</Name_array><technique_common><accessor source="#mixamorig1_Hips-Interpolations-array" count="60"><param type="name"/></accessor></technique_common></source><sampler id="mixamorig1_Hips-Matrix-animation-transform"><input semantic="INPUT" source="#mixamorig1_Hips-Matrix-animation-input"/><input semantic="OUTPUT" source="#mixamorig1_Hips-Matrix-animation-output-transform"/><input semantic="INTERPOLATION" source="#mixamorig1_Hips-Interpolations"/></sampler><channel source="#mixamorig1_Hips-Matrix-animation-transform" target="mixamorig1_Hips/matrix"/></animation>
    <animation id="mixamorig1_Spine-anim" name="mixamorig1_Spine"><source id="mixamorig1_Spine-Matrix-animation-input"><float_array id="mixamorig1_Spine-Matrix-animation-input-array" count="60">

0.000000 0.033333 0.066667 0.100000 0.133333 0.166667 0.200000 0.233333 0.266667 0.300000 0.333333 0.366667 0.400000 0.433333 0.466667 0.500000
0.533333 0.566667 0.600000 0.633333 0.666667 0.700000 0.733333 0.766667 0.800000 0.833333 0.866667 0.900000 0.933333 0.966667 1.000000 1.033333
1.066667 1.100000 1.133333 1.166667 1.200000 1.233333 1.266667 1.300000 1.333333 1.366667 1.400000 1.433333 1.466667 1.500000 1.533333 1.566667
1.600000 1.633333 1.666667 1.700000 1.733333 1.766667 1.800000 1.833333 1.866667 1.900000 1.933333 1.966667</float_array><technique_common><accessor source="#mixamorig1_Spine-Matrix-animation-input-array" count="60"><param name="TIME" type="float"/></accessor></technique_common></source><source id="mixamorig1_Spine-Matrix-animation-output-transform"><float_array id="mixamorig1_Spine-Matrix-animation-output-transform-array" count="960">

0.996682 0.011475 0.080587 0.000000 -0.013080 0.999726 0.019419 9.717300 -0.080342 -0.020409 0.996558 -1.180200 0.000000 0.000000 0.000000 1.000000
0.996681 0.011467 0.080591 0.000000 -0.013077 0.999725 0.019470 9.717300 -0.080345 -0.020460 0.996557 -1.180200 0.000000 0.000000 0.000000 1.000000
0.996681 0.011441 0.080595 0.000000 -0.013059 0.999723 0.019579 9.717300 -0.080349 -0.020566 0.996555 -1.180200 0.000000 0.000000 0.000000 1.000000
0.996686 0.011377 0.080545 0.000000 -0.013007 0.999720 0.019748 9.717300 -0.080298 -0.020730 0.996555 -1.180200 0.000000 0.000000 0.000000 1.000000
0.996697 0.011278 0.080421 0.000000 -0.012925 0.999717 0.019979 9.717300 -0.080173 -0.020952 0.996561 -1.180200 0.000000 0.000000 0.000000 1.000000
0.996721 0.011120 0.080151 0.000000 -0.012783 0.999713 0.020265 9.717300 -0.079902 -0.021223 0.996577 -1.180200 0.000000 0.000000 0.000000 1.000000
0.996745 0.010966 0.079873 -0.000000 -0.012648 0.999708 0.020588 9.717300 -0.079624 -0.021531 0.996592 -1.180200 0.000000 0.000000 0.000000 1.000000
0.996759 0.010831 0.079710 -0.000000 -0.012539 0.999702 0.020958 9.717300 -0.079460 -0.021890 0.996598 -1.180200 0.000000 0.000000 0.000000 1.000000
0.996764 0.010710 0.079672 -0.000000 -0.012450 0.999694 0.021386 9.717300 -0.079419 -0.022309 0.996592 -1.180200 0.000000 0.000000 0.000000 1.000000
0.996761 0.010598 0.079726 -0.000000 -0.012379 0.999684 0.021882 9.717300 -0.079469 -0.022798 0.996577 -1.180200 0.000000 0.000000 0.000000 1.000000
0.996754 0.010487 0.079826 -0.000000 -0.012312 0.999673 0.022403 9.717300 -0.079565 -0.023313 0.996557 -1.180200 0.000000 0.000000 0.000000 1.000000
0.996746 0.010370 0.079937 -0.000000 -0.012236 0.999663 0.022892 9.717300 -0.079672 -0.023796 0.996537 -1.180200 0.000000 0.000000 0.000000 1.000000
0.996742 0.010236 0.080001 0.000000 -0.012139 0.999654 0.023329 9.717300 -0.079735 -0.024225 0.996522 -1.180200 0.000000 0.000000 0.000000 1.000000
0.996748 0.010084 0.079950 0.000000 -0.012017 0.999646 0.023737 9.717300 -0.079682 -0.024621 0.996516 -1.180200 0.000000 0.000000 0.000000 1.000000
0.996764 0.009907 0.079773 -0.000000 -0.011868 0.999638 0.024156 9.717300 -0.079505 -0.025024 0.996520 -1.180200 0.000000 0.000000 0.000000 1.000000
0.996780 0.009721 0.079599 0.000000 -0.011714 0.999628 0.024614 9.717300 -0.079330 -0.025467 0.996523 -1.180200 0.000000 0.000000 0.000000 1.000000
0.996786 0.009539 0.079541 0.000000 -0.011569 0.999618 0.025104 9.717300 -0.079271 -0.025943 0.996515 -1.180200 0.000000 0.000000 0.000000 1.000000
0.996782 0.009387 0.079609 0.000000 -0.011458 0.999607 0.025593 9.717300 -0.079338 -0.026423 0.996498 -1.180200 0.000000 0.000000 0.000000 1.000000
0.996774 0.009264 0.079724 -0.000000 -0.011374 0.999596 0.026049 9.717300 -0.079451 -0.026872 0.996477 -1.180200 0.000000 0.000000 0.000000 1.000000
0.996770 0.009151 0.079791 -0.000000 -0.011294 0.999587 0.026443 9.717300 -0.079516 -0.027259 0.996461 -1.180200 0.000000 0.000000 0.000000 1.000000
0.996772 0.009044 0.079777 0.000000 -0.011214 0.999578 0.026800 9.717300 -0.079501 -0.027608 0.996452 -1.180200 0.000000 0.000000 0.000000 1.000000
0.996778 0.008952 0.079712 0.000000 -0.011147 0.999570 0.027137 9.717300 -0.079434 -0.027938 0.996449 -1.180200 0.000000 0.000000 0.000000 1.000000
0.996783 0.008877 0.079651 0.000000 -0.011097 0.999561 0.027467 9.717300 -0.079372 -0.028262 0.996444 -1.180200 0.000000 0.000000 0.000000 1.000000
0.996785 0.008818 0.079630 -0.000000 -0.011061 0.999553 0.027772 9.717300 -0.079350 -0.028563 0.996438 -1.180200 0.000000 0.000000 0.000000 1.000000
0.996785 0.008776 0.079640 0.000000 -0.011039 0.999546 0.028023 9.717300 -0.079358 -0.028812 0.996430 -1.180200 0.000000 0.000000 0.000000 1.000000
0.996782 0.008758 0.079677 0.000000 -0.011035 0.999542 0.028192 9.717300 -0.079394 -0.028981 0.996422 -1.180200 0.000000 0.000000 0.000000 1.000000
0.996778 0.008775 0.079724 0.000000 -0.011058 0.999540 0.028244 9.717300 -0.079440 -0.029034 0.996417 -1.180200 0.000000 0.000000 0.000000 1.000000
0.996774 0.008834 0.079770 -0.000000 -0.011111 0.999542 0.028154 9.717300 -0.079485 -0.028950 0.996416 -1.180200 0.000000 0.000000 0.000000 1.000000
0.996770 0.008916 0.079813 -0.000000 -0.011179 0.999547 0.027949 9.717300 -0.079528 -0.028751 0.996418 -1.180200 0.000000 0.000000 0.000000 1.000000
0.996766 0.009007 0.079858 0.000000 -0.011251 0.999553 0.027693 9.717300 -0.079573 -0.028502 0.996422 -1.180200 0.000000 0.000000 0.000000 1.000000
0.996761 0.009097 0.079900 0.000000 -0.011320 0.999560 0.027412 9.717300 -0.079615 -0.028228 0.996426 -1.180200 0.000000 0.000000 0.000000 1.000000
0.996760 0.009181 0.079909 0.000000 -0.011378 0.999569 0.027073 9.717300 -0.079626 -0.027894 0.996434 -1.180200 0.000000 0.000000 0.000000 1.000000
0.996762 0.009260 0.079871 -0.000000 -0.011421 0.999580 0.026653 9.717300 -0.079591 -0.027479 0.996449 -1.180200 0.000000 0.000000 0.000000 1.000000
0.996766 0.009334 0.079812 0.000000 -0.011460 0.999591 0.026216 9.717300 -0.079534 -0.027046 0.996465 -1.180200 0.000000 0.000000 0.000000 1.000000
0.996768 0.009411 0.079777 -0.000000 -0.011505 0.999600 0.025820 9.717300 -0.079502 -0.026654 0.996478 -1.180200 0.000000 0.000000 0.000000 1.000000
0.996765 0.009505 0.079808 0.000000 -0.011573 0.999608 0.025480 9.717300 -0.079534 -0.026321 0.996485 -1.180200 0.000000 0.000000 0.000000 1.000000
0.996758 0.009615 0.079887 -0.000000 -0.011659 0.999615 0.025160 9.717300 -0.079615 -0.026010 0.996486 -1.180200 0.000000 0.000000 0.000000 1.000000
0.996750 0.009730 0.079962 0.000000 -0.011750 0.999623 0.024827 9.717300 -0.079690 -0.025686 0.996489 -1.180200 0.000000 0.000000 0.000000 1.000000
0.996748 0.009826 0.079982 0.000000 -0.011816 0.999631 0.024446 9.717300 -0.079713 -0.025311 0.996496 -1.180200 0.000000 0.000000 0.000000 1.000000
0.996750 0.009884 0.079946 -0.000000 -0.011841 0.999641 0.024046 9.717300 -0.079680 -0.024914 0.996509 -1.180200 0.000000 0.000000 0.000000 1.000000
0.996754 0.009955 0.079895 -0.000000 -0.011882 0.999649 0.023680 9.717300 -0.079631 -0.024553 0.996522 -1.180200 0.000000 0.000000 0.000000 1.000000
0.996754 0.010051 0.079882 -0.000000 -0.011954 0.999655 0.023376 9.717300 -0.079619 -0.024255 0.996530 -1.180200 0.000000 0.000000 0.000000 1.000000
0.996748 0.010165 0.079934 0.000000 -0.012048 0.999660 0.023114 9.717300 -0.079672 -0.024002 0.996532 -1.180200 0.000000 0.000000 0.000000 1.000000
0.996739 0.010292 0.080039 -0.000000 -0.012157 0.999665 0.022850 9.717300 -0.079777 -0.023749 0.996530 -1.180200 0.000000 0.000000 0.000000 1.000000
0.996726 0.010429 0.080172 -0.000000 -0.012274 0.999670 0.022556 9.717300 -0.079911 -0.023466 0.996526 -1.180200 0.000000 0.000000 0.000000 1.000000
0.996715 0.010557 0.080301 -0.000000 -0.012380 0.999676 0.022240 9.717300 -0.080040 -0.023161 0.996523 -1.180200 0.000000 0.000000 0.000000 1.000000
0.996707 0.010672 0.080386 -0.000000 -0.012471 0.999682 0.021911 9.717300 -0.080126 -0.022841 0.996523 -1.180200 0.000000 0.000000 0.000000 1.000000
0.996702 0.010776 0.080428 0.000000 -0.012551 0.999688 0.021587 9.717300 -0.080170 -0.022525 0.996527 -1.180200 0.000000 0.000000 0.000000 1.000000
0.996700 0.010871 0.080441 -0.000000 -0.012621 0.999694 0.021274 9.717300 -0.080185 -0.022219 0.996532 -1.180200 0.000000 0.000000 0.000000 1.000000
0.996699 0.010957 0.080446 -0.000000 -0.012684 0.999699 0.020979 9.717300 -0.080192 -0.021930 0.996538 -1.180200 0.000000 0.000000 0.000000 1.000000
0.996697 0.011037 0.080451 0.000000 -0.012741 0.999704 0.020704 9.717300 -0.080198 -0.021660 0.996544 -1.180200 0.000000 0.000000 0.000000 1.000000
0.996695 0.011108 0.080469 0.000000 -0.012793 0.999709 0.020451 9.717300 -0.080218 -0.021413 0.996547 -1.180200 0.000000 0.000000 0.000000 1.000000
0.996691 0.011156 0.080514 0.000000 -0.012824 0.999713 0.020229 9.717300 -0.080265 -0.021194 0.996548 -1.180200 0.000000 0.000000 0.000000 1.000000
0.996686 0.011181 0.080569 0.000000 -0.012834 0.999717 0.020039 9.717300 -0.080322 -0.021006 0.996548 -1.180200 0.000000 0.000000 0.000000 1.000000
0.996683 0.011204 0.080608 -0.000000 -0.012845 0.999720 0.019871 9.717300 -0.080363 -0.020840 0.996548 -1.180200 0.000000 0.000000 0.000000 1.000000
0.996682 0.011248 0.080619 -0.000000 -0.012878 0.999723 0.019718 9.717300 -0.080375 -0.020691 0.996550 -1.180200 0.000000 0.000000 0.000000 1.000000
0.996681 0.011297 0.080615 0.000000 -0.012916 0.999725 0.019591 9.717300 -0.080371 -0.020567 0.996553 -1.180200 0.000000 0.000000 0.000000 1.000000
0.996681 0.011339 0.080610 -0.000000 -0.012950 0.999726 0.019490 9.717300 -0.080367 -0.020469 0.996555 -1.180200 0.000000 0.000000 0.000000 1.000000
0.996681 0.011365 0.080609 -0.000000 -0.012968 0.999728 0.019398 9.717300 -0.080367 -0.020379 0.996557 -1.180200 0.000000 0.000000 0.000000 1.000000
0.996681 0.011376 0.080609 0.000000 -0.012976 0.999728 0.019359 9.717300 -0.080367 -0.020341 0.996558 -1.180200 0.000000 0.000000 0.000000 1.000000</float_array><technique_common><accessor source="#mixamorig1_Spine-Matrix-animation-output-transform-array" count="60" stride="16"><param type="float4x4"/></accessor></technique_common></source><source id="mixamorig1_Spine-Interpolations"><Name_array id="mixamorig1_Spine-Interpolations-array" count="60">
 LINEAR LINEAR LINEAR LINEAR LINEAR LINEAR LINEAR LINEAR LINEAR LINEAR LINEAR
LINEAR LINEAR LINEAR LINEAR LINEAR LINEAR LINEAR LINEAR LINEAR LINEAR LINEAR LINEAR
LINEAR LINEAR LINEAR LINEAR LINEAR LINEAR LINEAR LINEAR LINEAR LINEAR LINEAR LINEAR
LINEAR LINEAR LINEAR LINEAR LINEAR LINEAR LINEAR LINEAR LINEAR LINEAR LINEAR LINEAR
LINEAR LINEAR LINEAR LINEAR LINEAR LINEAR LINEAR LINEAR LINEAR LINEAR LINEAR LINEAR
LINEAR</Name_array><technique_common><accessor source="#mixamorig1_Spine-Interpolations-array" count="60"><param type="name"/></accessor></technique_common></source><sampler id="mixamorig1_Spine-Matrix-animation-transform"><input semantic="INPUT" source="#mixamorig1_Spine-Matrix-animation-input"/><input semantic="OUTPUT" source="#mixamorig1_Spine-Matrix-animation-output-transform"/><input semantic="INTERPOLATION" source="#mixamorig1_Spine-Interpolations"/></sampler><channel source="#mixamorig1_Spine-Matrix-animation-transform" target="mixamorig1_Spine/matrix"/></animation>
    <animation id="mixamorig1_Spine1-anim" name="mixamorig1_Spine1"><source id="mixamorig1_Spine1-Matrix-animation-input"><float_array id="mixamorig1_Spine1-Matrix-animation-input-array" count="60">

0.000000 0.033333 0.066667 0.100000 0.133333 0.166667 0.200000 0.233333 0.266667 0.300000 0.333333 0.366667 0.400000 0.433333 0.466667 0.500000
0.533333 0.566667 0.600000 0.633333 0.666667 0.700000 0.733333 0.766667 0.800000 0.833333 0.866667 0.900000 0.933333 0.966667 1.000000 1.033333
1.066667 1.100000 1.133333 1.166667 1.200000 1.233333 1.266667 1.300000 1.333333 1.366667 1.400000 1.433333 1.466667 1.500000 1.533333 1.566667
1.600000 1.633333 1.666667 1.700000 1.733333 1.766667 1.800000 1.833333 1.866667 1.900000 1.933333 1.966667</float_array><technique_common><accessor source="#mixamorig1_Spine1-Matrix-animation-input-array" count="60"><param name="TIME" type="float"/></accessor></technique_common></source><source id="mixamorig1_Spine1-Matrix-animation-output-transform"><float_array id="mixamorig1_Spine1-Matrix-animation-output-transform-array" count="960">

0.986184 0.033786 0.162171 -0.000000 -0.000511 0.979596 -0.200977 11.420100 -0.165652 0.198118 0.966079 0.000000 0.000000 0.000000 0.000000 1.000000
0.986184 0.033756 0.162176 0.000000 -0.000498 0.979617 -0.200875 11.420100 -0.165651 0.198019 0.966099 0.000000 0.000000 0.000000 0.000000 1.000000
0.986185 0.033686 0.162185 0.000000 -0.000463 0.979661 -0.200660 11.420100 -0.165646 0.197813 0.966143 0.000000 0.000000 0.000000 0.000000 1.000000
0.986204 0.033553 0.162099 0.000000 -0.000406 0.979729 -0.200329 11.420100 -0.165535 0.197499 0.966226 -0.000000 0.000000 0.000000 0.000000 1.000000
0.986247 0.033354 0.161876 0.000000 -0.000331 0.979821 -0.199877 11.420100 -0.165276 0.197075 0.966357 0.000000 0.000000 0.000000 0.000000 1.000000
0.986341 0.033020 0.161375 0.000000 -0.000195 0.979935 -0.199319 11.420100 -0.164719 0.196565 0.966556 0.000000 0.000000 0.000000 0.000000 1.000000
0.986435 0.032682 0.160863 0.000000 -0.000070 0.980063 -0.198687 11.420100 -0.164150 0.195980 0.966771 0.000000 0.000000 0.000000 0.000000 1.000000
0.986492 0.032385 0.160577 -0.000000 0.000045 0.980210 -0.197959 11.420100 -0.163810 0.195293 0.966968 0.000000 0.000000 0.000000 0.000000 1.000000
0.986508 0.032120 0.160533 0.000000 0.000156 0.980380 -0.197118 11.420100 -0.163715 0.194483 0.967147 0.000000 0.000000 0.000000 0.000000 1.000000
0.986494 0.031879 0.160666 0.000000 0.000257 0.980576 -0.196141 11.420100 -0.163798 0.193534 0.967324 0.000000 0.000000 0.000000 0.000000 1.000000
0.986465 0.031641 0.160890 -0.000000 0.000364 0.980780 -0.195115 11.420100 -0.163971 0.192532 0.967494 0.000000 0.000000 0.000000 0.000000 1.000000
0.986433 0.031392 0.161133 0.000000 0.000496 0.980972 -0.194149 11.420100 -0.164162 0.191595 0.967648 0.000000 0.000000 0.000000 0.000000 1.000000
0.986418 0.031105 0.161284 -0.000000 0.000664 0.981143 -0.193284 11.420100 -0.164255 0.190766 0.967796 0.000000 0.000000 0.000000 0.000000 1.000000
0.986440 0.030766 0.161215 0.000000 0.000851 0.981301 -0.192477 11.420100 -0.164122 0.190004 0.967968 -0.000000 0.000000 0.000000 0.000000 1.000000
0.986502 0.030378 0.160907 -0.000000 0.001037 0.981462 -0.191652 11.420100 -0.163746 0.189232 0.968183 0.000000 0.000000 0.000000 0.000000 1.000000
0.986563 0.029983 0.160604 -0.000000 0.001219 0.981638 -0.190750 11.420100 -0.163374 0.188382 0.968412 0.000000 0.000000 0.000000 0.000000 1.000000
0.986587 0.029614 0.160527 0.000000 0.001408 0.981825 -0.189784 11.420100 -0.163230 0.187465 0.968614 0.000000 0.000000 0.000000 0.000000 1.000000
0.986569 0.029317 0.160692 0.000000 0.001574 0.982011 -0.188820 11.420100 -0.163337 0.186536 0.968775 0.000000 0.000000 0.000000 0.000000 1.000000
0.986537 0.029076 0.160935 0.000000 0.001708 0.982183 -0.187919 11.420100 -0.163532 0.185664 0.968910 0.000000 0.000000 0.000000 0.000000 1.000000
0.986519 0.028849 0.161087 -0.000000 0.001831 0.982332 -0.187140 11.420100 -0.163639 0.184912 0.969036 0.000000 0.000000 0.000000 0.000000 1.000000
0.986527 0.028623 0.161078 0.000000 0.001936 0.982465 -0.186437 11.420100 -0.163590 0.184237 0.969172 -0.000000 0.000000 0.000000 0.000000 1.000000
0.986550 0.028423 0.160970 -0.000000 0.002002 0.982590 -0.185774 11.420100 -0.163448 0.183598 0.969318 0.000000 0.000000 0.000000 0.000000 1.000000
0.986570 0.028258 0.160874 -0.000000 0.002040 0.982713 -0.185127 11.420100 -0.163324 0.182969 0.969458 0.000000 0.000000 0.000000 0.000000 1.000000
0.986578 0.028126 0.160852 -0.000000 0.002066 0.982825 -0.184527 11.420100 -0.163280 0.182382 0.969575 -0.000000 0.000000 0.000000 0.000000 1.000000
0.986575 0.028029 0.160886 -0.000000 0.002086 0.982918 -0.184032 11.420100 -0.163296 0.181897 0.969664 0.000000 0.000000 0.000000 0.000000 1.000000
0.986563 0.027985 0.160965 0.000000 0.002088 0.982980 -0.183699 11.420100 -0.163367 0.181567 0.969714 0.000000 0.000000 0.000000 0.000000 1.000000
0.986547 0.028023 0.161056 0.000000 0.002050 0.982999 -0.183599 11.420100 -0.163463 0.181460 0.969718 -0.000000 0.000000 0.000000 0.000000 1.000000
0.986530 0.028155 0.161136 0.000000 0.001964 0.982966 -0.183779 11.420100 -0.163566 0.181620 0.969670 0.000000 0.000000 0.000000 0.000000 1.000000
0.986514 0.028347 0.161206 -0.000000 0.001855 0.982890 -0.184185 11.420100 -0.163669 0.182000 0.969582 -0.000000 0.000000 0.000000 0.000000 1.000000
0.986495 0.028565 0.161280 0.000000 0.001738 0.982794 -0.184695 11.420100 -0.163780 0.182481 0.969472 0.000000 0.000000 0.000000 0.000000 1.000000
0.986478 0.028774 0.161345 0.000000 0.001636 0.982690 -0.185251 11.420100 -0.163883 0.183010 0.969355 0.000000 0.000000 0.000000 0.000000 1.000000
0.986473 0.028966 0.161345 0.000000 0.001557 0.982564 -0.185921 11.420100 -0.163918 0.183657 0.969227 0.000000 0.000000 0.000000 0.000000 1.000000
0.986482 0.029148 0.161256 -0.000000 0.001500 0.982407 -0.186748 11.420100 -0.163862 0.184466 0.969083 0.000000 0.000000 0.000000 0.000000 1.000000
0.986498 0.029323 0.161125 -0.000000 0.001446 0.982243 -0.187610 11.420100 -0.163765 0.185310 0.968938 0.000000 0.000000 0.000000 0.000000 1.000000
0.986506 0.029510 0.161045 0.000000 0.001377 0.982093 -0.188392 11.420100 -0.163721 0.186072 0.968800 0.000000 0.000000 0.000000 0.000000 1.000000
0.986493 0.029722 0.161086 0.000000 0.001287 0.981964 -0.189063 11.420100 -0.163800 0.186717 0.968662 -0.000000 0.000000 0.000000 0.000000 1.000000
0.986464 0.029959 0.161220 -0.000000 0.001183 0.981843 -0.189692 11.420100 -0.163976 0.187315 0.968517 0.000000 0.000000 0.000000 0.000000 1.000000
0.986437 0.030202 0.161338 0.000000 0.001075 0.981716 -0.190349 11.420100 -0.164137 0.187940 0.968368 -0.000000 0.000000 0.000000 0.000000 1.000000
0.986429 0.030402 0.161351 0.000000 0.001006 0.981571 -0.191097 11.420100 -0.164187 0.188666 0.968219 0.000000 0.000000 0.000000 0.000000 1.000000
0.986439 0.030527 0.161262 0.000000 0.000997 0.981418 -0.191881 11.420100 -0.164123 0.189440 0.968079 0.000000 0.000000 0.000000 0.000000 1.000000
0.986454 0.030676 0.161145 0.000000 0.000948 0.981277 -0.192601 11.420100 -0.164036 0.190144 0.967955 0.000000 0.000000 0.000000 0.000000 1.000000
0.986455 0.030869 0.161103 0.000000 0.000849 0.981159 -0.193200 11.420100 -0.164032 0.190720 0.967843 0.000000 0.000000 0.000000 0.000000 1.000000
0.986434 0.031099 0.161186 0.000000 0.000724 0.981057 -0.193717 11.420100 -0.164157 0.191205 0.967726 0.000000 0.000000 0.000000 0.000000 1.000000
0.986397 0.031355 0.161365 0.000000 0.000593 0.980955 -0.194235 11.420100 -0.164382 0.191689 0.967592 -0.000000 0.000000 0.000000 0.000000 1.000000
0.986350 0.031634 0.161597 0.000000 0.000460 0.980840 -0.194814 11.420100 -0.164664 0.192229 0.967437 0.000000 0.000000 0.000000 0.000000 1.000000
0.986305 0.031900 0.161819 0.000000 0.000345 0.980717 -0.195434 11.420100 -0.164933 0.192814 0.967274 0.000000 0.000000 0.000000 0.000000 1.000000
0.986274 0.032138 0.161959 0.000000 0.000246 0.980588 -0.196080 11.420100 -0.165117 0.193428 0.967120 0.000000 0.000000 0.000000 0.000000 1.000000
0.986257 0.032356 0.162019 0.000000 0.000150 0.980460 -0.196716 11.420100 -0.165218 0.194037 0.966981 0.000000 0.000000 0.000000 0.000000 1.000000
0.986249 0.032552 0.162026 0.000000 0.000062 0.980337 -0.197332 11.420100 -0.165264 0.194629 0.966854 0.000000 0.000000 0.000000 0.000000 1.000000
0.986245 0.032729 0.162017 -0.000000 -0.000016 0.980220 -0.197912 11.420100 -0.165290 0.195187 0.966737 0.000000 0.000000 0.000000 0.000000 1.000000
0.986241 0.032884 0.162010 0.000000 -0.000080 0.980111 -0.198452 11.420100 -0.165313 0.195708 0.966628 0.000000 0.000000 0.000000 0.000000 1.000000
0.986234 0.033020 0.162026 -0.000000 -0.000127 0.980010 -0.198946 11.420100 -0.165356 0.196187 0.966524 -0.000000 0.000000 0.000000 0.000000 1.000000
0.986218 0.033118 0.162100 0.000000 -0.000135 0.979922 -0.199379 11.420100 -0.165448 0.196610 0.966422 -0.000000 0.000000 0.000000 0.000000 1.000000
0.986201 0.033177 0.162193 0.000000 -0.000112 0.979847 -0.199749 11.420100 -0.165551 0.196975 0.966330 0.000000 0.000000 0.000000 0.000000 1.000000
0.986188 0.033232 0.162260 0.000000 -0.000097 0.979780 -0.200076 11.420100 -0.165628 0.197297 0.966251 0.000000 0.000000 0.000000 0.000000 1.000000
0.986184 0.033327 0.162269 0.000000 -0.000138 0.979719 -0.200376 11.420100 -0.165656 0.197585 0.966187 0.000000 0.000000 0.000000 0.000000 1.000000
0.986183 0.033427 0.162250 0.000000 -0.000198 0.979668 -0.200628 11.420100 -0.165658 0.197823 0.966138 0.000000 0.000000 0.000000 0.000000 1.000000
0.986183 0.033513 0.162233 0.000000 -0.000252 0.979627 -0.200827 11.420100 -0.165658 0.198011 0.966100 0.000000 0.000000 0.000000 0.000000 1.000000
0.986183 0.033566 0.162225 0.000000 -0.000276 0.979589 -0.201008 11.420100 -0.165661 0.198186 0.966063 0.000000 0.000000 0.000000 0.000000 1.000000
0.986182 0.033588 0.162222 0.000000 -0.000285 0.979574 -0.201084 11.420100 -0.165662 0.198259 0.966048 -0.000000 0.000000 0.000000 0.000000 1.000000</float_array><technique_common><accessor source="#mixamorig1_Spine1-Matrix-animation-output-transform-array" count="60" stride="16"><param type="float4x4"/></accessor></technique_common></source><source id="mixamorig1_Spine1-Interpolations"><Name_array id="mixamorig1_Spine1-Interpolations-array" count="60">
 LINEAR LINEAR LINEAR LINEAR LINEAR LINEAR LINEAR LINEAR LINEAR LINEAR LINEAR
LINEAR LINEAR LINEAR LINEAR LINEAR LINEAR LINEAR LINEAR LINEAR LINEAR LINEAR LINEAR
LINEAR LINEAR LINEAR LINEAR LINEAR LINEAR LINEAR LINEAR LINEAR LINEAR LINEAR LINEAR
LINEAR LINEAR LINEAR LINEAR LINEAR LINEAR LINEAR LINEAR LINEAR LINEAR LINEAR LINEAR
LINEAR LINEAR LINEAR LINEAR LINEAR LINEAR LINEAR LINEAR LINEAR LINEAR LINEAR LINEAR
LINEAR</Name_array><technique_common><accessor source="#mixamorig1_Spine1-Interpolations-array" count="60"><param type="name"/></accessor></technique_common></source><sampler id="mixamorig1_Spine1-Matrix-animation-transform"><input semantic="INPUT" source="#mixamorig1_Spine1-Matrix-animation-input"/><input semantic="OUTPUT" source="#mixamorig1_Spine1-Matrix-animation-output-transform"/><input semantic="INTERPOLATION" source="#mixamorig1_Spine1-Interpolations"/></sampler><channel source="#mixamorig1_Spine1-Matrix-animation-transform" target="mixamorig1_Spine1/matrix"/></animation>
    <animation id="mixamorig1_Spine2-anim" name="mixamorig1_Spine2"><source id="mixamorig1_Spine2-Matrix-animation-input"><float_array id="mixamorig1_Spine2-Matrix-animation-input-array" count="60">

0.000000 0.033333 0.066667 0.100000 0.133333 0.166667 0.200000 0.233333 0.266667 0.300000 0.333333 0.366667 0.400000 0.433333 0.466667 0.500000
0.533333 0.566667 0.600000 0.633333 0.666667 0.700000 0.733333 0.766667 0.800000 0.833333 0.866667 0.900000 0.933333 0.966667 1.000000 1.033333
1.066667 1.100000 1.133333 1.166667 1.200000 1.233333 1.266667 1.300000 1.333333 1.366667 1.400000 1.433333 1.466667 1.500000 1.533333 1.566667
1.600000 1.633333 1.666667 1.700000 1.733333 1.766667 1.800000 1.833333 1.866667 1.900000 1.933333 1.966667</float_array><technique_common><accessor source="#mixamorig1_Spine2-Matrix-animation-input-array" count="60"><param name="TIME" type="float"/></accessor></technique_common></source><source id="mixamorig1_Spine2-Matrix-animation-output-transform"><float_array id="mixamorig1_Spine2-Matrix-animation-output-transform-array" count="960">

0.986184 0.033786 0.162171 0.000000 -0.000511 0.979596 -0.200977 13.051600 -0.165652 0.198117 0.966079 0.000000 0.000000 0.000000 0.000000 1.000000
0.986184 0.033756 0.162176 0.000000 -0.000498 0.979617 -0.200875 13.051600 -0.165651 0.198019 0.966099 -0.000000 0.000000 0.000000 0.000000 1.000000
0.986185 0.033686 0.162186 0.000000 -0.000463 0.979661 -0.200660 13.051600 -0.165646 0.197813 0.966143 0.000000 0.000000 0.000000 0.000000 1.000000
0.986204 0.033553 0.162099 0.000000 -0.000406 0.979729 -0.200329 13.051600 -0.165534 0.197499 0.966226 0.000000 0.000000 0.000000 0.000000 1.000000
0.986247 0.033354 0.161875 0.000000 -0.000331 0.979821 -0.199877 13.051600 -0.165275 0.197075 0.966357 0.000000 0.000000 0.000000 0.000000 1.000000
0.986341 0.033020 0.161375 0.000000 -0.000195 0.979935 -0.199319 13.051600 -0.164719 0.196565 0.966556 0.000000 0.000000 0.000000 0.000000 1.000000
0.986435 0.032682 0.160864 0.000000 -0.000070 0.980063 -0.198687 13.051600 -0.164150 0.195980 0.966771 0.000000 0.000000 0.000000 0.000000 1.000000
0.986492 0.032384 0.160577 0.000000 0.000045 0.980210 -0.197959 13.051600 -0.163810 0.195293 0.966968 0.000000 0.000000 0.000000 0.000000 1.000000
0.986508 0.032120 0.160533 0.000000 0.000156 0.980380 -0.197118 13.051600 -0.163714 0.194483 0.967147 0.000000 0.000000 0.000000 0.000000 1.000000
0.986494 0.031879 0.160666 -0.000000 0.000257 0.980576 -0.196141 13.051600 -0.163798 0.193534 0.967324 0.000000 0.000000 0.000000 0.000000 1.000000
0.986465 0.031641 0.160889 0.000000 0.000364 0.980780 -0.195115 13.051600 -0.163971 0.192532 0.967494 0.000000 0.000000 0.000000 0.000000 1.000000
0.986433 0.031392 0.161133 0.000000 0.000496 0.980972 -0.194149 13.051600 -0.164162 0.191595 0.967648 -0.000000 0.000000 0.000000 0.000000 1.000000
0.986418 0.031105 0.161284 0.000000 0.000664 0.981143 -0.193284 13.051600 -0.164255 0.190766 0.967796 -0.000000 0.000000 0.000000 0.000000 1.000000
0.986440 0.030766 0.161215 0.000000 0.000851 0.981301 -0.192477 13.051600 -0.164123 0.190004 0.967968 0.000000 0.000000 0.000000 0.000000 1.000000
0.986502 0.030378 0.160907 -0.000000 0.001037 0.981462 -0.191652 13.051600 -0.163746 0.189232 0.968183 -0.000000 0.000000 0.000000 0.000000 1.000000
0.986563 0.029983 0.160604 0.000000 0.001219 0.981638 -0.190750 13.051600 -0.163374 0.188382 0.968412 0.000000 0.000000 0.000000 0.000000 1.000000
0.986587 0.029614 0.160527 0.000000 0.001408 0.981825 -0.189784 13.051600 -0.163230 0.187465 0.968614 -0.000000 0.000000 0.000000 0.000000 1.000000
0.986569 0.029317 0.160692 0.000000 0.001574 0.982011 -0.188820 13.051600 -0.163337 0.186536 0.968775 0.000000 0.000000 0.000000 0.000000 1.000000
0.986537 0.029076 0.160935 -0.000000 0.001708 0.982183 -0.187919 13.051600 -0.163532 0.185663 0.968910 0.000000 0.000000 0.000000 0.000000 1.000000
0.986519 0.028849 0.161087 0.000000 0.001831 0.982332 -0.187140 13.051600 -0.163639 0.184912 0.969036 0.000000 0.000000 0.000000 0.000000 1.000000
0.986527 0.028622 0.161078 0.000000 0.001936 0.982465 -0.186437 13.051600 -0.163590 0.184237 0.969172 0.000000 0.000000 0.000000 0.000000 1.000000
0.986550 0.028423 0.160970 0.000000 0.002003 0.982590 -0.185774 13.051600 -0.163448 0.183598 0.969318 0.000000 0.000000 0.000000 0.000000 1.000000
0.986570 0.028258 0.160874 0.000000 0.002040 0.982713 -0.185126 13.051600 -0.163324 0.182968 0.969458 0.000000 0.000000 0.000000 0.000000 1.000000
0.986578 0.028126 0.160852 -0.000000 0.002066 0.982825 -0.184527 13.051600 -0.163280 0.182382 0.969575 0.000000 0.000000 0.000000 0.000000 1.000000
0.986575 0.028029 0.160886 0.000000 0.002086 0.982918 -0.184032 13.051600 -0.163296 0.181897 0.969664 -0.000000 0.000000 0.000000 0.000000 1.000000
0.986563 0.027985 0.160966 0.000000 0.002088 0.982980 -0.183699 13.051600 -0.163367 0.181567 0.969714 0.000000 0.000000 0.000000 0.000000 1.000000
0.986547 0.028023 0.161056 0.000000 0.002050 0.982999 -0.183599 13.051600 -0.163463 0.181460 0.969718 0.000000 0.000000 0.000000 0.000000 1.000000
0.986530 0.028155 0.161136 0.000000 0.001964 0.982966 -0.183779 13.051600 -0.163566 0.181620 0.969670 -0.000000 0.000000 0.000000 0.000000 1.000000
0.986514 0.028347 0.161206 -0.000000 0.001855 0.982890 -0.184185 13.051600 -0.163669 0.182000 0.969582 0.000000 0.000000 0.000000 0.000000 1.000000
0.986495 0.028565 0.161280 0.000000 0.001738 0.982794 -0.184695 13.051600 -0.163781 0.182481 0.969472 0.000000 0.000000 0.000000 0.000000 1.000000
0.986478 0.028774 0.161345 0.000000 0.001636 0.982690 -0.185251 13.051600 -0.163883 0.183010 0.969355 0.000000 0.000000 0.000000 0.000000 1.000000
