<?xml version="1.0" encoding="utf-8"?>
<COLLADA xmlns="http://www.collada.org/2005/11/COLLADASchema" version="1.4.1">
  <asset><contributor><author>Mixamo</author><authoring_tool>COLLADA Mixamo exporter</authoring_tool><comments></comments></contributor><created>2019-12-01T02:50:19Z</created><modified>2019-12-01T02:50:19Z</modified><revision></revision><title></title><unit meter="0.010000"/><up_axis>Y_UP</up_axis></asset>
  <library_animations>
    <animation id="mixamorig1_Hips-anim" name="mixamorig1_Hips"><source id="mixamorig1_Hips-Matrix-animation-input"><float_array id="mixamorig1_Hips-Matrix-animation-input-array" count="58">

0.000000 0.033333 0.066667 0.100000 0.133333 0.166667 0.200000 0.233333 0.266667 0.300000 0.333333 0.366667 0.400000 0.433333 0.466667 0.500000
0.533333 0.566667 0.600000 0.633333 0.666667 0.700000 0.733333 0.766667 0.800000 0.833333 0.866667 0.900000 0.933333 0.966667 1.000000 1.033333
1.066667 1.100000 1.133333 1.166667 1.200000 1.233333 1.266667 1.300000 1.333333 1.366667 1.400000 1.433333 1.466667 1.500000 1.533333 1.566667
1.600000 1.633333 1.666667 1.700000 1.733333 1.766667 1.800000 1.833333 1.866667 1.900000</float_array><technique_common><accessor source="#mixamorig1_Hips-Matrix-animation-input-array" count="58"><param name="TIME" type="float"/></accessor></technique_common></source><source id="mixamorig1_Hips-Matrix-animation-output-transform"><float_array id="mixamorig1_Hips-Matrix-animation-output-transform-array" count="928">

0.730716 0.051397 -0.680744 -0.292770 0.002072 0.996990 0.077498 93.455704 0.682678 -0.058040 0.728410 -0.528448 0.000000 0.000000 0.000000 1.000000
0.729736 0.042919 -0.682381 0.122844 -0.001598 0.998132 0.061069 93.357498 0.683727 -0.043473 0.728442 -0.626895 0.000000 0.000000 0.000000 1.000000
0.721735 0.015462 -0.691997 1.429636 -0.001690 0.999787 0.020577 92.400818 0.692167 -0.013682 0.721607 -1.056735 0.000000 0.000000 0.000000 1.000000
0.698569 -0.030366 -0.714898 3.320716 -0.008450 0.998679 -0.050677 90.179413 0.715493 0.041443 0.697390 -1.703011 0.000000 0.000000 0.000000 1.000000
0.666765 -0.086175 -0.740269 5.637693 -0.025487 0.990075 -0.138211 86.400345 0.744832 0.111021 0.657951 -2.504141 0.000000 0.000000 0.000000 1.000000
0.630458 -0.142428 -0.763045 8.084017 -0.052743 0.972890 -0.225175 81.009521 0.774430 0.182208 0.605854 -3.390211 0.000000 0.000000 0.000000 1.000000
0.603409 -0.194815 -0.773269 10.240191 -0.075460 0.951398 -0.298577 74.269501 0.793854 0.238515 0.559381 -4.206925 0.000000 0.000000 0.000000 1.000000
0.597933 -0.235650 -0.766124 11.966453 -0.061598 0.939471 -0.337045 67.063614 0.799176 0.248722 0.547225 -4.716573 0.000000 0.000000 0.000000 1.000000
0.596946 -0.259400 -0.759188 12.874197 -0.023222 0.940304 -0.339543 60.866177 0.801945 0.220319 0.555287 -4.749847 0.000000 0.000000 0.000000 1.000000
0.599529 -0.243014 -0.762567 12.833874 0.001151 0.953050 -0.302812 56.960449 0.800352 0.180667 0.571661 -4.581790 0.000000 0.000000 0.000000 1.000000
0.617396 -0.178552 -0.766121 11.923412 0.010781 0.975729 -0.218716 55.740337 0.786578 0.126775 0.604337 -4.411790 0.000000 0.000000 0.000000 1.000000
0.644289 -0.109055 -0.756967 9.949747 0.019915 0.991838 -0.125943 57.790001 0.764523 0.066069 0.641202 -4.337898 0.000000 0.000000 0.000000 1.000000
0.685266 -0.055087 -0.726206 7.197356 0.028105 0.998393 -0.049214 63.000046 0.727750 0.013315 0.685713 -4.659945 0.000000 0.000000 0.000000 1.000000
0.727522 0.003618 -0.686074 3.960846 0.026754 0.999076 0.033638 70.683327 0.685562 -0.042828 0.726753 -5.004584 0.000000 0.000000 0.000000 1.000000
0.760038 0.062310 -0.646885 0.076705 0.036475 0.989734 0.138189 80.784004 0.648855 -0.128624 0.749962 -4.494662 0.000000 0.000000 0.000000 1.000000
0.778136 0.091717 -0.621364 -4.208055 0.052863 0.976208 0.210295 93.077766 0.625868 -0.196485 0.754774 -3.221956 0.000000 0.000000 0.000000 1.000000
0.767263 0.086426 -0.635482 -8.040212 0.066108 0.974942 0.212410 103.934860 0.637916 -0.204985 0.742324 -2.523362 0.000000 0.000000 0.000000 1.000000
0.768610 0.040309 -0.638446 -8.821296 0.098643 0.978609 0.180539 116.215546 0.632066 -0.201743 0.748192 -2.687582 0.000000 0.000000 0.000000 1.000000
0.781397 -0.031142 -0.623257 -7.364480 0.143917 0.980824 0.131424 127.649635 0.607212 -0.192392 0.770895 -3.559749 0.000000 0.000000 0.000000 1.000000
0.771322 -0.113369 -0.626267 -5.146772 0.181478 0.982333 0.045686 137.000900 0.610024 -0.148892 0.778269 -4.684840 0.000000 0.000000 0.000000 1.000000
0.760057 -0.178929 -0.624739 -3.556389 0.226592 0.973984 -0.003283 144.295441 0.609073 -0.139065 0.780827 -6.053977 0.000000 0.000000 0.000000 1.000000
0.752871 -0.189123 -0.630410 -2.956797 0.245466 0.969402 0.002330 149.581833 0.610681 -0.156499 0.776259 -7.417962 0.000000 0.000000 0.000000 1.000000
0.757010 -0.147893 -0.636445 -2.982956 0.245998 0.966888 0.067919 152.766525 0.605327 -0.207980 0.768326 -8.350332 0.000000 0.000000 0.000000 1.000000
0.774700 -0.099347 -0.624476 -3.695551 0.258425 0.951083 0.169285 153.439377 0.577111 -0.292526 0.762478 -8.804955 0.000000 0.000000 0.000000 1.000000
0.799549 -0.050419 -0.598480 -4.668334 0.257130 0.929267 0.265231 151.831879 0.542775 -0.365953 0.755959 -8.927384 0.000000 0.000000 0.000000 1.000000
0.820754 -0.018533 -0.570981 -5.263253 0.235622 0.921485 0.308785 149.105148 0.520428 -0.387972 0.760679 -8.941516 0.000000 0.000000 0.000000 1.000000
0.835078 -0.019990 -0.549768 -5.256670 0.219339 0.928573 0.299405 146.266327 0.504515 -0.370612 0.779815 -8.490412 0.000000 0.000000 0.000000 1.000000
0.846173 -0.042901 -0.531178 -4.897209 0.208724 0.943800 0.256273 142.967453 0.490331 -0.327721 0.807573 -7.478632 0.000000 0.000000 0.000000 1.000000
0.854660 -0.074532 -0.513810 -4.535638 0.196899 0.962243 0.187936 139.105850 0.480403 -0.261791 0.837066 -6.014596 0.000000 0.000000 0.000000 1.000000
0.864105 -0.096711 -0.493933 -4.419893 0.170722 0.979505 0.106884 133.862564 0.473473 -0.176684 0.862906 -3.916215 0.000000 0.000000 0.000000 1.000000
0.885473 -0.099564 -0.453899 -4.543384 0.132760 0.990268 0.041771 126.090164 0.445323 -0.097247 0.890073 -0.820181 0.000000 0.000000 0.000000 1.000000
0.919098 -0.085190 -0.384709 -4.771762 0.101063 0.994654 0.021192 116.484627 0.380847 -0.058357 0.922795 2.430583 0.000000 0.000000 0.000000 1.000000
0.947358 -0.050849 -0.316112 -4.828045 0.063473 0.997540 0.029760 104.941879 0.313821 -0.048258 0.948255 5.083646 0.000000 0.000000 0.000000 1.000000
0.968661 -0.031542 -0.246374 -5.043925 0.034718 0.999361 0.008556 92.532036 0.245947 -0.016842 0.969137 6.045201 0.000000 0.000000 0.000000 1.000000
0.979374 -0.071761 -0.188885 -5.269876 0.058743 0.995553 -0.073645 81.273804 0.193330 0.061031 0.979234 5.029877 0.000000 0.000000 0.000000 1.000000
0.968129 -0.151586 -0.199368 -4.576566 0.123091 0.981245 -0.148345 73.001099 0.218116 0.119077 0.968631 4.197943 0.000000 0.000000 0.000000 1.000000
0.947040 -0.233277 -0.220675 -3.418806 0.184605 0.957812 -0.220267 68.119652 0.262749 0.167864 0.950150 3.493349 0.000000 0.000000 0.000000 1.000000
0.928620 -0.286550 -0.235700 -2.093187 0.221767 0.937952 -0.266579 64.467590 0.297464 0.195280 0.934548 2.756850 0.000000 0.000000 0.000000 1.000000
0.909656 -0.313406 -0.272586 -0.888433 0.235525 0.929751 -0.283002 62.107185 0.342131 0.193234 0.919569 2.127821 0.000000 0.000000 0.000000 1.000000
0.888489 -0.334557 -0.314100 -0.021035 0.243141 0.923696 -0.296087 61.117821 0.389191 0.186699 0.902039 1.745064 0.000000 0.000000 0.000000 1.000000
0.876009 -0.332794 -0.349080 0.450120 0.235516 0.926798 -0.292537 61.575363 0.420881 0.174051 0.890261 1.531609 0.000000 0.000000 0.000000 1.000000
0.868091 -0.309389 -0.388196 0.546622 0.214425 0.939004 -0.268875 63.579403 0.447704 0.150169 0.881482 1.303572 0.000000 0.000000 0.000000 1.000000
0.862329 -0.280424 -0.421604 0.302350 0.187205 0.950208 -0.249117 66.849586 0.470470 0.135894 0.871889 1.131643 0.000000 0.000000 0.000000 1.000000
0.858534 -0.243676 -0.451156 -0.168714 0.151908 0.961237 -0.230103 70.970032 0.489739 0.129017 0.862271 0.983250 0.000000 0.000000 0.000000 1.000000
0.848214 -0.207451 -0.487336 -0.579975 0.121573 0.971794 -0.202079 75.526184 0.515512 0.112159 0.849510 0.753007 0.000000 0.000000 0.000000 1.000000
0.832590 -0.176468 -0.525026 -0.810140 0.097109 0.979714 -0.175298 80.127899 0.545310 0.094967 0.832837 0.494265 0.000000 0.000000 0.000000 1.000000
0.816723 -0.144374 -0.558676 -0.879609 0.072386 0.986180 -0.149030 84.322266 0.572471 0.081276 0.815887 0.235047 0.000000 0.000000 0.000000 1.000000
0.799715 -0.111788 -0.589881 -0.897425 0.051460 0.991660 -0.118163 87.788361 0.598171 0.064141 0.798797 0.028617 0.000000 0.000000 0.000000 1.000000
0.782106 -0.078485 -0.618183 -0.912408 0.033853 0.995923 -0.083614 90.318871 0.622225 0.044467 0.781575 -0.118011 0.000000 0.000000 0.000000 1.000000
0.766278 -0.043462 -0.641038 -0.861899 0.018466 0.998787 -0.045644 91.962524 0.642244 0.023138 0.766151 -0.288793 0.000000 0.000000 0.000000 1.000000
0.751985 -0.011188 -0.659085 -0.730778 0.009298 0.999937 -0.006365 92.893250 0.659114 -0.001342 0.752042 -0.444064 0.000000 0.000000 0.000000 1.000000
0.742488 0.009885 -0.669786 -0.603208 0.006093 0.999750 0.021510 93.232651 0.669832 -0.020052 0.742242 -0.515696 0.000000 0.000000 0.000000 1.000000
0.737821 0.021228 -0.674662 -0.522234 0.004927 0.999309 0.036832 93.342140 0.674978 -0.030499 0.737207 -0.542986 0.000000 0.000000 0.000000 1.000000
0.735315 0.028057 -0.677144 -0.470134 0.004319 0.998928 0.046080 93.388649 0.677711 -0.036808 0.734406 -0.555799 0.000000 0.000000 0.000000 1.000000
0.732948 0.035779 -0.679343 -0.407439 0.003677 0.998393 0.056550 93.422638 0.680274 -0.043946 0.731639 -0.563860 0.000000 0.000000 0.000000 1.000000
0.731264 0.042520 -0.680768 -0.352859 0.003084 0.997839 0.065637 93.443138 0.682087 -0.050097 0.729553 -0.564767 0.000000 0.000000 0.000000 1.000000
0.730702 0.046743 -0.681094 -0.321368 0.002636 0.997453 0.071283 93.449768 0.682691 -0.053882 0.728718 -0.555161 0.000000 0.000000 0.000000 1.000000
0.730673 0.051400 -0.680790 -0.293168 0.002072 0.996990 0.077498 93.455818 0.682724 -0.058037 0.728367 -0.526768 0.000000 0.000000 0.000000 1.000000</float_array><technique_common><accessor source="#mixamorig1_Hips-Matrix-animation-output-transform-array" count="58" stride="16"><param type="float4x4"/></accessor></technique_common></source><source id="mixamorig1_Hips-Interpolations"><Name_array id="mixamorig1_Hips-Interpolations-array" count="58">
 LINEAR LINEAR LINEAR LINEAR LINEAR LINEAR LINEAR LINEAR LINEAR LINEAR LINEAR
LINEAR LINEAR LINEAR LINEAR LINEAR LINEAR LINEAR LINEAR LINEAR LINEAR LINEAR LINEAR
LINEAR LINEAR LINEAR LINEAR LINEAR LINEAR LINEAR LINEAR LINEAR LINEAR LINEAR LINEAR
LINEAR LINEAR LINEAR LINEAR LINEAR LINEAR LINEAR LINEAR LINEAR LINEAR LINEAR LINEAR
LINEAR LINEAR LINEAR LINEAR LINEAR LINEAR LINEAR LINEAR LINEAR LINEAR LINEAR</Name_array><technique_common><accessor source="#mixamorig1_Hips-Interpolations-array" count="58"><param type="name"/></accessor></technique_common></source><sampler id="mixamorig1_Hips-Matrix-animation-transform"><input semantic="INPUT" source="#mixamorig1_Hips-Matrix-animation-input"/><input semantic="OUTPUT" source="#mixamorig1_Hips-Matrix-animation-output-transform"/><input semantic="INTERPOLATION" source="#mixamorig1_Hips-Interpolations"/></sampler><channel source="#mixamorig1_Hips-Matrix-animation-transform" target="mixamorig1_Hips/matrix"/></animation>
    <animation id="mixamorig1_Spine-anim" name="mixamorig1_Spine"><source id="mixamorig1_Spine-Matrix-animation-input"><float_array id="mixamorig1_Spine-Matrix-animation-input-array" count="58">

0.000000 0.033333 0.066667 0.100000 0.133333 0.166667 0.200000 0.233333 0.266667 0.300000 0.333333 0.366667 0.400000 0.433333 0.466667 0.500000
0.533333 0.566667 0.600000 0.633333 0.666667 0.700000 0.733333 0.766667 0.800000 0.833333 0.866667 0.900000 0.933333 0.966667 1.000000 1.033333
1.066667 1.100000 1.133333 1.166667 1.200000 1.233333 1.266667 1.300000 1.333333 1.366667 1.400000 1.433333 1.466667 1.500000 1.533333 1.566667
1.600000 1.633333 1.666667 1.700000 1.733333 1.766667 1.800000 1.833333 1.866667 1.900000</float_array><technique_common><accessor source="#mixamorig1_Spine-Matrix-animation-input-array" count="58"><param name="TIME" type="float"/></accessor></technique_common></source><source id="mixamorig1_Spine-Matrix-animation-output-transform"><float_array id="mixamorig1_Spine-Matrix-animation-output-transform-array" count="928">

0.996679 0.011453 0.080618 0.000000 -0.013056 0.999727 0.019380 9.717300 -0.080375 -0.020368 0.996557 -1.180200 0.000000 0.000000 0.000000 1.000000
0.997101 0.011933 0.075151 0.000000 -0.013416 0.999724 0.019261 9.717300 -0.074901 -0.020214 0.996986 -1.180200 0.000000 0.000000 0.000000 1.000000
0.997677 0.012307 0.067000 -0.000000 -0.013466 0.999767 0.016877 9.717300 -0.066777 -0.017741 0.997610 -1.180200 0.000000 0.000000 0.000000 1.000000
0.998079 0.011776 0.060822 0.000000 -0.012657 0.999820 0.014111 9.717300 -0.060645 -0.014854 0.998049 -1.180200 0.000000 0.000000 0.000000 1.000000
0.998447 0.008988 0.054988 -0.000000 -0.009512 0.999912 0.009263 9.717300 -0.054900 -0.009772 0.998444 -1.180200 0.000000 0.000000 0.000000 1.000000
0.998868 0.005040 0.047310 0.000000 -0.005153 0.999984 0.002273 9.717300 -0.047297 -0.002514 0.998878 -1.180200 0.000000 0.000000 0.000000 1.000000
0.999380 0.002440 0.035111 -0.000000 -0.002224 0.999978 -0.006183 9.717300 -0.035126 0.006101 0.999364 -1.180200 0.000000 0.000000 0.000000 1.000000
0.999793 0.003872 0.019976 0.000000 -0.003499 0.999820 -0.018673 9.717300 -0.020045 0.018599 0.999626 -1.180200 0.000000 0.000000 0.000000 1.000000
0.999917 0.007810 0.010252 0.000000 -0.007508 0.999547 -0.029157 9.717300 -0.010475 0.029078 0.999522 -1.180200 0.000000 0.000000 0.000000 1.000000
0.999929 0.010349 0.005885 0.000000 -0.010139 0.999347 -0.034687 9.717300 -0.006240 0.034625 0.999381 -1.180200 0.000000 0.000000 0.000000 1.000000
0.999956 0.008489 0.004067 0.000000 -0.008323 0.999200 -0.039115 9.717300 -0.004396 0.039079 0.999226 -1.180200 0.000000 0.000000 0.000000 1.000000
0.999929 0.007097 0.009581 0.000000 -0.006764 0.999386 -0.034383 9.717300 -0.009819 0.034316 0.999363 -1.180200 0.000000 0.000000 0.000000 1.000000
0.999886 0.006617 0.013579 0.000000 -0.006349 0.999786 -0.019689 9.717300 -0.013707 0.019601 0.999714 -1.180200 0.000000 0.000000 0.000000 1.000000
0.999900 0.003107 0.013761 0.000000 -0.002986 0.999957 -0.008785 9.717300 -0.013788 0.008743 0.999867 -1.180200 0.000000 0.000000 0.000000 1.000000
0.999813 0.002900 0.019100 0.000000 -0.002856 0.999993 -0.002315 9.717300 -0.019106 0.002260 0.999815 -1.180200 0.000000 0.000000 0.000000 1.000000
0.999594 0.009662 0.026819 0.000000 -0.010022 0.999861 0.013348 9.717300 -0.026686 -0.013612 0.999551 -1.180200 0.000000 0.000000 0.000000 1.000000
0.999277 0.018181 0.033394 0.000000 -0.019212 0.999341 0.030789 9.717300 -0.032813 -0.031409 0.998968 -1.180200 0.000000 0.000000 0.000000 1.000000
0.998933 0.026356 0.037917 0.000000 -0.027549 0.999130 0.031299 9.717300 -0.037059 -0.032310 0.998791 -1.180200 0.000000 0.000000 0.000000 1.000000
0.998518 0.037745 0.039210 -0.000000 -0.038592 0.999033 0.021086 9.717300 -0.038376 -0.022568 0.999009 -1.180200 0.000000 0.000000 0.000000 1.000000
0.998158 0.049173 0.035528 0.000000 -0.049507 0.998737 0.008596 9.717300 -0.035060 -0.010339 0.999332 -1.180200 0.000000 0.000000 0.000000 1.000000
0.997718 0.062367 0.025855 0.000000 -0.062167 0.998030 -0.008458 9.717300 -0.026332 0.006832 0.999630 -1.180200 0.000000 0.000000 0.000000 1.000000
0.997453 0.070054 0.013442 0.000000 -0.069601 0.997073 -0.031649 9.717300 -0.015619 0.030633 0.999409 -1.180200 0.000000 0.000000 0.000000 1.000000
0.997259 0.073757 0.005798 0.000000 -0.073223 0.995171 -0.065372 9.717300 -0.010592 0.064768 0.997844 -1.180200 0.000000 0.000000 0.000000 1.000000
0.997129 0.075683 0.002555 -0.000000 -0.075033 0.991994 -0.101578 9.717300 -0.010222 0.101095 0.994824 -1.180200 0.000000 0.000000 0.000000 1.000000
0.997287 0.073610 0.000062 0.000000 -0.072994 0.989053 -0.128241 9.717300 -0.009501 0.127888 0.991743 -1.180200 0.000000 0.000000 0.000000 1.000000
0.997751 0.066973 -0.002801 0.000000 -0.066725 0.988334 -0.136908 9.717300 -0.006401 0.136787 0.990580 -1.180200 0.000000 0.000000 0.000000 1.000000
0.998181 0.060077 -0.005108 0.000000 -0.060232 0.989756 -0.129439 9.717300 -0.002721 0.129512 0.991574 -1.180200 0.000000 0.000000 0.000000 1.000000
0.998538 0.053567 -0.007306 0.000000 -0.054047 0.992384 -0.110689 9.717300 0.001321 0.110922 0.993828 -1.180200 0.000000 0.000000 0.000000 1.000000
0.998870 0.046140 -0.011376 0.000000 -0.046927 0.995438 -0.083074 9.717300 0.007491 0.083514 0.996478 -1.180200 0.000000 0.000000 0.000000 1.000000
0.999198 0.036991 -0.015310 0.000000 -0.037704 0.998074 -0.049268 9.717300 0.013458 0.049806 0.998668 -1.180200 0.000000 0.000000 0.000000 1.000000
0.999557 0.026428 -0.013691 0.000000 -0.026647 0.999516 -0.016070 9.717300 0.013259 0.016428 0.999777 -1.180200 0.000000 0.000000 0.000000 1.000000
0.999781 0.017886 -0.010894 -0.000000 -0.017796 0.999807 0.008300 9.717300 0.011040 -0.008104 0.999906 -1.180200 0.000000 0.000000 0.000000 1.000000
0.999912 0.010187 -0.008440 -0.000000 -0.009969 0.999627 0.025407 9.717300 0.008695 -0.025321 0.999642 -1.180200 0.000000 0.000000 0.000000 1.000000
0.999962 0.004938 -0.007158 0.000000 -0.004729 0.999570 0.028938 9.717300 0.007298 -0.028903 0.999556 -1.180200 0.000000 0.000000 0.000000 1.000000
0.999985 0.002521 -0.004855 0.000000 -0.002422 0.999791 0.020298 9.717300 0.004905 -0.020286 0.999782 -1.180200 0.000000 0.000000 0.000000 1.000000
0.999979 0.005897 0.002724 0.000000 -0.005901 0.999981 0.001488 9.717300 -0.002715 -0.001504 0.999995 -1.180200 0.000000 0.000000 0.000000 1.000000
0.999955 0.008195 0.004738 0.000000 -0.008097 0.999762 -0.020259 9.717300 -0.004903 0.020220 0.999784 -1.180200 0.000000 0.000000 0.000000 1.000000
0.999974 0.002777 0.006669 0.000000 -0.002475 0.998989 -0.044876 9.717300 -0.006787 0.044859 0.998970 -1.180200 0.000000 0.000000 0.000000 1.000000
0.999938 -0.004544 0.010174 0.000000 0.005237 0.997590 -0.069184 9.717300 -0.009835 0.069233 0.997552 -1.180200 0.000000 0.000000 0.000000 1.000000
0.999849 -0.012209 0.012391 0.000000 0.013235 0.996172 -0.086409 9.717300 -0.011288 0.086560 0.996183 -1.180200 0.000000 0.000000 0.000000 1.000000
0.999647 -0.020786 0.016556 0.000000 0.022343 0.994717 -0.100195 9.717300 -0.014386 0.100530 0.994830 -1.180200 0.000000 0.000000 0.000000 1.000000
0.999398 -0.026545 0.022337 -0.000000 0.028838 0.993571 -0.109479 9.717300 -0.019287 0.110057 0.993738 -1.180200 0.000000 0.000000 0.000000 1.000000
0.999201 -0.029550 0.026925 -0.000000 0.032274 0.993728 -0.107070 9.717300 -0.023593 0.107853 0.993887 -1.180200 0.000000 0.000000 0.000000 1.000000
0.998971 -0.031948 0.032204 0.000000 0.034924 0.994718 -0.096524 9.717300 -0.028950 0.097550 0.994810 -1.180200 0.000000 0.000000 0.000000 1.000000
0.998838 -0.030087 0.037640 -0.000000 0.033124 0.996010 -0.082864 9.717300 -0.034997 0.084014 0.995850 -1.180200 0.000000 0.000000 0.000000 1.000000
0.998750 -0.026097 0.042639 0.000000 0.028919 0.997337 -0.066959 9.717300 -0.040778 0.068109 0.996844 -1.180200 0.000000 0.000000 0.000000 1.000000
0.998572 -0.022135 0.048621 0.000000 0.024638 0.998370 -0.051482 9.717300 -0.047402 0.052606 0.997490 -1.180200 0.000000 0.000000 0.000000 1.000000
0.998289 -0.017609 0.055764 0.000000 0.019771 0.999065 -0.038455 9.717300 -0.055035 0.039492 0.997703 -1.180200 0.000000 0.000000 0.000000 1.000000
0.997941 -0.012850 0.062838 0.000000 0.014502 0.999559 -0.025906 9.717300 -0.062478 0.026764 0.997687 -1.180200 0.000000 0.000000 0.000000 1.000000
0.997616 -0.008253 0.068519 0.000000 0.009125 0.999881 -0.012427 9.717300 -0.068408 0.013022 0.997572 -1.180200 0.000000 0.000000 0.000000 1.000000
0.997302 -0.003205 0.073334 0.000000 0.003222 0.999995 -0.000122 9.717300 -0.073333 0.000358 0.997307 -1.180200 0.000000 0.000000 0.000000 1.000000
0.997037 0.001235 0.076918 -0.000000 -0.001824 0.999970 0.007589 9.717300 -0.076907 -0.007707 0.997009 -1.180200 0.000000 0.000000 0.000000 1.000000
0.996880 0.004574 0.078804 -0.000000 -0.005494 0.999919 0.011469 9.717300 -0.078745 -0.011866 0.996824 -1.180200 0.000000 0.000000 0.000000 1.000000
0.996790 0.007162 0.079739 0.000000 -0.008273 0.999873 0.013602 9.717300 -0.079632 -0.014218 0.996723 -1.180200 0.000000 0.000000 0.000000 1.000000
0.996727 0.009238 0.080313 0.000000 -0.010536 0.999821 0.015744 9.717300 -0.080153 -0.016539 0.996645 -1.180200 0.000000 0.000000 0.000000 1.000000
0.996680 0.010721 0.080710 -0.000000 -0.012182 0.999770 0.017624 9.717300 -0.080503 -0.018549 0.996582 -1.180200 0.000000 0.000000 0.000000 1.000000
0.996661 0.011489 0.080843 0.000000 -0.013043 0.999740 0.018721 9.717300 -0.080607 -0.019713 0.996551 -1.180200 0.000000 0.000000 0.000000 1.000000
0.996680 0.011473 0.080608 0.000000 -0.013075 0.999727 0.019379 9.717300 -0.080364 -0.020368 0.996557 -1.180200 0.000000 0.000000 0.000000 1.000000</float_array><technique_common><accessor source="#mixamorig1_Spine-Matrix-animation-output-transform-array" count="58" stride="16"><param type="float4x4"/></accessor></technique_common></source><source id="mixamorig1_Spine-Interpolations"><Name_array id="mixamorig1_Spine-Interpolations-array" count="58">
 LINEAR LINEAR LINEAR LINEAR LINEAR LINEAR LINEAR LINEAR LINEAR LINEAR LINEAR
LINEAR LINEAR LINEAR LINEAR LINEAR LINEAR LINEAR LINEAR LINEAR LINEAR LINEAR LINEAR
LINEAR LINEAR LINEAR LINEAR LINEAR LINEAR LINEAR LINEAR LINEAR LINEAR LINEAR LINEAR
LINEAR LINEAR LINEAR LINEAR LINEAR LINEAR LINEAR LINEAR LINEAR LINEAR LINEAR LINEAR
LINEAR LINEAR LINEAR LINEAR LINEAR LINEAR LINEAR LINEAR LINEAR LINEAR LINEAR</Name_array><technique_common><accessor source="#mixamorig1_Spine-Interpolations-array" count="58"><param type="name"/></accessor></technique_common></source><sampler id="mixamorig1_Spine-Matrix-animation-transform"><input semantic="INPUT" source="#mixamorig1_Spine-Matrix-animation-input"/><input semantic="OUTPUT" source="#mixamorig1_Spine-Matrix-animation-output-transform"/><input semantic="INTERPOLATION" source="#mixamorig1_Spine-Interpolations"/></sampler><channel source="#mixamorig1_Spine-Matrix-animation-transform" target="mixamorig1_Spine/matrix"/></animation>
    <animation id="mixamorig1_Spine1-anim" name="mixamorig1_Spine1"><source id="mixamorig1_Spine1-Matrix-animation-input"><float_array id="mixamorig1_Spine1-Matrix-animation-input-array" count="58">

0.000000 0.033333 0.066667 0.100000 0.133333 0.166667 0.200000 0.233333 0.266667 0.300000 0.333333 0.366667 0.400000 0.433333 0.466667 0.500000
0.533333 0.566667 0.600000 0.633333 0.666667 0.700000 0.733333 0.766667 0.800000 0.833333 0.866667 0.900000 0.933333 0.966667 1.000000 1.033333
1.066667 1.100000 1.133333 1.166667 1.200000 1.233333 1.266667 1.300000 1.333333 1.366667 1.400000 1.433333 1.466667 1.500000 1.533333 1.566667
1.600000 1.633333 1.666667 1.700000 1.733333 1.766667 1.800000 1.833333 1.866667 1.900000</float_array><technique_common><accessor source="#mixamorig1_Spine1-Matrix-animation-input-array" count="58"><param name="TIME" type="float"/></accessor></technique_common></source><source id="mixamorig1_Spine1-Matrix-animation-output-transform"><float_array id="mixamorig1_Spine1-Matrix-animation-output-transform-array" count="928">

0.986175 0.033743 0.162233 0.000000 -0.000443 0.979581 -0.201050 11.420100 -0.165704 0.198198 0.966054 -0.000000 0.000000 0.000000 0.000000 1.000000
0.987893 0.034335 0.151289 0.000000 -0.003186 0.979485 -0.201491 11.420100 -0.155103 0.198570 0.967736 0.000000 0.000000 0.000000 0.000000 1.000000
0.990315 0.033629 0.134704 0.000000 -0.005170 0.978481 -0.206271 11.420100 -0.138743 0.203576 0.969179 0.000000 0.000000 0.000000 0.000000 1.000000
0.992059 0.031347 0.121805 0.000000 -0.004891 0.977325 -0.211689 11.420100 -0.125679 0.209412 0.969717 0.000000 0.000000 0.000000 0.000000 1.000000
0.993670 0.025305 0.109447 0.000000 -0.000484 0.975253 -0.221091 11.420100 -0.112333 0.219638 0.969093 0.000000 0.000000 0.000000 0.000000 1.000000
0.995539 0.017895 0.092642 0.000000 0.004372 0.972048 -0.234742 11.420100 -0.094254 0.234100 0.967633 -0.000000 0.000000 0.000000 0.000000 1.000000
0.997776 0.011962 0.065581 0.000000 0.004913 0.967898 -0.251296 11.420100 -0.066482 0.251060 0.965686 -0.000000 0.000000 0.000000 0.000000 1.000000
0.999319 0.006661 0.036295 0.000000 0.003591 0.961356 -0.275286 11.420100 -0.036726 0.275229 0.960677 0.000000 0.000000 0.000000 0.000000 1.000000
0.999785 0.005227 0.020045 -0.000000 0.000925 0.955409 -0.295286 11.420100 -0.020695 0.295241 0.955199 0.000000 0.000000 0.000000 0.000000 1.000000
0.999904 0.004897 0.012973 0.000000 -0.000696 0.952094 -0.305804 11.420100 -0.013849 0.305765 0.952006 0.000000 0.000000 0.000000 0.000000 1.000000
0.999960 -0.001854 0.008726 0.000000 0.004502 0.949344 -0.314207 11.420100 -0.007701 0.314234 0.949314 0.000000 0.000000 0.000000 0.000000 1.000000
0.999831 -0.005055 0.017656 0.000000 0.010201 0.952283 -0.305045 11.420100 -0.015271 0.305174 0.952174 -0.000000 0.000000 0.000000 0.000000 1.000000
0.999711 -0.003376 0.023806 -0.000000 0.009838 0.960851 -0.276889 11.420100 -0.021939 0.277043 0.960607 0.000000 0.000000 0.000000 0.000000 1.000000
0.999663 -0.004280 0.025623 0.000000 0.010700 0.966616 -0.256005 11.420100 -0.023672 0.256193 0.966336 0.000000 0.000000 0.000000 0.000000 1.000000
0.999201 0.003333 0.039832 0.000000 0.006476 0.969852 -0.243608 11.420100 -0.039443 0.243671 0.969056 0.000000 0.000000 0.000000 0.000000 1.000000
0.998216 0.017960 0.056940 -0.000000 -0.005418 0.976997 -0.213185 11.420100 -0.059459 0.212496 0.975351 0.000000 0.000000 0.000000 0.000000 1.000000
0.997168 0.031233 0.068412 -0.000000 -0.018532 0.983680 -0.178969 11.420100 -0.072885 0.177194 0.981473 0.000000 0.000000 0.000000 0.000000 1.000000
0.996218 0.042798 0.075615 -0.000000 -0.028756 0.983634 -0.177867 11.420100 -0.081990 0.175020 0.981145 0.000000 0.000000 0.000000 0.000000 1.000000
0.995415 0.056657 0.077068 -0.000000 -0.040443 0.979435 -0.197667 11.420100 -0.086683 0.193644 0.977235 0.000000 0.000000 0.000000 0.000000 1.000000
0.995189 0.067630 0.070887 0.000000 -0.050384 0.973807 -0.221725 11.420100 -0.084025 0.217087 0.972529 -0.000000 0.000000 0.000000 0.000000 1.000000
0.994873 0.084956 0.054870 0.000000 -0.068309 0.964554 -0.254892 11.420100 -0.074579 0.249837 0.965411 0.000000 0.000000 0.000000 0.000000 1.000000
0.994437 0.100522 0.031480 0.000000 -0.086548 0.950073 -0.299786 11.420100 -0.060043 0.295393 0.953487 -0.000000 0.000000 0.000000 0.000000 1.000000
0.993289 0.115039 0.011992 -0.000000 -0.102839 0.925853 -0.363622 11.420100 -0.052934 0.359949 0.931469 -0.000000 0.000000 0.000000 0.000000 1.000000
0.992023 0.126057 -0.000989 0.000000 -0.114216 0.895464 -0.430232 11.420100 -0.053348 0.426913 0.902718 -0.000000 0.000000 0.000000 0.000000 1.000000
0.991996 0.125850 -0.010266 0.000000 -0.115419 0.870795 -0.477906 11.420100 -0.051205 0.475266 0.878351 0.000000 0.000000 0.000000 0.000000 1.000000
0.993111 0.115934 -0.017049 0.000000 -0.109220 0.863085 -0.493108 11.420100 -0.042453 0.491573 0.869801 -0.000000 0.000000 0.000000 0.000000 1.000000
0.994725 0.100707 -0.019488 -0.000000 -0.097669 0.871839 -0.479956 11.420100 -0.031345 0.479328 0.877076 0.000000 0.000000 0.000000 0.000000 1.000000
0.996370 0.082624 -0.020485 0.000000 -0.083058 0.890898 -0.446545 11.420100 -0.018646 0.446626 0.894526 0.000000 0.000000 0.000000 0.000000 1.000000
0.997607 0.064116 -0.025875 0.000000 -0.069119 0.915519 -0.396293 11.420100 -0.001720 0.397133 0.917759 0.000000 0.000000 0.000000 0.000000 1.000000
0.998355 0.047586 -0.031985 -0.000000 -0.055540 0.941175 -0.333323 11.420100 0.014242 0.334551 0.942270 -0.000000 0.000000 0.000000 0.000000 1.000000
0.998999 0.035490 -0.027240 0.000000 -0.041539 0.961921 -0.270151 11.420100 0.016615 0.271012 0.962433 0.000000 0.000000 0.000000 0.000000 1.000000
0.999489 0.026693 -0.017574 0.000000 -0.029944 0.974344 -0.223064 11.420100 0.011169 0.223476 0.974645 0.000000 0.000000 0.000000 0.000000 1.000000
0.999787 0.018760 -0.008657 0.000000 -0.020062 0.981637 -0.189702 11.420100 0.004940 0.189835 0.981804 0.000000 0.000000 0.000000 0.000000 1.000000
0.999886 0.014466 -0.004279 -0.000000 -0.015004 0.983028 -0.182840 11.420100 0.001561 0.182884 0.983133 0.000000 0.000000 0.000000 0.000000 1.000000
0.999913 0.013057 0.001985 0.000000 -0.012396 0.979743 -0.199876 11.420100 -0.004555 0.199834 0.979819 -0.000000 0.000000 0.000000 0.000000 1.000000
0.999769 0.014559 0.015804 -0.000000 -0.010409 0.971561 -0.236561 11.420100 -0.018799 0.236342 0.971488 -0.000000 0.000000 0.000000 0.000000 1.000000
0.999752 0.011416 0.019108 0.000000 -0.005646 0.960447 -0.278407 11.420100 -0.021531 0.278230 0.960273 0.000000 0.000000 0.000000 0.000000 1.000000
0.999700 -0.003768 0.024216 0.000000 0.011440 0.945598 -0.325136 11.420100 -0.021674 0.325315 0.945357 0.000000 0.000000 0.000000 0.000000 1.000000
0.999241 -0.021746 0.032316 -0.000000 0.032182 0.928305 -0.370423 11.420100 -0.021944 0.371182 0.928301 0.000000 0.000000 0.000000 0.000000 1.000000
0.998493 -0.039356 0.038240 0.000000 0.051427 0.914230 -0.401918 11.420100 -0.019143 0.403279 0.914877 0.000000 0.000000 0.000000 0.000000 1.000000
0.997248 -0.056316 0.048210 0.000000 0.071538 0.901611 -0.426590 11.420100 -0.019443 0.428865 0.903159 0.000000 0.000000 0.000000 0.000000 1.000000
0.995982 -0.066257 0.060247 0.000000 0.086156 0.892478 -0.442787 11.420100 -0.024431 0.446199 0.894600 0.000000 0.000000 0.000000 0.000000 1.000000
0.995138 -0.070228 0.069058 0.000000 0.093494 0.894081 -0.438039 11.420100 -0.030980 0.442365 0.896300 0.000000 0.000000 0.000000 0.000000 1.000000
0.994354 -0.071238 0.078648 0.000000 0.097794 0.902894 -0.418592 11.420100 -0.041191 0.423919 0.904763 0.000000 0.000000 0.000000 0.000000 1.000000
0.994146 -0.063427 0.087469 -0.000000 0.092975 0.914607 -0.393510 11.420100 -0.055041 0.399338 0.915150 0.000000 0.000000 0.000000 0.000000 1.000000
0.994100 -0.051757 0.095325 0.000000 0.083217 0.927602 -0.364183 11.420100 -0.069575 0.369966 0.926436 -0.000000 0.000000 0.000000 0.000000 1.000000
0.993590 -0.040866 0.105401 0.000000 0.074194 0.939199 -0.335262 11.420100 -0.085291 0.340933 0.936210 0.000000 0.000000 0.000000 0.000000 1.000000
0.992616 -0.028735 0.117843 0.000000 0.064343 0.948317 -0.310734 11.420100 -0.102824 0.316022 0.943164 0.000000 0.000000 0.000000 0.000000 1.000000
0.991327 -0.016645 0.130363 0.000000 0.053801 0.956417 -0.287004 11.420100 -0.119904 0.291528 0.949017 -0.000000 0.000000 0.000000 0.000000 1.000000
0.990060 -0.005861 0.140523 0.000000 0.042812 0.964278 -0.261409 11.420100 -0.133971 0.264827 0.954944 0.000000 0.000000 0.000000 0.000000 1.000000
0.988788 0.004690 0.149252 0.000000 0.031310 0.970776 -0.237936 11.420100 -0.146006 0.239941 0.959745 0.000000 0.000000 0.000000 0.000000 1.000000
0.987693 0.013599 0.155811 0.000000 0.021797 0.974522 -0.223231 11.420100 -0.154877 0.223880 0.962232 0.000000 0.000000 0.000000 0.000000 1.000000
0.987040 0.020223 0.159192 0.000000 0.014818 0.976302 -0.215904 11.420100 -0.159786 0.215465 0.963350 0.000000 0.000000 0.000000 0.000000 1.000000
0.986664 0.025340 0.160787 0.000000 0.009440 0.977237 -0.211941 11.420100 -0.162497 0.210632 0.963965 0.000000 0.000000 0.000000 0.000000 1.000000
0.986395 0.029407 0.161742 -0.000000 0.004935 0.978131 -0.207932 11.420100 -0.164319 0.205902 0.964678 0.000000 0.000000 0.000000 0.000000 1.000000
0.986193 0.032298 0.162417 0.000000 0.001602 0.978888 -0.204390 11.420100 -0.165590 0.201828 0.965321 -0.000000 0.000000 0.000000 0.000000 1.000000
0.986106 0.033801 0.162639 -0.000000 -0.000200 0.979319 -0.202320 11.420100 -0.166114 0.199476 0.965720 0.000000 0.000000 0.000000 0.000000 1.000000
0.986177 0.033779 0.162217 0.000000 -0.000481 0.979580 -0.201054 11.420100 -0.165696 0.198197 0.966055 0.000000 0.000000 0.000000 0.000000 1.000000</float_array><technique_common><accessor source="#mixamorig1_Spine1-Matrix-animation-output-transform-array" count="58" stride="16"><param type="float4x4"/></accessor></technique_common></source><source id="mixamorig1_Spine1-Interpolations"><Name_array id="mixamorig1_Spine1-Interpolations-array" count="58">
 LINEAR LINEAR LINEAR LINEAR LINEAR LINEAR LINEAR LINEAR LINEAR LINEAR LINEAR
LINEAR LINEAR LINEAR LINEAR LINEAR LINEAR LINEAR LINEAR LINEAR LINEAR LINEAR LINEAR
LINEAR LINEAR LINEAR LINEAR LINEAR LINEAR LINEAR LINEAR LINEAR LINEAR LINEAR LINEAR
LINEAR LINEAR LINEAR LINEAR LINEAR LINEAR LINEAR LINEAR LINEAR LINEAR LINEAR LINEAR
LINEAR LINEAR LINEAR LINEAR LINEAR LINEAR LINEAR LINEAR LINEAR LINEAR LINEAR</Name_array><technique_common><accessor source="#mixamorig1_Spine1-Interpolations-array" count="58"><param type="name"/></accessor></technique_common></source><sampler id="mixamorig1_Spine1-Matrix-animation-transform"><input semantic="INPUT" source="#mixamorig1_Spine1-Matrix-animation-input"/><input semantic="OUTPUT" source="#mixamorig1_Spine1-Matrix-animation-output-transform"/><input semantic="INTERPOLATION" source="#mixamorig1_Spine1-Interpolations"/></sampler><channel source="#mixamorig1_Spine1-Matrix-animation-transform" target="mixamorig1_Spine1/matrix"/></animation>
    <animation id="mixamorig1_Spine2-anim" name="mixamorig1_Spine2"><source id="mixamorig1_Spine2-Matrix-animation-input"><float_array id="mixamorig1_Spine2-Matrix-animation-input-array" count="58">

0.000000 0.033333 0.066667 0.100000 0.133333 0.166667 0.200000 0.233333 0.266667 0.300000 0.333333 0.366667 0.400000 0.433333 0.466667 0.500000
0.533333 0.566667 0.600000 0.633333 0.666667 0.700000 0.733333 0.766667 0.800000 0.833333 0.866667 0.900000 0.933333 0.966667 1.000000 1.033333
1.066667 1.100000 1.133333 1.166667 1.200000 1.233333 1.266667 1.300000 1.333333 1.366667 1.400000 1.433333 1.466667 1.500000 1.533333 1.566667
1.600000 1.633333 1.666667 1.700000 1.733333 1.766667 1.800000 1.833333 1.866667 1.900000</float_array><technique_common><accessor source="#mixamorig1_Spine2-Matrix-animation-input-array" count="58"><param name="TIME" type="float"/></accessor></technique_common></source><source id="mixamorig1_Spine2-Matrix-animation-output-transform"><float_array id="mixamorig1_Spine2-Matrix-animation-output-transform-array" count="928">

0.986175 0.033743 0.162233 0.000000 -0.000443 0.979581 -0.201050 13.051600 -0.165704 0.198198 0.966054 0.000000 0.000000 0.000000 0.000000 1.000000
0.987893 0.034335 0.151289 -0.000000 -0.003186 0.979485 -0.201491 13.051600 -0.155104 0.198570 0.967736 0.000000 0.000000 0.000000 0.000000 1.000000
0.990315 0.033629 0.134704 0.000000 -0.005170 0.978481 -0.206271 13.051600 -0.138742 0.203576 0.969179 0.000000 0.000000 0.000000 0.000000 1.000000
0.992059 0.031347 0.121805 -0.000000 -0.004890 0.977325 -0.211689 13.051600 -0.125679 0.209412 0.969717 0.000000 0.000000 0.000000 0.000000 1.000000
0.993670 0.025305 0.109447 0.000000 -0.000484 0.975253 -0.221091 13.051600 -0.112333 0.219638 0.969093 0.000000 0.000000 0.000000 0.000000 1.000000
0.995539 0.017895 0.092642 0.000000 0.004372 0.972048 -0.234742 13.051600 -0.094253 0.234100 0.967633 0.000000 0.000000 0.000000 0.000000 1.000000
0.997776 0.011962 0.065581 0.000000 0.004913 0.967898 -0.251296 13.051600 -0.066482 0.251060 0.965686 -0.000000 0.000000 0.000000 0.000000 1.000000
0.999319 0.006661 0.036295 0.000000 0.003591 0.961356 -0.275286 13.051600 -0.036726 0.275229 0.960677 0.000000 0.000000 0.000000 0.000000 1.000000
0.999785 0.005227 0.020045 0.000000 0.000925 0.955409 -0.295286 13.051600 -0.020695 0.295241 0.955199 0.000000 0.000000 0.000000 0.000000 1.000000
0.999904 0.004897 0.012973 -0.000000 -0.000695 0.952094 -0.305804 13.051600 -0.013849 0.305765 0.952006 -0.000000 0.000000 0.000000 0.000000 1.000000
0.999960 -0.001854 0.008726 0.000000 0.004502 0.949344 -0.314207 13.051600 -0.007701 0.314234 0.949314 0.000000 0.000000 0.000000 0.000000 1.000000
0.999831 -0.005055 0.017656 0.000000 0.010201 0.952283 -0.305046 13.051600 -0.015271 0.305174 0.952174 0.000000 0.000000 0.000000 0.000000 1.000000
0.999711 -0.003376 0.023806 0.000000 0.009839 0.960851 -0.276889 13.051600 -0.021939 0.277044 0.960607 0.000000 0.000000 0.000000 0.000000 1.000000
0.999663 -0.004280 0.025623 0.000000 0.010700 0.966616 -0.256005 13.051600 -0.023672 0.256193 0.966336 0.000000 0.000000 0.000000 0.000000 1.000000
0.999201 0.003333 0.039832 0.000000 0.006476 0.969852 -0.243608 13.051600 -0.039443 0.243671 0.969056 0.000000 0.000000 0.000000 0.000000 1.000000
0.998216 0.017960 0.056940 -0.000000 -0.005418 0.976997 -0.213185 13.051600 -0.059459 0.212496 0.975351 -0.000000 0.000000 0.000000 0.000000 1.000000
0.997168 0.031233 0.068412 0.000000 -0.018532 0.983680 -0.178969 13.051600 -0.072885 0.177194 0.981473 -0.000000 0.000000 0.000000 0.000000 1.000000
0.996218 0.042798 0.075615 0.000000 -0.028756 0.983634 -0.177867 13.051600 -0.081990 0.175020 0.981145 0.000000 0.000000 0.000000 0.000000 1.000000
0.995415 0.056657 0.077068 0.000000 -0.040443 0.979435 -0.197667 13.051600 -0.086683 0.193644 0.977235 0.000000 0.000000 0.000000 0.000000 1.000000
0.995189 0.067630 0.070887 -0.000000 -0.050384 0.973807 -0.221725 13.051600 -0.084025 0.217087 0.972529 0.000000 0.000000 0.000000 0.000000 1.000000
0.994873 0.084955 0.054870 0.000000 -0.068308 0.964554 -0.254892 13.051600 -0.074579 0.249837 0.965411 0.000000 0.000000 0.000000 0.000000 1.000000
0.994437 0.100522 0.031480 0.000000 -0.086548 0.950073 -0.299785 13.051600 -0.060044 0.295393 0.953487 0.000000 0.000000 0.000000 0.000000 1.000000
0.993289 0.115039 0.011992 0.000000 -0.102839 0.925853 -0.363622 13.051600 -0.052933 0.359949 0.931469 0.000000 0.000000 0.000000 0.000000 1.000000
0.992022 0.126057 -0.000989 0.000000 -0.114216 0.895464 -0.430232 13.051600 -0.053348 0.426913 0.902718 -0.000000 0.000000 0.000000 0.000000 1.000000
0.991996 0.125850 -0.010266 -0.000000 -0.115419 0.870795 -0.477906 13.051600 -0.051205 0.475266 0.878351 0.000000 0.000000 0.000000 0.000000 1.000000
0.993111 0.115934 -0.017049 0.000000 -0.109220 0.863085 -0.493108 13.051600 -0.042453 0.491573 0.869801 0.000000 0.000000 0.000000 0.000000 1.000000
0.994725 0.100707 -0.019488 0.000000 -0.097669 0.871839 -0.479956 13.051600 -0.031345 0.479328 0.877076 0.000000 0.000000 0.000000 0.000000 1.000000
0.996370 0.082624 -0.020485 0.000000 -0.083058 0.890898 -0.446546 13.051600 -0.018645 0.446626 0.894526 0.000000 0.000000 0.000000 0.000000 1.000000
0.997607 0.064116 -0.025875 0.000000 -0.069119 0.915519 -0.396293 13.051600 -0.001720 0.397133 0.917759 0.000000 0.000000 0.000000 0.000000 1.000000
0.998355 0.047586 -0.031985 0.000000 -0.055540 0.941175 -0.333323 13.051600 0.014242 0.334552 0.942270 0.000000 0.000000 0.000000 0.000000 1.000000
0.998999 0.035490 -0.027240 0.000000 -0.041539 0.961922 -0.270151 13.051600 0.016615 0.271012 0.962433 -0.000000 0.000000 0.000000 0.000000 1.000000
0.999489 0.026693 -0.017574 0.000000 -0.029944 0.974344 -0.223064 13.051600 0.011169 0.223477 0.974645 0.000000 0.000000 0.000000 0.000000 1.000000
0.999787 0.018760 -0.008657 -0.000000 -0.020062 0.981637 -0.189702 13.051600 0.004940 0.189835 0.981803 -0.000000 0.000000 0.000000 0.000000 1.000000
0.999886 0.014466 -0.004279 0.000000 -0.015004 0.983028 -0.182840 13.051600 0.001561 0.182884 0.983133 -0.000000 0.000000 0.000000 0.000000 1.000000
0.999913 0.013057 0.001985 0.000000 -0.012397 0.979743 -0.199877 13.051600 -0.004555 0.199835 0.979819 0.000000 0.000000 0.000000 0.000000 1.000000
0.999769 0.014559 0.015804 0.000000 -0.010409 0.971561 -0.236561 13.051600 -0.018799 0.236342 0.971488 -0.000000 0.000000 0.000000 0.000000 1.000000
0.999752 0.011416 0.019108 0.000000 -0.005646 0.960447 -0.278407 13.051600 -0.021531 0.278230 0.960273 0.000000 0.000000 0.000000 0.000000 1.000000
