<?xml version="1.0" encoding="utf-8"?>
<COLLADA xmlns="http://www.collada.org/2005/11/COLLADASchema" version="1.4.1">
  <asset><contributor><author>Mixamo</author><authoring_tool>COLLADA Mixamo exporter</authoring_tool><comments></comments></contributor><created>2019-11-25T06:12:26Z</created><modified>2019-11-25T06:12:26Z</modified><revision></revision><title></title><unit meter="0.010000"/><up_axis>Y_UP</up_axis></asset>
  <library_animations>
    <animation id="mixamorig1_Hips-anim" name="mixamorig1_Hips"><source id="mixamorig1_Hips-Matrix-animation-input"><float_array id="mixamorig1_Hips-Matrix-animation-input-array" count="22">

0.000000 0.033333 0.066667 0.100000 0.133333 0.166667 0.200000 0.233333 0.266667 0.300000 0.333333 0.366667 0.400000 0.433333 0.466667 0.500000
0.533333 0.566667 0.600000 0.633333 0.666667 0.700000</float_array><technique_common><accessor source="#mixamorig1_Hips-Matrix-animation-input-array" count="22"><param name="TIME" type="float"/></accessor></technique_common></source><source id="mixamorig1_Hips-Matrix-animation-output-transform"><float_array id="mixamorig1_Hips-Matrix-animation-output-transform-array" count="352">

0.997168 0.054990 0.051311 0.160419 -0.049941 0.994228 -0.094960 92.387062 -0.056237 0.092129 0.994158 1.469506 0.000000 0.000000 0.000000 1.000000
0.998585 0.033086 0.041626 0.559595 -0.029035 0.995109 -0.094420 94.408981 -0.044546 0.093078 0.994662 2.781993 0.000000 0.000000 0.000000 1.000000
0.998142 0.015365 0.058961 0.875643 -0.010109 0.996032 -0.088425 97.342499 -0.060086 0.087665 0.994336 3.820939 0.000000 0.000000 0.000000 1.000000
0.994815 -0.002070 0.101677 1.180912 0.011181 0.995958 -0.089116 99.523315 -0.101082 0.089791 0.990818 5.750960 0.000000 0.000000 0.000000 1.000000
0.993624 -0.000450 0.112745 1.262996 0.011034 0.995580 -0.093271 99.652756 -0.112205 0.093920 0.989237 7.634600 0.000000 0.000000 0.000000 1.000000
0.996245 0.007847 0.086227 1.565381 -0.001745 0.997502 -0.070614 99.452744 -0.086565 0.070198 0.993770 8.370649 0.000000 0.000000 0.000000 1.000000
0.995419 0.006192 0.095412 1.667142 -0.001436 0.998756 -0.049834 98.656288 -0.095602 0.049469 0.994190 8.808383 0.000000 0.000000 0.000000 1.000000
0.991891 0.004567 0.127010 1.653490 0.000642 0.999161 -0.040939 97.168991 -0.127090 0.040689 0.991056 8.132706 0.000000 0.000000 0.000000 1.000000
0.992394 -0.003642 0.123052 1.313013 0.008323 0.999260 -0.037550 94.412750 -0.122824 0.038288 0.991690 6.295568 0.000000 0.000000 0.000000 1.000000
0.994696 -0.004667 0.102757 1.031083 0.010403 0.998412 -0.055358 91.705826 -0.102336 0.056134 0.993165 4.180978 0.000000 0.000000 0.000000 1.000000
0.995550 -0.003699 0.094162 0.555052 0.009802 0.997874 -0.064431 91.066292 -0.093723 0.065067 0.993470 2.313020 0.000000 0.000000 0.000000 1.000000
0.995053 0.029859 0.094756 0.478901 -0.023108 0.997169 -0.071557 92.789421 -0.096624 0.069014 0.992925 2.067002 0.000000 0.000000 0.000000 1.000000
0.996150 0.064572 0.059291 0.443111 -0.059077 0.994173 -0.090166 95.351860 -0.064767 0.086317 0.994160 2.686177 0.000000 0.000000 0.000000 1.000000
0.996595 0.082387 -0.003250 0.313535 -0.082154 0.988882 -0.123945 97.503456 -0.006997 0.123790 0.992284 3.312759 0.000000 0.000000 0.000000 1.000000
0.997064 0.074639 -0.017118 0.406870 -0.076375 0.985514 -0.151426 98.356468 0.005567 0.152288 0.988320 3.267979 0.000000 0.000000 0.000000 1.000000
0.998141 0.058443 -0.017269 0.454735 -0.060217 0.989410 -0.132070 97.998123 0.009367 0.132865 0.991090 4.024043 0.000000 0.000000 0.000000 1.000000
0.998532 0.048732 -0.023635 0.401488 -0.051074 0.992449 -0.111516 97.120476 0.018022 0.112560 0.993481 4.823642 0.000000 0.000000 0.000000 1.000000
0.998876 0.046431 -0.009551 0.326132 -0.047200 0.992826 -0.109858 95.458260 0.004382 0.110185 0.993901 4.318168 0.000000 0.000000 0.000000 1.000000
0.999053 0.040368 0.016211 0.130700 -0.038386 0.993399 -0.108097 93.727829 -0.020468 0.107372 0.994008 3.825531 0.000000 0.000000 0.000000 1.000000
0.996851 0.063870 0.047004 -0.119959 -0.058321 0.992085 -0.111203 91.622772 -0.053734 0.108111 0.992686 2.216260 0.000000 0.000000 0.000000 1.000000
0.993217 0.091151 0.072187 -0.283243 -0.083656 0.991382 -0.100813 90.628845 -0.080754 0.094090 0.992283 1.112819 0.000000 0.000000 0.000000 1.000000
0.997168 0.054990 0.051311 0.160419 -0.049941 0.994228 -0.094960 92.387062 -0.056237 0.092129 0.994158 1.469506 0.000000 0.000000 0.000000 1.000000</float_array><technique_common><accessor source="#mixamorig1_Hips-Matrix-animation-output-transform-array" count="22" stride="16"><param type="float4x4"/></accessor></technique_common></source><source id="mixamorig1_Hips-Interpolations"><Name_array id="mixamorig1_Hips-Interpolations-array" count="22">
 LINEAR LINEAR LINEAR LINEAR LINEAR LINEAR LINEAR LINEAR LINEAR LINEAR LINEAR
LINEAR LINEAR LINEAR LINEAR LINEAR LINEAR LINEAR LINEAR LINEAR LINEAR LINEAR</Name_array><technique_common><accessor source="#mixamorig1_Hips-Interpolations-array" count="22"><param type="name"/></accessor></technique_common></source><sampler id="mixamorig1_Hips-Matrix-animation-transform"><input semantic="INPUT" source="#mixamorig1_Hips-Matrix-animation-input"/><input semantic="OUTPUT" source="#mixamorig1_Hips-Matrix-animation-output-transform"/><input semantic="INTERPOLATION" source="#mixamorig1_Hips-Interpolations"/></sampler><channel source="#mixamorig1_Hips-Matrix-animation-transform" target="mixamorig1_Hips/matrix"/></animation>
    <animation id="mixamorig1_Spine-anim" name="mixamorig1_Spine"><source id="mixamorig1_Spine-Matrix-animation-input"><float_array id="mixamorig1_Spine-Matrix-animation-input-array" count="22">

0.000000 0.033333 0.066667 0.100000 0.133333 0.166667 0.200000 0.233333 0.266667 0.300000 0.333333 0.366667 0.400000 0.433333 0.466667 0.500000
0.533333 0.566667 0.600000 0.633333 0.666667 0.700000</float_array><technique_common><accessor source="#mixamorig1_Spine-Matrix-animation-input-array" count="22"><param name="TIME" type="float"/></accessor></technique_common></source><source id="mixamorig1_Spine-Matrix-animation-output-transform"><float_array id="mixamorig1_Spine-Matrix-animation-output-transform-array" count="352">

0.999377 -0.029267 0.019748 0.000000 0.028563 0.998978 0.035044 9.717300 -0.020753 -0.034458 0.999191 -1.180200 0.000000 0.000000 0.000000 1.000000
0.998931 -0.021055 0.041153 0.000000 0.019317 0.998923 0.042181 9.717300 -0.041997 -0.041341 0.998262 -1.180200 0.000000 0.000000 0.000000 1.000000
0.998206 -0.010778 0.058903 -0.000000 0.007831 0.998716 0.050043 9.717300 -0.059367 -0.049492 0.997009 -1.180200 0.000000 0.000000 0.000000 1.000000
0.997794 -0.002846 0.066329 0.000000 -0.001209 0.998136 0.061013 9.717300 -0.066379 -0.060958 0.995931 -1.180200 0.000000 0.000000 0.000000 1.000000
0.997612 0.001768 0.069045 0.000000 -0.006699 0.997436 0.071250 9.717300 -0.068742 -0.071543 0.995066 -1.180200 0.000000 0.000000 0.000000 1.000000
0.997845 0.002096 0.065584 0.000000 -0.006662 0.997561 0.069481 9.717300 -0.065279 -0.069768 0.995425 -1.180200 0.000000 0.000000 0.000000 1.000000
0.998252 0.004330 0.058947 0.000000 -0.008037 0.997993 0.062806 9.717300 -0.058557 -0.063170 0.996283 -1.180200 0.000000 0.000000 0.000000 1.000000
0.998631 0.004849 0.052079 -0.000000 -0.007643 0.998534 0.053588 9.717300 -0.051743 -0.053913 0.997204 -1.180200 0.000000 0.000000 0.000000 1.000000
0.998788 0.012113 0.047709 0.000000 -0.014090 0.999046 0.041323 9.717300 -0.047163 -0.041945 0.998006 -1.180200 0.000000 0.000000 0.000000 1.000000
0.999378 0.016579 0.031127 -0.000000 -0.017611 0.999294 0.033187 9.717300 -0.030555 -0.033715 0.998964 -1.180200 0.000000 0.000000 0.000000 1.000000
0.999794 0.020234 0.001353 0.000000 -0.020263 0.999440 0.026612 9.717300 -0.000814 -0.026634 0.999645 -1.180200 0.000000 0.000000 0.000000 1.000000
0.999560 0.008220 -0.028498 -0.000000 -0.007493 0.999646 0.025533 9.717300 0.028698 -0.025308 0.999268 -1.180200 0.000000 0.000000 0.000000 1.000000
0.998625 -0.012549 -0.050891 -0.000000 0.014253 0.999345 0.033250 9.717300 0.050440 -0.033930 0.998151 -1.180200 0.000000 0.000000 0.000000 1.000000
0.997582 -0.022222 -0.065849 0.000000 0.025103 0.998749 0.043255 9.717300 0.064806 -0.044804 0.996892 -1.180200 0.000000 0.000000 0.000000 1.000000
0.996790 -0.027241 -0.075284 -0.000000 0.030967 0.998330 0.048770 9.717300 0.073829 -0.050945 0.995969 -1.180200 0.000000 0.000000 0.000000 1.000000
0.996933 -0.026412 -0.073665 0.000000 0.029624 0.998642 0.042851 9.717300 0.072433 -0.044902 0.996362 -1.180200 0.000000 0.000000 0.000000 1.000000
0.997759 -0.026206 -0.061562 -0.000000 0.028639 0.998830 0.038974 9.717300 0.060468 -0.040650 0.997342 -1.180200 0.000000 0.000000 0.000000 1.000000
0.997963 -0.026963 -0.057810 0.000000 0.029143 0.998882 0.037213 9.717300 0.056742 -0.038822 0.997634 -1.180200 0.000000 0.000000 0.000000 1.000000
0.998314 -0.027695 -0.051016 0.000000 0.029463 0.998979 0.034241 9.717300 0.050016 -0.035686 0.998111 -1.180200 0.000000 0.000000 0.000000 1.000000
0.998728 -0.035317 -0.035988 -0.000000 0.036383 0.998905 0.029398 9.717300 0.034910 -0.030670 0.998920 -1.180200 0.000000 0.000000 0.000000 1.000000
0.998796 -0.046060 -0.016861 0.000000 0.046524 0.998517 0.028277 9.717300 0.015533 -0.029028 0.999458 -1.180200 0.000000 0.000000 0.000000 1.000000
0.999377 -0.029267 0.019748 0.000000 0.028563 0.998978 0.035044 9.717300 -0.020753 -0.034458 0.999191 -1.180200 0.000000 0.000000 0.000000 1.000000</float_array><technique_common><accessor source="#mixamorig1_Spine-Matrix-animation-output-transform-array" count="22" stride="16"><param type="float4x4"/></accessor></technique_common></source><source id="mixamorig1_Spine-Interpolations"><Name_array id="mixamorig1_Spine-Interpolations-array" count="22">
 LINEAR LINEAR LINEAR LINEAR LINEAR LINEAR LINEAR LINEAR LINEAR LINEAR LINEAR
LINEAR LINEAR LINEAR LINEAR LINEAR LINEAR LINEAR LINEAR LINEAR LINEAR LINEAR</Name_array><technique_common><accessor source="#mixamorig1_Spine-Interpolations-array" count="22"><param type="name"/></accessor></technique_common></source><sampler id="mixamorig1_Spine-Matrix-animation-transform"><input semantic="INPUT" source="#mixamorig1_Spine-Matrix-animation-input"/><input semantic="OUTPUT" source="#mixamorig1_Spine-Matrix-animation-output-transform"/><input semantic="INTERPOLATION" source="#mixamorig1_Spine-Interpolations"/></sampler><channel source="#mixamorig1_Spine-Matrix-animation-transform" target="mixamorig1_Spine/matrix"/></animation>
    <animation id="mixamorig1_Spine1-anim" name="mixamorig1_Spine1"><source id="mixamorig1_Spine1-Matrix-animation-input"><float_array id="mixamorig1_Spine1-Matrix-animation-input-array" count="22">

0.000000 0.033333 0.066667 0.100000 0.133333 0.166667 0.200000 0.233333 0.266667 0.300000 0.333333 0.366667 0.400000 0.433333 0.466667 0.500000
0.533333 0.566667 0.600000 0.633333 0.666667 0.700000</float_array><technique_common><accessor source="#mixamorig1_Spine1-Matrix-animation-input-array" count="22"><param name="TIME" type="float"/></accessor></technique_common></source><source id="mixamorig1_Spine1-Matrix-animation-output-transform"><float_array id="mixamorig1_Spine1-Matrix-animation-output-transform-array" count="352">

0.998355 -0.035688 0.044879 -0.000000 0.042872 0.984346 -0.170953 11.420100 -0.038075 0.172596 0.984257 0.000000 0.000000 0.000000 0.000000 1.000000
0.995990 -0.023986 0.086195 0.000000 0.037311 0.986977 -0.156475 11.420100 -0.081319 0.159063 0.983914 -0.000000 0.000000 0.000000 0.000000 1.000000
0.992362 -0.011536 0.122817 0.000000 0.028858 0.989701 -0.140211 11.420100 -0.119935 0.142685 0.982475 0.000000 0.000000 0.000000 0.000000 1.000000
0.989283 0.005070 0.145921 -0.000000 0.012440 0.992836 -0.118837 11.420100 -0.145478 0.119378 0.982133 0.000000 0.000000 0.000000 0.000000 1.000000
0.986450 0.015995 0.163280 0.000000 0.000258 0.995084 -0.099034 11.420100 -0.164062 0.097734 0.981597 -0.000000 0.000000 0.000000 0.000000 1.000000
0.985806 0.016917 0.167031 0.000000 0.000311 0.994725 -0.102579 11.420100 -0.167885 0.101175 0.980601 0.000000 0.000000 0.000000 0.000000 1.000000
0.987959 0.018816 0.153566 0.000000 -0.000926 0.993279 -0.115742 11.420100 -0.154711 0.114206 0.981337 0.000000 0.000000 0.000000 0.000000 1.000000
0.990749 0.021567 0.133980 -0.000000 -0.003407 0.990932 -0.134321 11.420100 -0.135662 0.132622 0.981839 0.000000 0.000000 0.000000 0.000000 1.000000
0.993339 0.030242 0.111192 0.000000 -0.012314 0.987280 -0.158511 11.420100 -0.114571 0.156086 0.981076 0.000000 0.000000 0.000000 0.000000 1.000000
0.997490 0.032682 0.062806 0.000000 -0.021266 0.984423 -0.174523 11.420100 -0.067531 0.172750 0.982648 0.000000 0.000000 0.000000 0.000000 1.000000
0.999645 0.026564 -0.001837 0.000000 -0.026438 0.981969 -0.187185 11.420100 -0.003169 0.187167 0.982323 -0.000000 0.000000 0.000000 0.000000 1.000000
0.998241 0.003501 -0.059184 0.000000 -0.014669 0.981802 -0.189340 11.420100 0.057444 0.189875 0.980126 -0.000000 0.000000 0.000000 0.000000 1.000000
0.994546 -0.026797 -0.100803 0.000000 0.008881 0.984681 -0.174140 11.420100 0.103925 0.172295 0.979548 0.000000 0.000000 0.000000 0.000000 1.000000
0.989479 -0.046378 -0.137038 -0.000000 0.024867 0.987649 -0.154699 11.420100 0.142521 0.149664 0.978411 -0.000000 0.000000 0.000000 0.000000 1.000000
0.985021 -0.059010 -0.162024 -0.000000 0.035511 0.988900 -0.144277 11.420100 0.168740 0.136362 0.976183 -0.000000 0.000000 0.000000 0.000000 1.000000
0.983948 -0.060397 -0.167924 0.000000 0.033954 0.987158 -0.156097 11.420100 0.175196 0.147889 0.973363 0.000000 0.000000 0.000000 0.000000 1.000000
0.986555 -0.060241 -0.151921 0.000000 0.034970 0.985868 -0.163836 11.420100 0.159644 0.156321 0.974719 0.000000 0.000000 0.000000 0.000000 1.000000
0.988146 -0.062233 -0.140335 0.000000 0.038263 0.985139 -0.167445 11.420100 0.148670 0.160090 0.975842 0.000000 0.000000 0.000000 0.000000 1.000000
0.991318 -0.061376 -0.116282 -0.000000 0.040608 0.984047 -0.173214 11.420100 0.125058 0.166988 0.977996 -0.000000 0.000000 0.000000 0.000000 1.000000
0.995337 -0.065495 -0.070810 0.000000 0.051625 0.981852 -0.182484 11.420100 0.081477 0.177978 0.980656 -0.000000 0.000000 0.000000 0.000000 1.000000
0.997375 -0.068061 -0.024702 -0.000000 0.062367 0.980865 -0.184428 11.420100 0.036782 0.182403 0.982536 0.000000 0.000000 0.000000 0.000000 1.000000
0.998355 -0.035688 0.044879 -0.000000 0.042872 0.984346 -0.170953 11.420100 -0.038075 0.172596 0.984257 0.000000 0.000000 0.000000 0.000000 1.000000</float_array><technique_common><accessor source="#mixamorig1_Spine1-Matrix-animation-output-transform-array" count="22" stride="16"><param type="float4x4"/></accessor></technique_common></source><source id="mixamorig1_Spine1-Interpolations"><Name_array id="mixamorig1_Spine1-Interpolations-array" count="22">
 LINEAR LINEAR LINEAR LINEAR LINEAR LINEAR LINEAR LINEAR LINEAR LINEAR LINEAR
LINEAR LINEAR LINEAR LINEAR LINEAR LINEAR LINEAR LINEAR LINEAR LINEAR LINEAR</Name_array><technique_common><accessor source="#mixamorig1_Spine1-Interpolations-array" count="22"><param type="name"/></accessor></technique_common></source><sampler id="mixamorig1_Spine1-Matrix-animation-transform"><input semantic="INPUT" source="#mixamorig1_Spine1-Matrix-animation-input"/><input semantic="OUTPUT" source="#mixamorig1_Spine1-Matrix-animation-output-transform"/><input semantic="INTERPOLATION" source="#mixamorig1_Spine1-Interpolations"/></sampler><channel source="#mixamorig1_Spine1-Matrix-animation-transform" target="mixamorig1_Spine1/matrix"/></animation>
    <animation id="mixamorig1_Spine2-anim" name="mixamorig1_Spine2"><source id="mixamorig1_Spine2-Matrix-animation-input"><float_array id="mixamorig1_Spine2-Matrix-animation-input-array" count="22">

0.000000 0.033333 0.066667 0.100000 0.133333 0.166667 0.200000 0.233333 0.266667 0.300000 0.333333 0.366667 0.400000 0.433333 0.466667 0.500000
0.533333 0.566667 0.600000 0.633333 0.666667 0.700000</float_array><technique_common><accessor source="#mixamorig1_Spine2-Matrix-animation-input-array" count="22"><param name="TIME" type="float"/></accessor></technique_common></source><source id="mixamorig1_Spine2-Matrix-animation-output-transform"><float_array id="mixamorig1_Spine2-Matrix-animation-output-transform-array" count="352">

0.998355 -0.035688 0.044879 0.000000 0.042872 0.984346 -0.170953 13.051600 -0.038075 0.172596 0.984257 -0.000000 0.000000 0.000000 0.000000 1.000000
0.995990 -0.023986 0.086195 0.000000 0.037311 0.986977 -0.156475 13.051600 -0.081319 0.159063 0.983914 -0.000000 0.000000 0.000000 0.000000 1.000000
0.992362 -0.011536 0.122817 0.000000 0.028858 0.989701 -0.140211 13.051600 -0.119935 0.142685 0.982475 0.000000 0.000000 0.000000 0.000000 1.000000
0.989283 0.005070 0.145921 0.000000 0.012440 0.992836 -0.118837 13.051600 -0.145478 0.119378 0.982133 -0.000000 0.000000 0.000000 0.000000 1.000000
0.986450 0.015995 0.163280 -0.000000 0.000258 0.995084 -0.099034 13.051600 -0.164061 0.097734 0.981597 -0.000000 0.000000 0.000000 0.000000 1.000000
0.985806 0.016917 0.167031 0.000000 0.000311 0.994725 -0.102579 13.051600 -0.167885 0.101175 0.980601 0.000000 0.000000 0.000000 0.000000 1.000000
0.987959 0.018816 0.153566 -0.000000 -0.000926 0.993279 -0.115742 13.051600 -0.154711 0.114206 0.981337 0.000000 0.000000 0.000000 0.000000 1.000000
0.990749 0.021567 0.133980 -0.000000 -0.003407 0.990932 -0.134321 13.051600 -0.135662 0.132622 0.981839 -0.000000 0.000000 0.000000 0.000000 1.000000
0.993339 0.030242 0.111192 0.000000 -0.012314 0.987280 -0.158511 13.051600 -0.114572 0.156086 0.981076 -0.000000 0.000000 0.000000 0.000000 1.000000
0.997490 0.032682 0.062806 0.000000 -0.021266 0.984423 -0.174523 13.051600 -0.067532 0.172750 0.982648 0.000000 0.000000 0.000000 0.000000 1.000000
0.999645 0.026564 -0.001837 0.000000 -0.026438 0.981969 -0.187185 13.051600 -0.003169 0.187167 0.982323 0.000000 0.000000 0.000000 0.000000 1.000000
0.998241 0.003501 -0.059184 -0.000000 -0.014669 0.981802 -0.189340 13.051600 0.057444 0.189875 0.980126 0.000000 0.000000 0.000000 0.000000 1.000000
0.994546 -0.026797 -0.100803 0.000000 0.008881 0.984681 -0.174140 13.051600 0.103925 0.172295 0.979548 0.000000 0.000000 0.000000 0.000000 1.000000
0.989479 -0.046378 -0.137039 0.000000 0.024868 0.987649 -0.154699 13.051600 0.142521 0.149664 0.978411 0.000000 0.000000 0.000000 0.000000 1.000000
0.985021 -0.059010 -0.162024 -0.000000 0.035511 0.988900 -0.144277 13.051600 0.168740 0.136362 0.976183 0.000000 0.000000 0.000000 0.000000 1.000000
0.983948 -0.060397 -0.167924 0.000000 0.033954 0.987158 -0.156097 13.051600 0.175196 0.147889 0.973363 0.000000 0.000000 0.000000 0.000000 1.000000
0.986555 -0.060241 -0.151921 0.000000 0.034970 0.985867 -0.163836 13.051600 0.159644 0.156321 0.974719 0.000000 0.000000 0.000000 0.000000 1.000000
0.988146 -0.062233 -0.140335 0.000000 0.038263 0.985139 -0.167445 13.051600 0.148670 0.160090 0.975842 -0.000000 0.000000 0.000000 0.000000 1.000000
0.991318 -0.061376 -0.116282 0.000000 0.040608 0.984047 -0.173214 13.051600 0.125058 0.166988 0.977996 0.000000 0.000000 0.000000 0.000000 1.000000
0.995337 -0.065495 -0.070810 0.000000 0.051625 0.981853 -0.182484 13.051600 0.081477 0.177978 0.980656 -0.000000 0.000000 0.000000 0.000000 1.000000
0.997375 -0.068061 -0.024702 0.000000 0.062367 0.980865 -0.184428 13.051600 0.036782 0.182404 0.982536 0.000000 0.000000 0.000000 0.000000 1.000000
0.998355 -0.035688 0.044879 0.000000 0.042872 0.984346 -0.170953 13.051600 -0.038075 0.172596 0.984257 -0.000000 0.000000 0.000000 0.000000 1.000000</float_array><technique_common><accessor source="#mixamorig1_Spine2-Matrix-animation-output-transform-array" count="22" stride="16"><param type="float4x4"/></accessor></technique_common></source><source id="mixamorig1_Spine2-Interpolations"><Name_array id="mixamorig1_Spine2-Interpolations-array" count="22">
 LINEAR LINEAR LINEAR LINEAR LINEAR LINEAR LINEAR LINEAR LINEAR LINEAR LINEAR
LINEAR LINEAR LINEAR LINEAR LINEAR LINEAR LINEAR LINEAR LINEAR LINEAR LINEAR</Name_array><technique_common><accessor source="#mixamorig1_Spine2-Interpolations-array" count="22"><param type="name"/></accessor></technique_common></source><sampler id="mixamorig1_Spine2-Matrix-animation-transform"><input semantic="INPUT" source="#mixamorig1_Spine2-Matrix-animation-input"/><input semantic="OUTPUT" source="#mixamorig1_Spine2-Matrix-animation-output-transform"/><input semantic="INTERPOLATION" source="#mixamorig1_Spine2-Interpolations"/></sampler><channel source="#mixamorig1_Spine2-Matrix-animation-transform" target="mixamorig1_Spine2/matrix"/></animation>
    <animation id="mixamorig1_Neck-anim" name="mixamorig1_Neck"><source id="mixamorig1_Neck-Matrix-animation-input"><float_array id="mixamorig1_Neck-Matrix-animation-input-array" count="22">

0.000000 0.033333 0.066667 0.100000 0.133333 0.166667 0.200000 0.233333 0.266667 0.300000 0.333333 0.366667 0.400000 0.433333 0.466667 0.500000
0.533333 0.566667 0.600000 0.633333 0.666667 0.700000</float_array><technique_common><accessor source="#mixamorig1_Neck-Matrix-animation-input-array" count="22"><param name="TIME" type="float"/></accessor></technique_common></source><source id="mixamorig1_Neck-Matrix-animation-output-transform"><float_array id="mixamorig1_Neck-Matrix-animation-output-transform-array" count="352">

0.999829 0.001729 -0.018401 0.000000 -0.003145 0.997009 -0.077225 14.683000 0.018212 0.077270 0.996844 0.000000 0.000000 0.000000 0.000000 1.000000
0.999655 0.005244 -0.025754 -0.000000 -0.007201 0.997045 -0.076481 14.683000 0.025277 0.076640 0.996738 0.000000 0.000000 0.000000 0.000000 1.000000
0.999343 0.001786 -0.036211 0.000000 -0.004764 0.996596 -0.082301 14.683000 0.035940 0.082420 0.995949 -0.000000 0.000000 0.000000 0.000000 1.000000
0.999086 0.002098 -0.042705 0.000000 -0.005869 0.996070 -0.088374 14.683000 0.042352 0.088544 0.995172 -0.000000 0.000000 0.000000 0.000000 1.000000
0.998837 -0.003417 -0.048099 -0.000000 -0.001557 0.994682 -0.102987 14.683000 0.048195 0.102942 0.993519 0.000000 0.000000 0.000000 0.000000 1.000000
0.998851 -0.008923 -0.047083 0.000000 0.003578 0.993655 -0.112410 14.683000 0.047787 0.112112 0.992546 0.000000 0.000000 0.000000 0.000000 1.000000
0.999097 -0.002836 -0.042383 -0.000000 -0.001812 0.994015 -0.109227 14.683000 0.042440 0.109205 0.993113 -0.000000 0.000000 0.000000 0.000000 1.000000
0.999199 -0.002468 -0.039945 0.000000 -0.001764 0.994410 -0.105569 14.683000 0.039982 0.105555 0.993609 0.000000 0.000000 0.000000 0.000000 1.000000
0.999305 -0.008803 -0.036223 0.000000 0.005397 0.995645 -0.093069 14.683000 0.036885 0.092809 0.995001 0.000000 0.000000 0.000000 0.000000 1.000000
0.999611 -0.009988 -0.026058 0.000000 0.007735 0.996335 -0.085185 14.683000 0.026814 0.084950 0.996024 -0.000000 0.000000 0.000000 0.000000 1.000000
0.999907 -0.004789 -0.012798 0.000000 0.003717 0.996586 -0.082478 14.683000 0.013149 0.082423 0.996511 0.000000 0.000000 0.000000 0.000000 1.000000
0.999901 -0.012558 -0.006326 0.000000 0.012065 0.997275 -0.072783 14.683000 0.007222 0.072699 0.997328 -0.000000 0.000000 0.000000 0.000000 1.000000
0.999921 0.007527 0.010102 0.000000 -0.006722 0.996969 -0.077510 14.683000 -0.010655 0.077436 0.996940 0.000000 0.000000 0.000000 0.000000 1.000000
0.999767 0.002625 0.021435 -0.000000 -0.001140 0.997617 -0.068988 14.683000 -0.021565 0.068948 0.997387 0.000000 0.000000 0.000000 0.000000 1.000000
0.999578 0.003478 0.028840 -0.000000 -0.001651 0.998004 -0.063128 14.683000 -0.029002 0.063054 0.997589 -0.000000 0.000000 0.000000 0.000000 1.000000
0.999469 0.006308 0.031982 0.000000 -0.004368 0.998166 -0.060373 14.683000 -0.032305 0.060201 0.997663 0.000000 0.000000 0.000000 0.000000 1.000000
0.999553 0.008714 0.028594 0.000000 -0.006748 0.997653 -0.068139 14.683000 -0.029121 0.067916 0.997266 0.000000 0.000000 0.000000 0.000000 1.000000
0.999578 0.011823 0.026541 0.000000 -0.009889 0.997368 -0.071831 14.683000 -0.027320 0.071538 0.997064 0.000000 0.000000 0.000000 0.000000 1.000000
0.999519 0.019783 0.023871 0.000000 -0.018095 0.997455 -0.068962 14.683000 -0.025175 0.068497 0.997334 0.000000 0.000000 0.000000 0.000000 1.000000
0.999801 0.016357 0.011452 -0.000000 -0.015563 0.997681 -0.066257 14.683000 -0.012510 0.066065 0.997737 0.000000 0.000000 0.000000 0.000000 1.000000
0.999898 0.014226 -0.001464 0.000000 -0.014293 0.997509 -0.069082 14.683000 0.000478 0.069096 0.997610 0.000000 0.000000 0.000000 0.000000 1.000000
0.999829 0.001729 -0.018401 0.000000 -0.003145 0.997009 -0.077225 14.683000 0.018212 0.077270 0.996844 0.000000 0.000000 0.000000 0.000000 1.000000</float_array><technique_common><accessor source="#mixamorig1_Neck-Matrix-animation-output-transform-array" count="22" stride="16"><param type="float4x4"/></accessor></technique_common></source><source id="mixamorig1_Neck-Interpolations"><Name_array id="mixamorig1_Neck-Interpolations-array" count="22">
 LINEAR LINEAR LINEAR LINEAR LINEAR LINEAR LINEAR LINEAR LINEAR LINEAR LINEAR
LINEAR LINEAR LINEAR LINEAR LINEAR LINEAR LINEAR LINEAR LINEAR LINEAR LINEAR</Name_array><technique_common><accessor source="#mixamorig1_Neck-Interpolations-array" count="22"><param type="name"/></accessor></technique_common></source><sampler id="mixamorig1_Neck-Matrix-animation-transform"><input semantic="INPUT" source="#mixamorig1_Neck-Matrix-animation-input"/><input semantic="OUTPUT" source="#mixamorig1_Neck-Matrix-animation-output-transform"/><input semantic="INTERPOLATION" source="#mixamorig1_Neck-Interpolations"/></sampler><channel source="#mixamorig1_Neck-Matrix-animation-transform" target="mixamorig1_Neck/matrix"/></animation>
    <animation id="mixamorig1_Head-anim" name="mixamorig1_Head"><source id="mixamorig1_Head-Matrix-animation-input"><float_array id="mixamorig1_Head-Matrix-animation-input-array" count="22">

0.000000 0.033333 0.066667 0.100000 0.133333 0.166667 0.200000 0.233333 0.266667 0.300000 0.333333 0.366667 0.400000 0.433333 0.466667 0.500000
0.533333 0.566667 0.600000 0.633333 0.666667 0.700000</float_array><technique_common><accessor source="#mixamorig1_Head-Matrix-animation-input-array" count="22"><param name="TIME" type="float"/></accessor></technique_common></source><source id="mixamorig1_Head-Matrix-animation-output-transform"><float_array id="mixamorig1_Head-Matrix-animation-output-transform-array" count="352">

0.999829 0.001729 -0.018401 -0.000000 -0.000927 0.999052 0.043530 6.720200 0.018458 -0.043505 0.998883 1.972200 0.000000 0.000000 0.000000 1.000000
0.999655 0.005244 -0.025754 -0.000000 -0.004101 0.999012 0.044256 6.720200 0.025961 -0.044135 0.998688 1.972200 0.000000 0.000000 0.000000 1.000000
0.999343 0.001786 -0.036211 -0.000000 -0.000396 0.999263 0.038383 6.720200 0.036253 -0.038343 0.998607 1.972200 0.000000 0.000000 0.000000 1.000000
0.999086 0.002098 -0.042705 -0.000000 -0.000720 0.999479 0.032261 6.720200 0.042750 -0.032200 0.998567 1.972200 0.000000 0.000000 0.000000 1.000000
0.998837 -0.003417 -0.048099 0.000000 0.004266 0.999837 0.017555 6.720200 0.048031 -0.017740 0.998688 1.972200 0.000000 0.000000 0.000000 1.000000
0.998851 -0.008923 -0.047083 0.000000 0.009314 0.999924 0.008083 6.720200 0.047007 -0.008512 0.998858 1.972200 0.000000 0.000000 0.000000 1.000000
0.999097 -0.002836 -0.042383 0.000000 0.003318 0.999931 0.011312 6.720200 0.042348 -0.011442 0.999037 1.972200 0.000000 0.000000 0.000000 1.000000
0.999199 -0.002468 -0.039945 0.000000 0.003070 0.999883 0.015003 6.720200 0.039903 -0.015113 0.999089 1.972200 0.000000 0.000000 0.000000 1.000000
0.999305 -0.008803 -0.036223 -0.000000 0.009805 0.999572 0.027579 6.720200 0.035965 -0.027915 0.998963 1.972200 0.000000 0.000000 0.000000 1.000000
0.999611 -0.009988 -0.026058 0.000000 0.010911 0.999309 0.035529 6.720200 0.025686 -0.035800 0.999029 1.972200 0.000000 0.000000 0.000000 1.000000
0.999907 -0.004789 -0.012798 -0.000000 0.005276 0.999253 0.038275 6.720200 0.012605 -0.038339 0.999185 1.972200 0.000000 0.000000 0.000000 1.000000
0.999901 -0.012558 -0.006326 0.000000 0.012847 0.998765 0.047998 6.720200 0.005715 -0.048075 0.998827 1.972200 0.000000 0.000000 0.000000 1.000000
0.999921 0.007527 0.010102 0.000000 -0.007957 0.999032 0.043258 6.720200 -0.009767 -0.043335 0.999013 1.972200 0.000000 0.000000 0.000000 1.000000
0.999767 0.002625 0.021435 0.000000 -0.003732 0.998652 0.051771 6.720200 -0.021270 -0.051839 0.998429 1.972200 0.000000 0.000000 0.000000 1.000000
0.999578 0.003478 0.028839 0.000000 -0.005136 0.998326 0.057614 6.720200 -0.028591 -0.057737 0.997922 1.972200 0.000000 0.000000 0.000000 1.000000
0.999469 0.006308 0.031982 0.000000 -0.008231 0.998143 0.060358 6.720200 -0.031542 -0.060589 0.997664 1.972200 0.000000 0.000000 0.000000 1.000000
0.999553 0.008714 0.028594 -0.000000 -0.010210 0.998563 0.052600 6.720200 -0.028095 -0.052868 0.998206 1.972200 0.000000 0.000000 0.000000 1.000000
0.999578 0.011823 0.026541 0.000000 -0.013111 0.998717 0.048910 6.720200 -0.025928 -0.049238 0.998450 1.972200 0.000000 0.000000 0.000000 1.000000
0.999519 0.019783 0.023871 0.000000 -0.020998 0.998437 0.051791 6.720200 -0.022809 -0.052268 0.998373 1.972200 0.000000 0.000000 0.000000 1.000000
0.999801 0.016357 0.011452 0.000000 -0.016958 0.998368 0.054526 6.720200 -0.010542 -0.054709 0.998447 1.972200 0.000000 0.000000 0.000000 1.000000
0.999898 0.014226 -0.001464 0.000000 -0.014131 0.998562 0.051706 6.720200 0.002198 -0.051680 0.998661 1.972200 0.000000 0.000000 0.000000 1.000000
0.999829 0.001729 -0.018401 -0.000000 -0.000927 0.999052 0.043530 6.720200 0.018458 -0.043505 0.998883 1.972200 0.000000 0.000000 0.000000 1.000000</float_array><technique_common><accessor source="#mixamorig1_Head-Matrix-animation-output-transform-array" count="22" stride="16"><param type="float4x4"/></accessor></technique_common></source><source id="mixamorig1_Head-Interpolations"><Name_array id="mixamorig1_Head-Interpolations-array" count="22">
 LINEAR LINEAR LINEAR LINEAR LINEAR LINEAR LINEAR LINEAR LINEAR LINEAR LINEAR
LINEAR LINEAR LINEAR LINEAR LINEAR LINEAR LINEAR LINEAR LINEAR LINEAR LINEAR</Name_array><technique_common><accessor source="#mixamorig1_Head-Interpolations-array" count="22"><param type="name"/></accessor></technique_common></source><sampler id="mixamorig1_Head-Matrix-animation-transform"><input semantic="INPUT" source="#mixamorig1_Head-Matrix-animation-input"/><input semantic="OUTPUT" source="#mixamorig1_Head-Matrix-animation-output-transform"/><input semantic="INTERPOLATION" source="#mixamorig1_Head-Interpolations"/></sampler><channel source="#mixamorig1_Head-Matrix-animation-transform" target="mixamorig1_Head/matrix"/></animation>
    <animation id="mixamorig1_LeftShoulder-anim" name="mixamorig1_LeftShoulder"><source id="mixamorig1_LeftShoulder-Matrix-animation-input"><float_array id="mixamorig1_LeftShoulder-Matrix-animation-input-array" count="22">

0.000000 0.033333 0.066667 0.100000 0.133333 0.166667 0.200000 0.233333 0.266667 0.300000 0.333333 0.366667 0.400000 0.433333 0.466667 0.500000
0.533333 0.566667 0.600000 0.633333 0.666667 0.700000</float_array><technique_common><accessor source="#mixamorig1_LeftShoulder-Matrix-animation-input-array" count="22"><param name="TIME" type="float"/></accessor></technique_common></source><source id="mixamorig1_LeftShoulder-Matrix-animation-output-transform"><float_array id="mixamorig1_LeftShoulder-Matrix-animation-output-transform-array" count="352">

-0.034526 0.912191 -0.408307 6.140200 0.026099 -0.407589 -0.912793 13.000700 -0.999063 -0.042172 -0.009735 -0.233600 0.000000 0.000000 0.000000 1.000000
-0.048498 0.916137 -0.397921 6.140200 0.026535 -0.397067 -0.917406 13.000700 -0.998471 -0.055051 -0.005052 -0.233600 0.000000 0.000000 0.000000 1.000000
-0.064388 0.920842 -0.384584 6.140200 0.026657 -0.383659 -0.923090 13.000700 -0.997569 -0.069688 0.000156 -0.233600 0.000000 0.000000 0.000000 1.000000
-0.079835 0.925179 -0.371039 6.140200 0.026286 -0.370144 -0.928603 13.000700 -0.996461 -0.083888 0.005231 -0.233600 0.000000 0.000000 0.000000 1.000000
-0.091161 0.927754 -0.361887 6.140200 0.025667 -0.361090 -0.932178 13.000700 -0.995505 -0.094267 0.009105 -0.233600 0.000000 0.000000 0.000000 1.000000
-0.093639 0.927064 -0.363020 6.140200 0.025483 -0.362271 -0.931724 13.000700 -0.995280 -0.096496 0.010298 -0.233600 0.000000 0.000000 0.000000 1.000000
-0.083620 0.922292 -0.377340 6.140200 0.026069 -0.376511 -0.926045 13.000700 -0.996157 -0.087272 0.007441 -0.233600 0.000000 0.000000 0.000000 1.000000
-0.060784 0.914105 -0.400896 6.140200 0.026636 -0.400010 -0.916124 13.000700 -0.997796 -0.066363 -0.000034 -0.233600 0.000000 0.000000 0.000000 1.000000
-0.028981 0.905144 -0.424116 6.140200 0.026115 -0.423464 -0.905537 13.000700 -0.999239 -0.037319 -0.011365 -0.233600 0.000000 0.000000 0.000000 1.000000
0.004971 0.898869 -0.438189 6.140200 0.024713 -0.438171 -0.898552 13.000700 -0.999682 -0.006363 -0.024392 -0.233600 0.000000 0.000000 0.000000 1.000000
0.033391 0.896850 -0.441072 6.140200 0.023658 -0.441904 -0.896750 13.000700 -0.999162 0.019509 -0.035973 -0.233600 0.000000 0.000000 0.000000 1.000000
0.050087 0.897718 -0.437715 6.140200 0.023523 -0.439204 -0.898079 13.000700 -0.998468 0.034686 -0.043116 -0.233600 0.000000 0.000000 0.000000 1.000000
0.053482 0.898951 -0.434772 6.140200 0.023802 -0.436419 -0.899429 13.000700 -0.998285 0.037754 -0.044737 -0.233600 0.000000 0.000000 0.000000 1.000000
0.048289 0.899000 -0.435277 6.140200 0.023959 -0.436703 -0.899287 13.000700 -0.998546 0.032997 -0.042627 -0.233600 0.000000 0.000000 0.000000 1.000000
0.042409 0.897837 -0.438281 6.140200 0.023907 -0.439462 -0.897943 13.000700 -0.998814 0.027603 -0.040102 -0.233600 0.000000 0.000000 0.000000 1.000000
0.040881 0.896140 -0.441885 6.140200 0.023696 -0.443000 -0.896208 13.000700 -0.998883 0.026168 -0.039345 -0.233600 0.000000 0.000000 0.000000 1.000000
0.042760 0.894487 -0.445044 6.140200 0.023404 -0.446226 -0.894614 13.000700 -0.998811 0.027838 -0.040015 -0.233600 0.000000 0.000000 0.000000 1.000000
0.043035 0.893785 -0.446425 6.140200 0.023280 -0.447615 -0.893923 13.000700 -0.998802 0.028077 -0.040071 -0.233600 0.000000 0.000000 0.000000 1.000000
0.036677 0.895505 -0.443538 6.140200 0.023673 -0.444491 -0.895470 13.000700 -0.999047 0.022343 -0.037502 -0.233600 0.000000 0.000000 0.000000 1.000000
0.021145 0.900296 -0.434765 6.140200 0.024614 -0.435199 -0.899998 13.000700 -0.999473 0.008329 -0.031362 -0.233600 0.000000 0.000000 0.000000 1.000000
-0.003254 0.906736 -0.421686 6.140200 0.025598 -0.421474 -0.906479 13.000700 -0.999667 -0.013743 -0.021839 -0.233600 0.000000 0.000000 0.000000 1.000000
-0.034526 0.912191 -0.408307 6.140200 0.026099 -0.407589 -0.912793 13.000700 -0.999063 -0.042172 -0.009735 -0.233600 0.000000 0.000000 0.000000 1.000000</float_array><technique_common><accessor source="#mixamorig1_LeftShoulder-Matrix-animation-output-transform-array" count="22" stride="16"><param type="float4x4"/></accessor></technique_common></source><source id="mixamorig1_LeftShoulder-Interpolations"><Name_array id="mixamorig1_LeftShoulder-Interpolations-array" count="22">
 LINEAR LINEAR LINEAR LINEAR LINEAR LINEAR LINEAR LINEAR LINEAR LINEAR LINEAR
LINEAR LINEAR LINEAR LINEAR LINEAR LINEAR LINEAR LINEAR LINEAR LINEAR LINEAR</Name_array><technique_common><accessor source="#mixamorig1_LeftShoulder-Interpolations-array" count="22"><param type="name"/></accessor></technique_common></source><sampler id="mixamorig1_LeftShoulder-Matrix-animation-transform"><input semantic="INPUT" source="#mixamorig1_LeftShoulder-Matrix-animation-input"/><input semantic="OUTPUT" source="#mixamorig1_LeftShoulder-Matrix-animation-output-transform"/><input semantic="INTERPOLATION" source="#mixamorig1_LeftShoulder-Interpolations"/></sampler><channel source="#mixamorig1_LeftShoulder-Matrix-animation-transform" target="mixamorig1_LeftShoulder/matrix"/></animation>
    <animation id="mixamorig1_LeftArm-anim" name="mixamorig1_LeftArm"><source id="mixamorig1_LeftArm-Matrix-animation-input"><float_array id="mixamorig1_LeftArm-Matrix-animation-input-array" count="22">

0.000000 0.033333 0.066667 0.100000 0.133333 0.166667 0.200000 0.233333 0.266667 0.300000 0.333333 0.366667 0.400000 0.433333 0.466667 0.500000
0.533333 0.566667 0.600000 0.633333 0.666667 0.700000</float_array><technique_common><accessor source="#mixamorig1_LeftArm-Matrix-animation-input-array" count="22"><param name="TIME" type="float"/></accessor></technique_common></source><source id="mixamorig1_LeftArm-Matrix-animation-output-transform"><float_array id="mixamorig1_LeftArm-Matrix-animation-output-transform-array" count="352">

0.841884 0.524836 -0.125614 0.000000 -0.443337 0.539903 -0.715511 13.005900 -0.307707 0.658067 0.687215 -0.000000 0.000000 0.000000 0.000000 1.000000
0.820404 0.561159 -0.109718 0.000000 -0.476467 0.564858 -0.673732 13.005900 -0.316095 0.605010 0.730785 0.000000 0.000000 0.000000 0.000000 1.000000
0.810387 0.582482 -0.063150 -0.000000 -0.486083 0.608238 -0.627510 13.005900 -0.327103 0.539222 0.776043 0.000000 0.000000 0.000000 0.000000 1.000000
0.807095 0.590405 -0.004402 -0.000000 -0.482619 0.655418 -0.580953 13.005900 -0.340112 0.471009 0.813925 0.000000 0.000000 0.000000 0.000000 1.000000
0.806843 0.588869 0.047308 0.000000 -0.474121 0.693228 -0.542812 13.005900 -0.352440 0.415534 0.838521 0.000000 0.000000 0.000000 0.000000 1.000000
0.815699 0.573459 0.076021 0.000000 -0.458626 0.721184 -0.519188 13.005900 -0.352558 0.388635 0.851273 0.000000 0.000000 0.000000 0.000000 1.000000
0.847186 0.526053 0.074459 0.000000 -0.421475 0.750762 -0.508641 13.005900 -0.323473 0.399531 0.857753 0.000000 0.000000 0.000000 0.000000 1.000000
0.902063 0.429314 0.044413 0.000000 -0.348150 0.784597 -0.513029 13.005900 -0.255097 0.447321 0.857222 -0.000000 0.000000 0.000000 0.000000 1.000000
0.956981 0.290144 -0.001745 0.000000 -0.244415 0.802882 -0.543730 13.005900 -0.156358 0.520766 0.839259 -0.000000 0.000000 0.000000 0.000000 1.000000
0.988193 0.146948 -0.043377 0.000000 -0.143384 0.787163 -0.599846 13.005900 -0.054001 0.598983 0.798939 -0.000000 0.000000 0.000000 0.000000 1.000000
0.996556 0.041008 -0.072066 0.000000 -0.078302 0.751332 -0.655263 13.005900 0.027275 0.658649 0.751956 -0.000000 0.000000 0.000000 0.000000 1.000000
0.994908 -0.015099 -0.099653 0.000000 -0.057501 0.726996 -0.684230 13.005900 0.082779 0.686476 0.722426 0.000000 0.000000 0.000000 0.000000 1.000000
0.990061 -0.032813 -0.136754 -0.000000 -0.069909 0.728919 -0.681021 13.005900 0.122029 0.683813 0.719381 0.000000 0.000000 0.000000 0.000000 1.000000
0.983458 -0.029786 -0.178671 0.000000 -0.096635 0.748017 -0.656606 13.005900 0.153207 0.663010 0.732765 -0.000000 0.000000 0.000000 0.000000 1.000000
0.977014 -0.016954 -0.212502 0.000000 -0.123676 0.766845 -0.629804 13.005900 0.173634 0.641608 0.747121 -0.000000 0.000000 0.000000 0.000000 1.000000
0.973705 0.011918 -0.227500 0.000000 -0.153175 0.773449 -0.615073 13.005900 0.168629 0.633747 0.754937 0.000000 0.000000 0.000000 0.000000 1.000000
0.973026 0.071460 -0.219349 0.000000 -0.194892 0.763392 -0.615833 13.005900 0.123441 0.641971 0.756727 0.000000 0.000000 0.000000 0.000000 1.000000
0.968263 0.160511 -0.191583 0.000000 -0.246774 0.735493 -0.630994 13.005900 0.039626 0.658245 0.751760 0.000000 0.000000 0.000000 0.000000 1.000000
0.953334 0.259463 -0.154382 0.000000 -0.295151 0.693257 -0.657480 13.005900 -0.063566 0.672364 0.737486 0.000000 0.000000 0.000000 0.000000 1.000000
0.927920 0.352409 -0.121540 0.000000 -0.334992 0.645263 -0.686597 13.005900 -0.163537 0.677823 0.716807 0.000000 0.000000 0.000000 0.000000 1.000000
0.891990 0.439024 -0.107755 0.000000 -0.378510 0.595024 -0.708997 13.005900 -0.247150 0.673205 0.696930 -0.000000 0.000000 0.000000 0.000000 1.000000
