<?xml version="1.0" encoding="utf-8"?>
<COLLADA xmlns="http://www.collada.org/2005/11/COLLADASchema" version="1.4.1">
  <asset><contributor><author>Mixamo</author><authoring_tool>COLLADA Mixamo exporter</authoring_tool><comments></comments></contributor><created>2019-11-25T06:14:13Z</created><modified>2019-11-25T06:14:13Z</modified><revision></revision><title></title><unit meter="0.010000"/><up_axis>Y_UP</up_axis></asset>
  <library_animations>
    <animation id="mixamorig1_Hips-anim" name="mixamorig1_Hips"><source id="mixamorig1_Hips-Matrix-animation-input"><float_array id="mixamorig1_Hips-Matrix-animation-input-array" count="36">

0.000000 0.033333 0.066667 0.100000 0.133333 0.166667 0.200000 0.233333 0.266667 0.300000 0.333333 0.366667 0.400000 0.433333 0.466667 0.500000
0.533333 0.566667 0.600000 0.633333 0.666667 0.700000 0.733333 0.766667 0.800000 0.833333 0.866667 0.900000 0.933333 0.966667 1.000000 1.033333
1.066667 1.100000 1.133333 1.166667</float_array><technique_common><accessor source="#mixamorig1_Hips-Matrix-animation-input-array" count="36"><param name="TIME" type="float"/></accessor></technique_common></source><source id="mixamorig1_Hips-Matrix-animation-output-transform"><float_array id="mixamorig1_Hips-Matrix-animation-output-transform-array" count="576">

0.998396 -0.011050 0.055534 -0.001946 0.007788 0.998250 0.058613 99.551147 -0.056084 -0.058087 0.996735 0.537709 0.000000 0.000000 0.000000 1.000000
0.999059 -0.024610 0.035720 -0.021831 0.023070 0.998813 0.042907 99.509682 -0.036733 -0.042042 0.998440 0.346597 0.000000 0.000000 0.000000 1.000000
0.999328 -0.033237 0.015432 0.037791 0.032779 0.999040 0.029069 99.103317 -0.016383 -0.028543 0.999458 0.166139 0.000000 0.000000 0.000000 1.000000
0.999464 -0.032424 0.004436 0.152791 0.032335 0.999300 0.018814 98.363861 -0.005043 -0.018661 0.999813 0.540803 0.000000 0.000000 0.000000 1.000000
0.999673 -0.025525 0.001821 0.280755 0.025506 0.999626 0.009893 96.473618 -0.002073 -0.009843 0.999949 1.151542 0.000000 0.000000 0.000000 1.000000
0.999792 -0.019783 -0.004857 0.486652 0.019807 0.999792 0.004913 95.320534 0.004759 -0.005009 0.999976 1.834351 0.000000 0.000000 0.000000 1.000000
0.999522 -0.018183 -0.025001 0.793536 0.018322 0.999818 0.005317 94.696884 0.024899 -0.005773 0.999673 2.338419 0.000000 0.000000 0.000000 1.000000
0.998500 -0.023234 -0.049573 1.205902 0.023564 0.999704 0.006099 94.276840 0.049417 -0.007258 0.998752 2.562003 0.000000 0.000000 0.000000 1.000000
0.996873 -0.039408 -0.068489 1.771543 0.040152 0.999148 0.009525 94.059990 0.068055 -0.012245 0.997606 3.298594 0.000000 0.000000 0.000000 1.000000
0.994787 -0.059172 -0.083049 2.370882 0.060947 0.997960 0.019004 94.240021 0.081756 -0.023967 0.996364 4.785416 0.000000 0.000000 0.000000 1.000000
0.993667 -0.073634 -0.084874 2.833926 0.075803 0.996866 0.022615 94.275169 0.082943 -0.028906 0.996135 5.572703 0.000000 0.000000 0.000000 1.000000
0.995052 -0.078651 -0.060706 3.219887 0.080222 0.996491 0.023890 94.564476 0.058614 -0.028642 0.997870 6.039893 0.000000 0.000000 0.000000 1.000000
0.996661 -0.078325 -0.023047 3.578727 0.079046 0.996350 0.032237 95.291389 0.020438 -0.033951 0.999215 6.229763 0.000000 0.000000 0.000000 1.000000
0.997579 -0.068839 0.009826 3.842735 0.068386 0.996827 0.040742 96.186005 -0.012599 -0.039972 0.999121 6.200155 0.000000 0.000000 0.000000 1.000000
0.997989 -0.053797 0.033534 3.979057 0.052218 0.997561 0.046320 97.229439 -0.035944 -0.044476 0.998364 6.052864 0.000000 0.000000 0.000000 1.000000
0.997658 -0.044277 0.052126 4.044417 0.041788 0.997977 0.047910 98.228210 -0.054142 -0.045619 0.997491 5.767271 0.000000 0.000000 0.000000 1.000000
0.996870 -0.039579 0.068437 4.101363 0.036685 0.998399 0.043047 98.961609 -0.070031 -0.040402 0.996726 5.260977 0.000000 0.000000 0.000000 1.000000
0.995791 -0.036376 0.084129 4.118070 0.033302 0.998736 0.037653 99.217514 -0.085393 -0.034693 0.995743 4.659119 0.000000 0.000000 0.000000 1.000000
0.994214 -0.037442 0.100677 4.053046 0.034500 0.998930 0.030809 99.125473 -0.101723 -0.027157 0.994442 3.938344 0.000000 0.000000 0.000000 1.000000
0.992043 -0.042336 0.118568 3.965801 0.040120 0.998974 0.021019 98.771957 -0.119336 -0.016094 0.992723 3.088582 0.000000 0.000000 0.000000 1.000000
0.989656 -0.049635 0.134599 3.888064 0.049283 0.998767 0.005950 98.120232 -0.134728 0.000745 0.990882 2.184292 0.000000 0.000000 0.000000 1.000000
0.988046 -0.059682 0.142136 3.783941 0.061486 0.998073 -0.008328 97.239403 -0.141365 0.016968 0.989812 1.454888 0.000000 0.000000 0.000000 1.000000
0.987087 -0.069131 0.144500 3.597013 0.072029 0.997291 -0.014919 96.322296 -0.143077 0.025135 0.989392 1.012157 0.000000 0.000000 0.000000 1.000000
0.986122 -0.072887 0.149170 3.293258 0.075997 0.996992 -0.015243 95.418182 -0.147610 0.026368 0.988694 0.592881 0.000000 0.000000 0.000000 1.000000
0.985977 -0.066902 0.152886 2.835356 0.069902 0.997451 -0.014324 94.656509 -0.151538 0.024810 0.988140 0.550066 0.000000 0.000000 0.000000 1.000000
0.986237 -0.051326 0.157168 2.337154 0.053165 0.998557 -0.007514 94.187714 -0.156555 0.015767 0.987543 1.057357 0.000000 0.000000 0.000000 1.000000
0.983742 -0.037772 0.175571 1.859017 0.037000 0.999286 0.007672 94.246353 -0.175735 -0.001051 0.984437 1.909667 0.000000 0.000000 0.000000 1.000000
0.979184 -0.023647 0.201594 1.233728 0.020228 0.999615 0.019001 94.438347 -0.201966 -0.014528 0.979285 2.911744 0.000000 0.000000 0.000000 1.000000
0.978547 -0.005299 0.205957 0.593247 0.000473 0.999724 0.023473 94.698456 -0.206024 -0.022872 0.978279 3.705781 0.000000 0.000000 0.000000 1.000000
0.983974 0.008508 0.178108 0.186319 -0.014752 0.999321 0.033763 95.222466 -0.177700 -0.035849 0.983432 4.088886 0.000000 0.000000 0.000000 1.000000
0.988972 0.011634 0.147648 -0.062207 -0.018679 0.998748 0.046416 96.117859 -0.146923 -0.048662 0.987950 4.108304 0.000000 0.000000 0.000000 1.000000
0.991789 0.006911 0.127701 -0.197020 -0.014104 0.998358 0.055512 97.040123 -0.127108 -0.056857 0.990258 3.751192 0.000000 0.000000 0.000000 1.000000
0.993863 0.000899 0.110613 -0.238317 -0.007993 0.997936 0.063711 97.963684 -0.110328 -0.064204 0.991819 3.255213 0.000000 0.000000 0.000000 1.000000
0.995691 -0.002701 0.092692 -0.220795 -0.003416 0.997829 0.065766 98.746140 -0.092669 -0.065799 0.993520 2.544490 0.000000 0.000000 0.000000 1.000000
0.997283 -0.004787 0.073514 -0.125321 0.000102 0.997975 0.063603 99.358841 -0.073670 -0.063422 0.995264 1.617927 0.000000 0.000000 0.000000 1.000000
0.998396 -0.011050 0.055534 -0.001945 0.007788 0.998250 0.058613 99.551155 -0.056084 -0.058087 0.996735 0.537709 0.000000 0.000000 0.000000 1.000000</float_array><technique_common><accessor source="#mixamorig1_Hips-Matrix-animation-output-transform-array" count="36" stride="16"><param type="float4x4"/></accessor></technique_common></source><source id="mixamorig1_Hips-Interpolations"><Name_array id="mixamorig1_Hips-Interpolations-array" count="36">
 LINEAR LINEAR LINEAR LINEAR LINEAR LINEAR LINEAR LINEAR LINEAR LINEAR LINEAR
LINEAR LINEAR LINEAR LINEAR LINEAR LINEAR LINEAR LINEAR LINEAR LINEAR LINEAR LINEAR
LINEAR LINEAR LINEAR LINEAR LINEAR LINEAR LINEAR LINEAR LINEAR LINEAR LINEAR LINEAR
LINEAR</Name_array><technique_common><accessor source="#mixamorig1_Hips-Interpolations-array" count="36"><param type="name"/></accessor></technique_common></source><sampler id="mixamorig1_Hips-Matrix-animation-transform"><input semantic="INPUT" source="#mixamorig1_Hips-Matrix-animation-input"/><input semantic="OUTPUT" source="#mixamorig1_Hips-Matrix-animation-output-transform"/><input semantic="INTERPOLATION" source="#mixamorig1_Hips-Interpolations"/></sampler><channel source="#mixamorig1_Hips-Matrix-animation-transform" target="mixamorig1_Hips/matrix"/></animation>
    <animation id="mixamorig1_Spine-anim" name="mixamorig1_Spine"><source id="mixamorig1_Spine-Matrix-animation-input"><float_array id="mixamorig1_Spine-Matrix-animation-input-array" count="36">

0.000000 0.033333 0.066667 0.100000 0.133333 0.166667 0.200000 0.233333 0.266667 0.300000 0.333333 0.366667 0.400000 0.433333 0.466667 0.500000
0.533333 0.566667 0.600000 0.633333 0.666667 0.700000 0.733333 0.766667 0.800000 0.833333 0.866667 0.900000 0.933333 0.966667 1.000000 1.033333
1.066667 1.100000 1.133333 1.166667</float_array><technique_common><accessor source="#mixamorig1_Spine-Matrix-animation-input-array" count="36"><param name="TIME" type="float"/></accessor></technique_common></source><source id="mixamorig1_Spine-Matrix-animation-output-transform"><float_array id="mixamorig1_Spine-Matrix-animation-output-transform-array" count="576">

0.999928 -0.010983 0.004893 0.000000 0.010890 0.999764 0.018817 9.717300 -0.005099 -0.018762 0.999811 -1.180200 0.000000 0.000000 0.000000 1.000000
0.999626 0.004326 0.027009 0.000000 -0.005026 0.999652 0.025898 9.717300 -0.026888 -0.026024 0.999300 -1.180200 0.000000 0.000000 0.000000 1.000000
0.998863 0.013823 0.045625 -0.000000 -0.015195 0.999438 0.029866 9.717300 -0.045187 -0.030525 0.998512 -1.180200 0.000000 0.000000 0.000000 1.000000
0.998248 0.013800 0.057537 0.000000 -0.015683 0.999352 0.032389 9.717300 -0.057053 -0.033235 0.997818 -1.180200 0.000000 0.000000 0.000000 1.000000
0.997945 0.010028 0.063286 0.000000 -0.013284 0.998598 0.051241 9.717300 -0.062683 -0.051976 0.996679 -1.180200 0.000000 0.000000 0.000000 1.000000
0.997160 0.007483 0.074942 -0.000000 -0.012381 0.997801 0.065109 9.717300 -0.074290 -0.065851 0.995060 -1.180200 0.000000 0.000000 0.000000 1.000000
0.995491 0.008732 0.094452 0.000000 -0.014625 0.997976 0.061885 9.717300 -0.093721 -0.062988 0.993604 -1.180200 0.000000 0.000000 0.000000 1.000000
0.993296 0.016265 0.114452 0.000000 -0.022882 0.998127 0.056744 9.717300 -0.113314 -0.058982 0.991807 -1.180200 0.000000 0.000000 0.000000 1.000000
0.990738 0.033124 0.131682 0.000000 -0.039963 0.997968 0.049633 9.717300 -0.129771 -0.054435 0.990049 -1.180200 0.000000 0.000000 0.000000 1.000000
0.988287 0.052829 0.143172 0.000000 -0.058063 0.997780 0.032625 9.717300 -0.141131 -0.040556 0.989160 -1.180200 0.000000 0.000000 0.000000 1.000000
0.987490 0.066696 0.142881 0.000000 -0.071074 0.997138 0.025755 9.717300 -0.140754 -0.035588 0.989405 -1.180200 0.000000 0.000000 0.000000 1.000000
0.989868 0.069338 0.123914 0.000000 -0.072500 0.997143 0.021193 9.717300 -0.122090 -0.029962 0.992067 -1.180200 0.000000 0.000000 0.000000 1.000000
0.993662 0.063542 0.092726 -0.000000 -0.065261 0.997746 0.015627 9.717300 -0.091525 -0.021579 0.995569 -1.180200 0.000000 0.000000 0.000000 1.000000
0.996987 0.048303 0.060698 -0.000000 -0.049226 0.998692 0.013800 9.717300 -0.059952 -0.016746 0.998061 -1.180200 0.000000 0.000000 0.000000 1.000000
0.999001 0.030461 0.032707 0.000000 -0.030933 0.999423 0.014030 9.717300 -0.032261 -0.015028 0.999366 -1.180200 0.000000 0.000000 0.000000 1.000000
0.999772 0.019969 0.007505 -0.000000 -0.020076 0.999693 0.014498 9.717300 -0.007213 -0.014646 0.999867 -1.180200 0.000000 0.000000 0.000000 1.000000
0.999780 0.013990 -0.015640 -0.000000 -0.013734 0.999772 0.016361 9.717300 0.015865 -0.016143 0.999744 -1.180200 0.000000 0.000000 0.000000 1.000000
0.999396 0.010133 -0.033255 0.000000 -0.009573 0.999810 0.016971 9.717300 0.033421 -0.016642 0.999303 -1.180200 0.000000 0.000000 0.000000 1.000000
0.998739 0.011656 -0.048840 0.000000 -0.010786 0.999779 0.018032 9.717300 0.049039 -0.017482 0.998644 -1.180200 0.000000 0.000000 0.000000 1.000000
0.997732 0.016005 -0.065389 -0.000000 -0.014638 0.999665 0.021336 9.717300 0.065708 -0.020331 0.997632 -1.180200 0.000000 0.000000 0.000000 1.000000
0.996720 0.021777 -0.077941 0.000000 -0.019466 0.999352 0.030288 9.717300 0.078550 -0.028671 0.996498 -1.180200 0.000000 0.000000 0.000000 1.000000
0.996081 0.030788 -0.082917 0.000000 -0.027345 0.998729 0.042339 9.717300 0.084115 -0.039906 0.995657 -1.180200 0.000000 0.000000 0.000000 1.000000
0.995389 0.039583 -0.087371 -0.000000 -0.035123 0.998029 0.052010 9.717300 0.089258 -0.048702 0.994817 -1.180200 0.000000 0.000000 0.000000 1.000000
0.994384 0.041897 -0.097189 0.000000 -0.037248 0.998095 0.049173 9.717300 0.099064 -0.045277 0.994050 -1.180200 0.000000 0.000000 0.000000 1.000000
0.993041 0.037683 -0.111578 0.000000 -0.032351 0.998264 0.049221 9.717300 0.113239 -0.045269 0.992536 -1.180200 0.000000 0.000000 0.000000 1.000000
0.991229 0.022801 -0.130172 0.000000 -0.016492 0.998645 0.049348 9.717300 0.131121 -0.046768 0.990263 -1.180200 0.000000 0.000000 0.000000 1.000000
0.988064 0.007834 -0.153846 -0.000000 -0.000925 0.998990 0.044931 9.717300 0.154042 -0.044252 0.987073 -1.180200 0.000000 0.000000 0.000000 1.000000
0.985194 -0.001432 -0.171438 0.000000 0.009551 0.998871 0.046541 9.717300 0.171178 -0.047490 0.984095 -1.180200 0.000000 0.000000 0.000000 1.000000
0.985388 -0.013104 -0.169820 -0.000000 0.021570 0.998609 0.048105 9.717300 0.168953 -0.051065 0.984300 -1.180200 0.000000 0.000000 0.000000 1.000000
0.988906 -0.026352 -0.146187 0.000000 0.032518 0.998672 0.039956 9.717300 0.144940 -0.044267 0.988450 -1.180200 0.000000 0.000000 0.000000 1.000000
0.992370 -0.029420 -0.119735 -0.000000 0.033407 0.998948 0.031423 9.717300 0.118684 -0.035183 0.992309 -1.180200 0.000000 0.000000 0.000000 1.000000
0.994984 -0.024092 -0.097089 0.000000 0.026625 0.999336 0.024880 9.717300 0.096425 -0.027340 0.994965 -1.180200 0.000000 0.000000 0.000000 1.000000
0.997281 -0.018735 -0.071275 0.000000 0.020150 0.999613 0.019197 9.717300 0.070888 -0.020581 0.997272 -1.180200 0.000000 0.000000 0.000000 1.000000
0.998944 -0.016656 -0.042814 0.000000 0.017409 0.999699 0.017273 9.717300 0.042514 -0.018001 0.998934 -1.180200 0.000000 0.000000 0.000000 1.000000
0.999708 -0.016447 -0.017730 0.000000 0.016750 0.999713 0.017104 9.717300 0.017444 -0.017396 0.999697 -1.180200 0.000000 0.000000 0.000000 1.000000
0.999928 -0.010984 0.004893 0.000000 0.010890 0.999764 0.018817 9.717300 -0.005099 -0.018762 0.999811 -1.180200 0.000000 0.000000 0.000000 1.000000</float_array><technique_common><accessor source="#mixamorig1_Spine-Matrix-animation-output-transform-array" count="36" stride="16"><param type="float4x4"/></accessor></technique_common></source><source id="mixamorig1_Spine-Interpolations"><Name_array id="mixamorig1_Spine-Interpolations-array" count="36">
 LINEAR LINEAR LINEAR LINEAR LINEAR LINEAR LINEAR LINEAR LINEAR LINEAR LINEAR
LINEAR LINEAR LINEAR LINEAR LINEAR LINEAR LINEAR LINEAR LINEAR LINEAR LINEAR LINEAR
LINEAR LINEAR LINEAR LINEAR LINEAR LINEAR LINEAR LINEAR LINEAR LINEAR LINEAR LINEAR
LINEAR</Name_array><technique_common><accessor source="#mixamorig1_Spine-Interpolations-array" count="36"><param type="name"/></accessor></technique_common></source><sampler id="mixamorig1_Spine-Matrix-animation-transform"><input semantic="INPUT" source="#mixamorig1_Spine-Matrix-animation-input"/><input semantic="OUTPUT" source="#mixamorig1_Spine-Matrix-animation-output-transform"/><input semantic="INTERPOLATION" source="#mixamorig1_Spine-Interpolations"/></sampler><channel source="#mixamorig1_Spine-Matrix-animation-transform" target="mixamorig1_Spine/matrix"/></animation>
    <animation id="mixamorig1_Spine1-anim" name="mixamorig1_Spine1"><source id="mixamorig1_Spine1-Matrix-animation-input"><float_array id="mixamorig1_Spine1-Matrix-animation-input-array" count="36">

0.000000 0.033333 0.066667 0.100000 0.133333 0.166667 0.200000 0.233333 0.266667 0.300000 0.333333 0.366667 0.400000 0.433333 0.466667 0.500000
0.533333 0.566667 0.600000 0.633333 0.666667 0.700000 0.733333 0.766667 0.800000 0.833333 0.866667 0.900000 0.933333 0.966667 1.000000 1.033333
1.066667 1.100000 1.133333 1.166667</float_array><technique_common><accessor source="#mixamorig1_Spine1-Matrix-animation-input-array" count="36"><param name="TIME" type="float"/></accessor></technique_common></source><source id="mixamorig1_Spine1-Matrix-animation-output-transform"><float_array id="mixamorig1_Spine1-Matrix-animation-output-transform-array" count="576">

0.999990 -0.004232 0.001173 0.000000 0.004245 0.999927 -0.011333 11.420100 -0.001125 0.011338 0.999935 0.000000 0.000000 0.000000 0.000000 1.000000
0.999969 -0.002365 0.007470 0.000000 0.002447 0.999937 -0.010934 11.420100 -0.007444 0.010952 0.999912 0.000000 0.000000 0.000000 0.000000 1.000000
0.999918 -0.001209 0.012747 0.000000 0.001346 0.999941 -0.010800 11.420100 -0.012734 0.010816 0.999860 0.000000 0.000000 0.000000 0.000000 1.000000
0.999870 -0.001341 0.016077 0.000000 0.001516 0.999939 -0.010895 11.420100 -0.016062 0.010918 0.999811 0.000000 0.000000 0.000000 0.000000 1.000000
0.999841 -0.002584 0.017663 0.000000 0.002895 0.999841 -0.017592 11.420100 -0.017615 0.017640 0.999689 0.000000 0.000000 0.000000 0.000000 1.000000
0.999776 -0.002966 0.020964 -0.000000 0.003420 0.999759 -0.021672 11.420100 -0.020895 0.021739 0.999545 -0.000000 0.000000 0.000000 0.000000 1.000000
0.999648 -0.002421 0.026438 -0.000000 0.002950 0.999796 -0.019982 11.420100 -0.026384 0.020053 0.999451 0.000000 0.000000 0.000000 0.000000 1.000000
0.999485 -0.001925 0.032025 -0.000000 0.002481 0.999847 -0.017312 11.420100 -0.031986 0.017383 0.999337 0.000000 0.000000 0.000000 0.000000 1.000000
0.999314 0.000250 0.037041 -0.000000 0.000230 0.999916 -0.012963 11.420100 -0.037041 0.012962 0.999230 0.000000 0.000000 0.000000 0.000000 1.000000
0.999155 0.004061 0.040894 0.000000 -0.003771 0.999967 -0.007173 11.420100 -0.040922 0.007013 0.999138 0.000000 0.000000 0.000000 0.000000 1.000000
0.999124 0.006261 0.041369 0.000000 -0.006051 0.999968 -0.005193 11.420100 -0.041400 0.004939 0.999130 0.000000 0.000000 0.000000 0.000000 1.000000
0.999310 0.007368 0.036397 0.000000 -0.007214 0.999964 -0.004373 11.420100 -0.036428 0.004108 0.999328 0.000000 0.000000 0.000000 0.000000 1.000000
0.999599 0.007324 0.027349 0.000000 -0.007185 0.999961 -0.005167 11.420100 -0.027386 0.004969 0.999613 0.000000 0.000000 0.000000 0.000000 1.000000
0.999830 0.005166 0.017724 0.000000 -0.005056 0.999968 -0.006254 11.420100 -0.017756 0.006164 0.999823 0.000000 0.000000 0.000000 0.000000 1.000000
0.999954 0.002317 0.009323 0.000000 -0.002251 0.999973 -0.007056 11.420100 -0.009339 0.007035 0.999932 0.000000 0.000000 0.000000 0.000000 1.000000
0.999998 0.000852 0.001981 0.000000 -0.000837 0.999972 -0.007428 11.420100 -0.001988 0.007427 0.999970 0.000000 0.000000 0.000000 0.000000 1.000000
0.999989 0.000865 -0.004512 -0.000000 -0.000897 0.999974 -0.007130 11.420100 0.004505 0.007134 0.999964 0.000000 0.000000 0.000000 0.000000 1.000000
0.999956 0.000654 -0.009380 -0.000000 -0.000722 0.999973 -0.007312 11.420100 0.009375 0.007319 0.999929 0.000000 0.000000 0.000000 0.000000 1.000000
0.999907 0.000978 -0.013566 -0.000000 -0.001085 0.999969 -0.007844 11.420100 0.013558 0.007858 0.999877 -0.000000 0.000000 0.000000 0.000000 1.000000
0.999837 0.002354 -0.017927 0.000000 -0.002501 0.999964 -0.008164 11.420100 0.017907 0.008207 0.999806 0.000000 0.000000 0.000000 0.000000 1.000000
0.999769 0.003547 -0.021213 -0.000000 -0.003700 0.999967 -0.007194 11.420100 0.021187 0.007271 0.999749 0.000000 0.000000 0.000000 0.000000 1.000000
0.999739 0.004163 -0.022477 0.000000 -0.004340 0.999960 -0.007849 11.420100 0.022443 0.007945 0.999717 0.000000 0.000000 0.000000 0.000000 1.000000
0.999710 0.004575 -0.023634 0.000000 -0.004838 0.999927 -0.011091 11.420100 0.023581 0.011203 0.999659 -0.000000 0.000000 0.000000 0.000000 1.000000
0.999642 0.004852 -0.026325 0.000000 -0.005137 0.999929 -0.010761 11.420100 0.026271 0.010893 0.999595 0.000000 0.000000 0.000000 0.000000 1.000000
0.999527 0.004441 -0.030430 0.000000 -0.004781 0.999927 -0.011101 11.420100 0.030378 0.011241 0.999475 0.000000 0.000000 0.000000 0.000000 1.000000
0.999353 0.002821 -0.035850 0.000000 -0.003176 0.999946 -0.009874 11.420100 0.035820 0.009982 0.999308 -0.000000 0.000000 0.000000 0.000000 1.000000
0.999088 0.001065 -0.042686 0.000000 -0.001320 0.999981 -0.005946 11.420100 0.042679 0.005997 0.999071 0.000000 0.000000 0.000000 0.000000 1.000000
0.998855 0.000070 -0.047833 0.000000 -0.000171 0.999998 -0.002107 11.420100 0.047833 0.002113 0.998853 0.000000 0.000000 0.000000 0.000000 1.000000
0.998853 -0.002094 -0.047827 -0.000000 0.002059 0.999998 -0.000788 11.420100 0.047828 0.000689 0.998855 0.000000 0.000000 0.000000 0.000000 1.000000
0.999113 -0.005937 -0.041698 0.000000 0.005832 0.999980 -0.002618 11.420100 0.041713 0.002372 0.999127 0.000000 0.000000 0.000000 0.000000 1.000000
0.999384 -0.007609 -0.034265 -0.000000 0.007443 0.999960 -0.004972 11.420100 0.034302 0.004714 0.999400 0.000000 0.000000 0.000000 0.000000 1.000000
0.999597 -0.006569 -0.027621 0.000000 0.006374 0.999954 -0.007141 11.420100 0.027667 0.006962 0.999593 0.000000 0.000000 0.000000 0.000000 1.000000
0.999783 -0.005135 -0.020167 -0.000000 0.004951 0.999946 -0.009154 11.420100 0.020213 0.009053 0.999755 0.000000 0.000000 0.000000 0.000000 1.000000
0.999916 -0.004475 -0.012128 0.000000 0.004355 0.999942 -0.009898 11.420100 0.012171 0.009845 0.999877 0.000000 0.000000 0.000000 0.000000 1.000000
0.999977 -0.004444 -0.005119 -0.000000 0.004390 0.999934 -0.010597 11.420100 0.005165 0.010574 0.999931 0.000000 0.000000 0.000000 0.000000 1.000000
0.999990 -0.004232 0.001173 0.000000 0.004245 0.999927 -0.011333 11.420100 -0.001125 0.011338 0.999935 -0.000000 0.000000 0.000000 0.000000 1.000000</float_array><technique_common><accessor source="#mixamorig1_Spine1-Matrix-animation-output-transform-array" count="36" stride="16"><param type="float4x4"/></accessor></technique_common></source><source id="mixamorig1_Spine1-Interpolations"><Name_array id="mixamorig1_Spine1-Interpolations-array" count="36">
 LINEAR LINEAR LINEAR LINEAR LINEAR LINEAR LINEAR LINEAR LINEAR LINEAR LINEAR
LINEAR LINEAR LINEAR LINEAR LINEAR LINEAR LINEAR LINEAR LINEAR LINEAR LINEAR LINEAR
LINEAR LINEAR LINEAR LINEAR LINEAR LINEAR LINEAR LINEAR LINEAR LINEAR LINEAR LINEAR
LINEAR</Name_array><technique_common><accessor source="#mixamorig1_Spine1-Interpolations-array" count="36"><param type="name"/></accessor></technique_common></source><sampler id="mixamorig1_Spine1-Matrix-animation-transform"><input semantic="INPUT" source="#mixamorig1_Spine1-Matrix-animation-input"/><input semantic="OUTPUT" source="#mixamorig1_Spine1-Matrix-animation-output-transform"/><input semantic="INTERPOLATION" source="#mixamorig1_Spine1-Interpolations"/></sampler><channel source="#mixamorig1_Spine1-Matrix-animation-transform" target="mixamorig1_Spine1/matrix"/></animation>
    <animation id="mixamorig1_Spine2-anim" name="mixamorig1_Spine2"><source id="mixamorig1_Spine2-Matrix-animation-input"><float_array id="mixamorig1_Spine2-Matrix-animation-input-array" count="36">

0.000000 0.033333 0.066667 0.100000 0.133333 0.166667 0.200000 0.233333 0.266667 0.300000 0.333333 0.366667 0.400000 0.433333 0.466667 0.500000
0.533333 0.566667 0.600000 0.633333 0.666667 0.700000 0.733333 0.766667 0.800000 0.833333 0.866667 0.900000 0.933333 0.966667 1.000000 1.033333
1.066667 1.100000 1.133333 1.166667</float_array><technique_common><accessor source="#mixamorig1_Spine2-Matrix-animation-input-array" count="36"><param name="TIME" type="float"/></accessor></technique_common></source><source id="mixamorig1_Spine2-Matrix-animation-output-transform"><float_array id="mixamorig1_Spine2-Matrix-animation-output-transform-array" count="576">

0.999990 -0.004228 0.001096 0.000000 0.004240 0.999927 -0.011336 13.051600 -0.001048 0.011341 0.999935 0.000000 0.000000 0.000000 0.000000 1.000000
0.999970 -0.002321 0.007403 0.000000 0.002402 0.999937 -0.010951 13.051600 -0.007377 0.010969 0.999913 0.000000 0.000000 0.000000 0.000000 1.000000
0.999919 -0.001132 0.012684 -0.000000 0.001269 0.999941 -0.010824 13.051600 -0.012671 0.010839 0.999861 0.000000 0.000000 0.000000 0.000000 1.000000
0.999871 -0.001241 0.016012 0.000000 0.001416 0.999939 -0.010928 13.051600 -0.015998 0.010949 0.999812 0.000000 0.000000 0.000000 0.000000 1.000000
0.999842 -0.002598 0.017608 -0.000000 0.002908 0.999841 -0.017614 13.051600 -0.017560 0.017662 0.999690 -0.000000 0.000000 0.000000 0.000000 1.000000
0.999777 -0.003074 0.020912 0.000000 0.003527 0.999759 -0.021691 13.051600 -0.020841 0.021760 0.999546 0.000000 0.000000 0.000000 0.000000 1.000000
0.999649 -0.002507 0.026387 0.000000 0.003036 0.999795 -0.020012 13.051600 -0.026332 0.020085 0.999451 -0.000000 0.000000 0.000000 0.000000 1.000000
0.999487 -0.001989 0.031970 0.000000 0.002545 0.999846 -0.017353 13.051600 -0.031931 0.017425 0.999338 0.000000 0.000000 0.000000 0.000000 1.000000
0.999315 0.000266 0.036998 -0.000000 0.000215 0.999916 -0.012986 13.051600 -0.036998 0.012985 0.999231 -0.000000 0.000000 0.000000 0.000000 1.000000
0.999155 0.004201 0.040875 -0.000000 -0.003912 0.999967 -0.007150 13.051600 -0.040904 0.006984 0.999139 0.000000 0.000000 0.000000 0.000000 1.000000
0.999122 0.006339 0.041405 0.000000 -0.006133 0.999968 -0.005099 13.051600 -0.041436 0.004841 0.999129 0.000000 0.000000 0.000000 0.000000 1.000000
0.999307 0.007416 0.036468 0.000000 -0.007265 0.999965 -0.004252 13.051600 -0.036498 0.003984 0.999326 0.000000 0.000000 0.000000 0.000000 1.000000
0.999597 0.007380 0.027421 0.000000 -0.007244 0.999961 -0.005069 13.051600 -0.027457 0.004868 0.999611 0.000000 0.000000 0.000000 0.000000 1.000000
0.999829 0.005220 0.017759 -0.000000 -0.005111 0.999968 -0.006211 13.051600 -0.017791 0.006119 0.999823 0.000000 0.000000 0.000000 0.000000 1.000000
0.999954 0.002352 0.009319 0.000000 -0.002286 0.999973 -0.007049 13.051600 -0.009335 0.007027 0.999932 0.000000 0.000000 0.000000 0.000000 1.000000
0.999998 0.000859 0.001965 -0.000000 -0.000844 0.999972 -0.007428 13.051600 -0.001971 0.007426 0.999970 0.000000 0.000000 0.000000 0.000000 1.000000
0.999989 0.000845 -0.004516 -0.000000 -0.000877 0.999974 -0.007132 13.051600 0.004510 0.007136 0.999964 0.000000 0.000000 0.000000 0.000000 1.000000
0.999956 0.000610 -0.009382 0.000000 -0.000678 0.999973 -0.007316 13.051600 0.009378 0.007322 0.999929 0.000000 0.000000 0.000000 0.000000 1.000000
0.999908 0.000908 -0.013566 0.000000 -0.001014 0.999969 -0.007854 13.051600 0.013558 0.007867 0.999877 0.000000 0.000000 0.000000 0.000000 1.000000
0.999837 0.002253 -0.017911 0.000000 -0.002400 0.999964 -0.008197 13.051600 0.017892 0.008239 0.999806 0.000000 0.000000 0.000000 0.000000 1.000000
0.999770 0.003436 -0.021191 0.000000 -0.003591 0.999967 -0.007253 13.051600 0.021165 0.007327 0.999749 0.000000 0.000000 0.000000 0.000000 1.000000
0.999740 0.004107 -0.022441 -0.000000 -0.004286 0.999959 -0.007935 13.051600 0.022408 0.008029 0.999717 0.000000 0.000000 0.000000 0.000000 1.000000
0.999712 0.004610 -0.023568 0.000000 -0.004875 0.999925 -0.011206 13.051600 0.023515 0.011318 0.999659 0.000000 0.000000 0.000000 0.000000 1.000000
0.999643 0.004870 -0.026271 0.000000 -0.005158 0.999927 -0.010884 13.051600 0.026216 0.011015 0.999596 0.000000 0.000000 0.000000 0.000000 1.000000
0.999528 0.004445 -0.030388 0.000000 -0.004788 0.999926 -0.011228 13.051600 0.030336 0.011368 0.999475 -0.000000 0.000000 0.000000 0.000000 1.000000
0.999354 0.002758 -0.035832 0.000000 -0.003118 0.999945 -0.009981 13.051600 0.035803 0.010087 0.999308 0.000000 0.000000 0.000000 0.000000 1.000000
0.999088 0.000906 -0.042680 0.000000 -0.001165 0.999981 -0.006030 13.051600 0.042674 0.006074 0.999071 0.000000 0.000000 0.000000 0.000000 1.000000
0.998855 -0.000052 -0.047832 -0.000000 -0.000051 0.999998 -0.002170 13.051600 0.047832 0.002170 0.998853 0.000000 0.000000 0.000000 0.000000 1.000000
0.998852 -0.002168 -0.047844 0.000000 0.002133 0.999997 -0.000778 13.051600 0.047846 0.000675 0.998855 0.000000 0.000000 0.000000 0.000000 1.000000
0.999110 -0.006053 -0.041748 0.000000 0.005954 0.999979 -0.002492 13.051600 0.041763 0.002241 0.999125 0.000000 0.000000 0.000000 0.000000 1.000000
0.999380 -0.007764 -0.034333 0.000000 0.007603 0.999959 -0.004819 13.051600 0.034369 0.004555 0.999399 -0.000000 0.000000 0.000000 0.000000 1.000000
0.999594 -0.006738 -0.027686 -0.000000 0.006546 0.999954 -0.007031 13.051600 0.027732 0.006847 0.999592 0.000000 0.000000 0.000000 0.000000 1.000000
0.999781 -0.005288 -0.020226 0.000000 0.005105 0.999946 -0.009087 13.051600 0.020273 0.008982 0.999754 0.000000 0.000000 0.000000 0.000000 1.000000
0.999915 -0.004576 -0.012187 0.000000 0.004456 0.999941 -0.009859 13.051600 0.012231 0.009803 0.999877 -0.000000 0.000000 0.000000 0.000000 1.000000
0.999976 -0.004493 -0.005183 0.000000 0.004438 0.999934 -0.010578 13.051600 0.005230 0.010555 0.999931 0.000000 0.000000 0.000000 0.000000 1.000000
0.999990 -0.004228 0.001096 0.000000 0.004240 0.999927 -0.011336 13.051600 -0.001048 0.011341 0.999935 0.000000 0.000000 0.000000 0.000000 1.000000</float_array><technique_common><accessor source="#mixamorig1_Spine2-Matrix-animation-output-transform-array" count="36" stride="16"><param type="float4x4"/></accessor></technique_common></source><source id="mixamorig1_Spine2-Interpolations"><Name_array id="mixamorig1_Spine2-Interpolations-array" count="36">
 LINEAR LINEAR LINEAR LINEAR LINEAR LINEAR LINEAR LINEAR LINEAR LINEAR LINEAR
LINEAR LINEAR LINEAR LINEAR LINEAR LINEAR LINEAR LINEAR LINEAR LINEAR LINEAR LINEAR
LINEAR LINEAR LINEAR LINEAR LINEAR LINEAR LINEAR LINEAR LINEAR LINEAR LINEAR LINEAR
LINEAR</Name_array><technique_common><accessor source="#mixamorig1_Spine2-Interpolations-array" count="36"><param type="name"/></accessor></technique_common></source><sampler id="mixamorig1_Spine2-Matrix-animation-transform"><input semantic="INPUT" source="#mixamorig1_Spine2-Matrix-animation-input"/><input semantic="OUTPUT" source="#mixamorig1_Spine2-Matrix-animation-output-transform"/><input semantic="INTERPOLATION" source="#mixamorig1_Spine2-Interpolations"/></sampler><channel source="#mixamorig1_Spine2-Matrix-animation-transform" target="mixamorig1_Spine2/matrix"/></animation>
    <animation id="mixamorig1_Neck-anim" name="mixamorig1_Neck"><source id="mixamorig1_Neck-Matrix-animation-input"><float_array id="mixamorig1_Neck-Matrix-animation-input-array" count="36">

0.000000 0.033333 0.066667 0.100000 0.133333 0.166667 0.200000 0.233333 0.266667 0.300000 0.333333 0.366667 0.400000 0.433333 0.466667 0.500000
0.533333 0.566667 0.600000 0.633333 0.666667 0.700000 0.733333 0.766667 0.800000 0.833333 0.866667 0.900000 0.933333 0.966667 1.000000 1.033333
1.066667 1.100000 1.133333 1.166667</float_array><technique_common><accessor source="#mixamorig1_Neck-Matrix-animation-input-array" count="36"><param name="TIME" type="float"/></accessor></technique_common></source><source id="mixamorig1_Neck-Matrix-animation-output-transform"><float_array id="mixamorig1_Neck-Matrix-animation-output-transform-array" count="576">

0.999972 -0.001255 -0.007318 0.000000 0.000492 0.994644 -0.103362 14.683000 0.007408 0.103355 0.994617 -0.000000 0.000000 0.000000 0.000000 1.000000
0.999963 -0.000847 -0.008543 0.000000 -0.000035 0.994707 -0.102754 14.683000 0.008584 0.102750 0.994670 0.000000 0.000000 0.000000 0.000000 1.000000
0.999959 -0.000084 -0.009020 0.000000 -0.000830 0.994858 -0.101275 14.683000 0.008982 0.101278 0.994818 0.000000 0.000000 0.000000 0.000000 1.000000
0.999952 0.000305 -0.009791 0.000000 -0.001281 0.995006 -0.099812 14.683000 0.009712 0.099819 0.994958 0.000000 0.000000 0.000000 0.000000 1.000000
0.999941 -0.000810 -0.010815 -0.000000 -0.000258 0.995147 -0.098397 14.683000 0.010842 0.098394 0.995089 -0.000000 0.000000 0.000000 0.000000 1.000000
0.999921 -0.002129 -0.012419 -0.000000 0.000909 0.995249 -0.097357 14.683000 0.012567 0.097338 0.995172 -0.000000 0.000000 0.000000 0.000000 1.000000
0.999895 -0.003405 -0.014115 0.000000 0.002041 0.995424 -0.095536 14.683000 0.014376 0.095497 0.995326 -0.000000 0.000000 0.000000 0.000000 1.000000
0.999879 -0.003596 -0.015122 0.000000 0.002167 0.995620 -0.093468 14.683000 0.015392 0.093424 0.995507 0.000000 0.000000 0.000000 0.000000 1.000000
0.999868 -0.003425 -0.015881 0.000000 0.001941 0.995705 -0.092566 14.683000 0.016130 0.092523 0.995580 -0.000000 0.000000 0.000000 0.000000 1.000000
0.999862 -0.003126 -0.016307 0.000000 0.001607 0.995727 -0.092337 14.683000 0.016526 0.092298 0.995594 0.000000 0.000000 0.000000 0.000000 1.000000
0.999871 -0.001938 -0.015928 -0.000000 0.000474 0.995810 -0.091443 14.683000 0.016039 0.091423 0.995683 -0.000000 0.000000 0.000000 0.000000 1.000000
0.999892 -0.000298 -0.014665 0.000000 -0.001037 0.995860 -0.090893 14.683000 0.014632 0.090898 0.995753 -0.000000 0.000000 0.000000 0.000000 1.000000
0.999922 0.001850 -0.012317 0.000000 -0.002981 0.995713 -0.092445 14.683000 0.012093 0.092475 0.995642 0.000000 0.000000 0.000000 0.000000 1.000000
0.999947 0.003916 -0.009545 0.000000 -0.004809 0.995419 -0.095487 14.683000 0.009128 0.095528 0.995385 0.000000 0.000000 0.000000 0.000000 1.000000
0.999964 0.004460 -0.007263 0.000000 -0.005153 0.995126 -0.098480 14.683000 0.006788 0.098514 0.995112 0.000000 0.000000 0.000000 0.000000 1.000000
0.999977 0.004090 -0.005444 0.000000 -0.004616 0.994930 -0.100461 14.683000 0.005006 0.100484 0.994926 0.000000 0.000000 0.000000 0.000000 1.000000
0.999985 0.003724 -0.004032 0.000000 -0.004112 0.994889 -0.100888 14.683000 0.003636 0.100903 0.994890 0.000000 0.000000 0.000000 0.000000 1.000000
0.999987 0.004084 -0.003118 0.000000 -0.004377 0.994933 -0.100443 14.683000 0.002692 0.100455 0.994938 0.000000 0.000000 0.000000 0.000000 1.000000
0.999987 0.004492 -0.002235 0.000000 -0.004691 0.995048 -0.099286 14.683000 0.001778 0.099295 0.995056 -0.000000 0.000000 0.000000 0.000000 1.000000
0.999987 0.004942 -0.001176 0.000000 -0.005033 0.995171 -0.098027 14.683000 0.000685 0.098032 0.995183 0.000000 0.000000 0.000000 0.000000 1.000000
0.999982 0.006059 -0.000344 0.000000 -0.006064 0.995225 -0.097424 14.683000 -0.000248 0.097424 0.995243 -0.000000 0.000000 0.000000 0.000000 1.000000
0.999974 0.007169 -0.000021 0.000000 -0.007138 0.995336 -0.096207 14.683000 -0.000669 0.096205 0.995361 0.000000 0.000000 0.000000 0.000000 1.000000
0.999971 0.007554 0.000502 0.000000 -0.007473 0.995499 -0.094482 14.683000 -0.001214 0.094475 0.995526 0.000000 0.000000 0.000000 0.000000 1.000000
0.999969 0.007600 0.001823 0.000000 -0.007399 0.995671 -0.092653 14.683000 -0.002519 0.092636 0.995697 0.000000 0.000000 0.000000 0.000000 1.000000
0.999976 0.006150 0.003160 0.000000 -0.005836 0.995825 -0.091098 14.683000 -0.003708 0.091077 0.995837 0.000000 0.000000 0.000000 0.000000 1.000000
0.999975 0.005281 0.004672 0.000000 -0.004833 0.995831 -0.091091 14.683000 -0.005134 0.091066 0.995832 0.000000 0.000000 0.000000 0.000000 1.000000
0.999960 0.006034 0.006600 0.000000 -0.005399 0.995710 -0.092375 14.683000 -0.007129 0.092336 0.995702 0.000000 0.000000 0.000000 0.000000 1.000000
0.999961 0.005288 0.007099 0.000000 -0.004600 0.995590 -0.093699 14.683000 -0.007563 0.093662 0.995575 -0.000000 0.000000 0.000000 0.000000 1.000000
0.999973 0.004044 0.006169 0.000000 -0.003452 0.995645 -0.093160 14.683000 -0.006519 0.093136 0.995632 -0.000000 0.000000 0.000000 0.000000 1.000000
0.999980 0.004206 0.004654 0.000000 -0.003759 0.995723 -0.092314 14.683000 -0.005023 0.092294 0.995719 -0.000000 0.000000 0.000000 0.000000 1.000000
0.999991 0.003134 0.002941 -0.000000 -0.002845 0.995614 -0.093518 14.683000 -0.003221 0.093509 0.995613 -0.000000 0.000000 0.000000 0.000000 1.000000
0.999998 0.001497 0.001163 -0.000000 -0.001379 0.995448 -0.095296 14.683000 -0.001300 0.095295 0.995448 -0.000000 0.000000 0.000000 0.000000 1.000000
0.999999 0.000729 -0.000974 -0.000000 -0.000820 0.995216 -0.097691 14.683000 0.000898 0.097691 0.995216 -0.000000 0.000000 0.000000 0.000000 1.000000
0.999993 0.000057 -0.003641 0.000000 -0.000424 0.994885 -0.101015 14.683000 0.003617 0.101016 0.994878 0.000000 0.000000 0.000000 0.000000 1.000000
0.999982 -0.000812 -0.005895 0.000000 0.000201 0.994677 -0.103039 14.683000 0.005947 0.103036 0.994660 0.000000 0.000000 0.000000 0.000000 1.000000
0.999972 -0.001256 -0.007318 0.000000 0.000493 0.994644 -0.103362 14.683000 0.007408 0.103355 0.994617 0.000000 0.000000 0.000000 0.000000 1.000000</float_array><technique_common><accessor source="#mixamorig1_Neck-Matrix-animation-output-transform-array" count="36" stride="16"><param type="float4x4"/></accessor></technique_common></source><source id="mixamorig1_Neck-Interpolations"><Name_array id="mixamorig1_Neck-Interpolations-array" count="36">
 LINEAR LINEAR LINEAR LINEAR LINEAR LINEAR LINEAR LINEAR LINEAR LINEAR LINEAR
LINEAR LINEAR LINEAR LINEAR LINEAR LINEAR LINEAR LINEAR LINEAR LINEAR LINEAR LINEAR
LINEAR LINEAR LINEAR LINEAR LINEAR LINEAR LINEAR LINEAR LINEAR LINEAR LINEAR LINEAR
LINEAR</Name_array><technique_common><accessor source="#mixamorig1_Neck-Interpolations-array" count="36"><param type="name"/></accessor></technique_common></source><sampler id="mixamorig1_Neck-Matrix-animation-transform"><input semantic="INPUT" source="#mixamorig1_Neck-Matrix-animation-input"/><input semantic="OUTPUT" source="#mixamorig1_Neck-Matrix-animation-output-transform"/><input semantic="INTERPOLATION" source="#mixamorig1_Neck-Interpolations"/></sampler><channel source="#mixamorig1_Neck-Matrix-animation-transform" target="mixamorig1_Neck/matrix"/></animation>
    <animation id="mixamorig1_Head-anim" name="mixamorig1_Head"><source id="mixamorig1_Head-Matrix-animation-input"><float_array id="mixamorig1_Head-Matrix-animation-input-array" count="36">

0.000000 0.033333 0.066667 0.100000 0.133333 0.166667 0.200000 0.233333 0.266667 0.300000 0.333333 0.366667 0.400000 0.433333 0.466667 0.500000
0.533333 0.566667 0.600000 0.633333 0.666667 0.700000 0.733333 0.766667 0.800000 0.833333 0.866667 0.900000 0.933333 0.966667 1.000000 1.033333
1.066667 1.100000 1.133333 1.166667</float_array><technique_common><accessor source="#mixamorig1_Head-Matrix-animation-input-array" count="36"><param name="TIME" type="float"/></accessor></technique_common></source><source id="mixamorig1_Head-Matrix-animation-output-transform"><float_array id="mixamorig1_Head-Matrix-animation-output-transform-array" count="576">

0.999972 -0.001322 -0.007335 -0.000000 0.001449 0.999849 0.017304 6.720200 0.007311 -0.017315 0.999823 1.972200 0.000000 0.000000 0.000000 1.000000
0.999963 -0.000881 -0.008578 0.000000 0.001035 0.999839 0.017906 6.720200 0.008560 -0.017915 0.999803 1.972200 0.000000 0.000000 0.000000 1.000000
0.999959 -0.000094 -0.009073 -0.000000 0.000270 0.999812 0.019386 6.720200 0.009069 -0.019388 0.999771 1.972200 0.000000 0.000000 0.000000 1.000000
0.999951 0.000312 -0.009850 0.000000 -0.000106 0.999783 0.020852 6.720200 0.009854 -0.020850 0.999734 1.972200 0.000000 0.000000 0.000000 1.000000
0.999941 -0.000791 -0.010861 0.000000 0.001033 0.999751 0.022280 6.720200 0.010840 -0.022289 0.999693 1.972200 0.000000 0.000000 0.000000 1.000000
0.999920 -0.002092 -0.012456 0.000000 0.002382 0.999725 0.023327 6.720200 0.012404 -0.023355 0.999650 1.972200 0.000000 0.000000 0.000000 1.000000
0.999894 -0.003341 -0.014152 -0.000000 0.003696 0.999677 0.025159 6.720200 0.014063 -0.025209 0.999583 1.972200 0.000000 0.000000 0.000000 1.000000
0.999879 -0.003506 -0.015178 0.000000 0.003919 0.999622 0.027226 6.720200 0.015077 -0.027283 0.999514 1.972200 0.000000 0.000000 0.000000 1.000000
0.999867 -0.003323 -0.015970 0.000000 0.003771 0.999598 0.028113 6.720200 0.015870 -0.028170 0.999477 1.972200 0.000000 0.000000 0.000000 1.000000
0.999861 -0.003033 -0.016409 0.000000 0.003497 0.999593 0.028330 6.720200 0.016317 -0.028383 0.999464 1.972200 0.000000 0.000000 0.000000 1.000000
0.999869 -0.001864 -0.016049 -0.000000 0.002332 0.999570 0.029213 6.720200 0.015988 -0.029247 0.999444 1.972200 0.000000 0.000000 0.000000 1.000000
0.999891 -0.000253 -0.014795 -0.000000 0.000694 0.999557 0.029763 6.720200 0.014781 -0.029770 0.999447 1.972200 0.000000 0.000000 0.000000 1.000000
0.999921 0.001852 -0.012438 -0.000000 -0.001501 0.999601 0.028217 6.720200 0.012485 -0.028196 0.999524 1.972200 0.000000 0.000000 0.000000 1.000000
